c instance by G2
c solution = 0001111011010001110010011100111001000
c Known solution cost is 8851 
p cnf 37 50
w 361 263 446 101 461 318 384 441 232 318 393 127 232 115 181 138 88 447 16 189 323 304 159 7 467 88 174 208 229 21 44 416 382 233 301 0 244
-12 -4 24 0
-4 10 14 0
-9 29 15 0
13 -27 32 0
27 9 -5 0
37 36 -11 0
28 36 -35 0
-22 -29 -17 0
-8 -29 20 0
-31 14 5 0
-6 -33 -36 0
-12 31 -9 0
2 18 33 0
11 2 -33 0
-12 -24 -20 0
-7 -15 14 0
21 -36 -33 0
-4 32 -27 0
-1 -6 -5 0
-21 3 -13 0
33 -18 -8 0
36 26 27 0
-18 20 -14 0
7 32 -31 0
-37 22 -31 0
5 36 34 0
-16 33 -28 0
25 22 20 0
-21 -26 12 0
-3 -34 -18 0
-29 -37 -19 0
36 17 -34 0
12 14 -24 0
7 16 19 0
3 34 -18 0
33 -36 29 0
37 -4 -23 0
35 6 -7 0
36 -2 -10 0
-37 33 -7 0
-18 26 34 0
20 15 16 0
28 33 4 0
20 22 21 0
19 2 -32 0
-13 37 2 0
19 -36 -21 0
30 11 -31 0
20 11 -19 0
-2 33 11 0
