c instance by G2
c solution = 0001000010010111111000000011111111010
c Known solution cost is 8927 
p cnf 37 50
w 299 75 291 398 450 300 63 458 323 57 157 58 293 52 190 13 345 194 324 178 408 396 42 429 213 483 484 144 146 139 350 95 136 348 193 33 370
-32 4 -19 0
-19 -36 -10 0
-30 -31 -7 0
-32 -1 35 0
-24 19 15 0
35 -23 25 0
-32 -14 28 0
-35 29 -28 0
-14 -25 24 0
-33 -37 10 0
30 16 -34 0
-30 10 14 0
-9 -24 20 0
13 35 -20 0
5 18 20 0
16 -28 -4 0
-31 -35 -23 0
30 6 19 0
17 37 24 0
-13 -32 10 0
8 -17 29 0
23 -21 -31 0
25 34 10 0
33 -18 -32 0
-15 3 -2 0
25 29 -34 0
-9 35 32 0
-33 -36 9 0
31 30 -23 0
-25 31 -13 0
31 35 10 0
35 6 -3 0
-12 15 37 0
-12 -11 7 0
10 -14 -35 0
12 -15 -34 0
-18 36 -33 0
-37 -31 35 0
-4 19 -31 0
-14 30 26 0
11 -23 -12 0
2 -22 1 0
-8 25 24 0
-37 13 -7 0
-14 -11 -18 0
-36 24 29 0
35 -6 -14 0
-28 27 1 0
-12 -26 -27 0
-5 3 -9 0
