c instance by G2
c solution = 0001010011101101100001110111100000001
c Known solution cost is 9049 
p cnf 37 50
w 328 101 223 262 424 326 278 476 33 301 253 364 109 9 143 262 331 420 62 182 345 363 271 356 116 124 186 205 199 100 452 302 59 262 430 3 389
-25 -20 -27 0
-23 13 -29 0
9 -7 -36 0
-32 -29 -27 0
26 -3 20 0
7 -18 -5 0
-16 -35 -28 0
-30 18 8 0
-21 1 12 0
33 -8 -4 0
25 -12 -22 0
35 -16 37 0
-33 25 19 0
15 -30 1 0
-22 5 28 0
15 -22 -19 0
20 -29 17 0
20 -36 34 0
6 32 35 0
-12 21 5 0
-36 1 -37 0
11 30 21 0
-20 25 36 0
-24 -8 27 0
9 -26 -17 0
35 31 4 0
-31 -9 -17 0
-28 25 -2 0
-27 15 -34 0
33 -1 12 0
-37 26 -10 0
15 -14 -7 0
-18 -9 15 0
5 13 24 0
-19 33 -34 0
25 11 -37 0
19 23 -14 0
14 -13 -11 0
12 2 27 0
31 12 -3 0
-6 10 18 0
24 -28 21 0
-29 1 16 0
36 -9 29 0
32 -4 -15 0
12 8 -5 0
9 -11 37 0
-25 15 31 0
35 32 22 0
28 33 -11 0
