c instance by G2
c solution = 1100110001010111111110010000010101010
c Known solution cost is 10284 
p cnf 37 50
w 274 444 327 226 384 289 376 107 361 446 89 350 95 258 368 258 478 135 205 420 13 367 392 93 199 353 31 462 9 459 491 473 57 445 323 179 48
-30 -23 29 0
-21 -22 28 0
34 6 -22 0
-14 -9 -19 0
-31 11 -1 0
26 -27 -2 0
37 -1 -29 0
7 16 28 0
-30 -19 15 0
-24 -35 -12 0
13 -4 22 0
-30 -37 -1 0
-21 24 -2 0
30 -34 33 0
-30 -26 32 0
1 9 -6 0
35 36 27 0
-13 -1 21 0
22 -32 20 0
-19 -5 18 0
-3 14 -29 0
-30 27 -9 0
2 -16 22 0
7 27 -28 0
10 -12 -20 0
-25 -18 -19 0
33 19 -15 0
-19 -34 -22 0
29 -14 -3 0
20 29 27 0
-7 -20 22 0
3 17 -14 0
-16 -4 26 0
11 -34 6 0
11 14 23 0
5 -20 -30 0
-33 -15 7 0
24 -31 -14 0
21 -17 11 0
8 18 -31 0
-20 -36 12 0
-8 -21 -24 0
-26 22 -21 0
15 -13 -29 0
-2 34 4 0
20 14 15 0
-20 23 -11 0
12 13 -2 0
-1 26 -13 0
33 25 32 0
