c instance by G2
c solution = 0000001111011111100001101011111010110
c Known solution cost is 9949 
p cnf 37 50
w 444 11 81 197 31 126 325 425 134 125 468 157 479 192 406 342 412 114 198 355 218 280 41 78 495 140 162 169 366 498 337 227 474 476 346 359 261
-10 -4 2 0
-10 -35 -34 0
20 6 -19 0
7 -26 -29 0
29 -27 1 0
-15 -22 27 0
-35 -15 -6 0
14 18 32 0
-8 -29 35 0
-5 12 -7 0
-9 35 -10 0
-8 -31 13 0
-8 -11 -10 0
-12 20 -3 0
-10 -18 -31 0
9 -21 29 0
9 3 6 0
11 -7 -32 0
-33 -30 -2 0
22 14 -4 0
-30 -1 -33 0
25 -3 -31 0
17 -13 24 0
-22 20 28 0
-31 18 22 0
-37 4 -36 0
-15 -13 36 0
11 -34 26 0
26 24 10 0
11 -28 25 0
26 30 3 0
12 -8 19 0
16 2 3 0
18 36 -8 0
8 34 -10 0
-12 7 2 0
2 20 33 0
-20 24 -29 0
-24 4 37 0
31 5 -35 0
-5 -27 11 0
2 -37 -8 0
22 30 -2 0
-36 19 -11 0
-36 34 15 0
-26 6 -29 0
37 32 -21 0
-26 -30 -9 0
21 6 10 0
23 -13 -28 0
