c instance by G2
c solution = 0000010001011010011111011100001001110
c Known solution cost is 10270 
p cnf 37 50
w 36 445 182 434 34 111 114 280 403 350 8 190 323 118 142 364 450 408 494 402 317 24 235 239 311 341 214 57 463 361 145 410 400 471 495 430 69
2 20 -13 0
-22 5 -1 0
5 10 -19 0
-33 34 -8 0
13 -26 17 0
36 33 30 0
23 37 -27 0
-17 29 -24 0
19 -36 -18 0
-10 26 17 0
22 9 5 0
23 -4 32 0
8 -12 -29 0
29 -1 27 0
7 -17 9 0
-2 32 3 0
-9 -12 -15 0
-12 -32 -35 0
-28 37 -36 0
-3 -35 -14 0
37 -4 8 0
11 30 6 0
-18 -11 14 0
-8 23 2 0
12 33 -34 0
4 -26 -14 0
-3 -12 -25 0
-22 34 -10 0
1 30 -5 0
-21 17 -9 0
9 -30 -34 0
36 32 -13 0
-18 15 17 0
24 2 1 0
-19 -31 25 0
-25 -18 -33 0
31 11 32 0
-25 30 -37 0
-15 3 22 0
5 -29 36 0
15 -2 19 0
-13 1 -16 0
-31 37 18 0
28 17 31 0
-23 4 1 0
-31 21 8 0
20 -4 -15 0
-36 -12 13 0
8 -18 -7 0
30 2 35 0
