c instance by G2
c solution = 1001010111100100010100111110010110100
c Known solution cost is 8935 
p cnf 37 50
w 491 331 184 470 365 89 440 19 5 472 91 12 133 422 52 112 196 223 440 104 85 393 197 459 468 467 139 302 86 275 280 2 359 89 340 245 98
-28 29 -18 0
-4 -31 -30 0
-31 -17 -5 0
-7 -4 -24 0
5 6 -35 0
-15 18 16 0
15 25 -32 0
17 -34 -18 0
37 19 27 0
30 -4 8 0
-16 12 21 0
12 -8 -21 0
-8 28 -19 0
-28 -18 19 0
-25 14 37 0
15 32 16 0
5 1 -35 0
-5 -35 15 0
37 31 33 0
-34 -5 1 0
-6 20 -10 0
-27 19 -29 0
-32 11 13 0
27 -2 -13 0
-8 13 -36 0
-6 -31 -19 0
34 -2 -20 0
8 31 16 0
-10 3 -28 0
31 35 -6 0
23 -10 28 0
-14 18 -32 0
-22 29 12 0
36 -26 -12 0
-23 -13 -18 0
9 15 36 0
34 3 24 0
19 -17 -30 0
-8 28 -37 0
-11 -15 7 0
-18 3 26 0
16 11 13 0
-23 -24 -3 0
30 -32 -8 0
3 37 18 0
-14 8 32 0
21 -24 -22 0
30 36 37 0
28 17 10 0
4 -10 -8 0
