c instance by G2
c solution = 1001101000110011010101011111110101111
c Known solution cost is 9151 
p cnf 37 50
w 306 255 497 97 411 12 485 347 112 155 467 313 137 316 222 61 477 186 281 11 444 228 64 136 416 271 160 55 434 85 134 250 39 396 473 333 85
-32 -9 -26 0
11 -35 6 0
30 17 14 0
-20 27 -1 0
4 -31 33 0
-20 2 28 0
-36 31 15 0
-9 -36 13 0
31 26 -37 0
21 36 -22 0
-37 33 1 0
24 19 -28 0
-30 27 21 0
35 -1 -36 0
-4 6 -14 0
-31 -33 -16 0
36 29 5 0
-13 28 18 0
-27 22 -12 0
16 -1 -20 0
-34 37 -32 0
3 18 33 0
-14 -33 22 0
7 10 6 0
-35 -32 -10 0
-6 33 15 0
20 -5 -4 0
19 34 -28 0
-27 -21 8 0
29 3 19 0
13 -3 21 0
-31 -12 -18 0
19 4 14 0
3 -15 12 0
-30 -2 -25 0
21 22 -8 0
-6 -1 -26 0
-11 -4 26 0
5 31 -24 0
-26 9 -19 0
-26 -32 36 0
25 17 -24 0
-4 22 29 0
3 16 11 0
-17 -36 13 0
-26 -36 -13 0
-20 -36 32 0
-7 -26 -23 0
-18 -12 -33 0
-8 -25 -36 0
