c instance by G2
c solution = 0111000101000110101011011110000000000
c Known solution cost is 8886 
p cnf 37 50
w 340 133 124 297 237 169 175 334 157 305 74 33 256 128 86 39 346 121 472 330 72 498 344 142 320 445 438 168 350 241 212 391 154 100 102 379 374
-22 -37 31 0
1 -33 -13 0
29 24 -19 0
16 -6 -22 0
10 36 -3 0
35 -10 21 0
8 28 13 0
-23 15 27 0
22 -21 30 0
-14 36 -13 0
-17 -32 16 0
-17 20 -13 0
25 1 36 0
9 -23 2 0
-25 -15 -23 0
36 35 4 0
-15 9 14 0
37 22 35 0
-14 15 30 0
32 -8 -7 0
28 -18 -22 0
28 31 17 0
-13 24 1 0
-5 -3 35 0
-34 -13 -32 0
-1 33 16 0
-31 18 28 0
-24 -3 -11 0
12 26 9 0
-22 8 10 0
32 -29 9 0
-9 33 35 0
-6 -32 -29 0
8 -5 -24 0
32 5 -12 0
5 -34 36 0
-13 -18 -11 0
-28 -22 20 0
-27 -8 -34 0
23 2 -4 0
30 -20 -8 0
-30 35 -26 0
37 -8 3 0
33 9 27 0
13 34 -16 0
19 -27 -17 0
13 -21 -33 0
6 -36 32 0
-29 7 -15 0
9 33 -35 0
