c instance by G2
c solution = 1101100100001000000101000110011000011
c Known solution cost is 9161 
p cnf 37 50
w 218 230 55 331 211 454 45 473 212 301 54 266 231 98 13 28 348 449 272 459 345 427 345 91 115 1 127 442 359 455 44 124 406 415 84 455 178
3 36 16 0
16 -7 31 0
18 1 19 0
-5 4 -30 0
-31 -37 -17 0
32 34 -6 0
35 -3 -13 0
20 -36 11 0
33 -15 34 0
13 -12 25 0
22 -20 -2 0
6 -27 8 0
1 -28 -24 0
-20 -13 -9 0
-14 10 12 0
-30 -35 -22 0
-30 -28 -27 0
-2 24 -19 0
-11 -25 -18 0
17 35 5 0
-26 -21 29 0
37 32 19 0
-26 -22 31 0
32 3 13 0
-20 32 -7 0
24 -34 16 0
10 9 13 0
3 -18 -27 0
25 -24 32 0
23 -13 -11 0
-8 7 -29 0
-27 -32 25 0
-4 33 30 0
-16 32 15 0
-33 34 29 0
2 -5 18 0
-25 3 -22 0
-26 -37 -19 0
-31 29 -17 0
-12 24 6 0
25 27 19 0
26 -30 23 0
35 -23 21 0
-10 33 -36 0
36 -34 -11 0
-1 -14 -4 0
24 27 10 0
12 37 33 0
-37 14 -6 0
-6 -31 -20 0
