c instance by G2
c solution = 1001100111101101111001110001100101010
c Known solution cost is 9801 
p cnf 37 50
w 332 374 199 88 180 24 157 187 448 81 489 351 218 492 26 395 191 434 204 75 484 373 469 401 286 130 206 192 60 427 27 202 406 362 225 279 327
5 -1 -28 0
10 -6 18 0
-17 20 -15 0
27 4 -34 0
30 -33 2 0
3 -8 -2 0
12 -13 -27 0
21 -36 23 0
-14 29 -11 0
-9 -3 -13 0
20 -23 24 0
36 -14 20 0
30 -12 -19 0
7 -13 32 0
-4 -10 -35 0
11 -34 -17 0
-24 1 -29 0
3 -25 31 0
-22 -37 -19 0
-34 -36 -25 0
-14 30 28 0
3 -8 18 0
-5 10 22 0
34 7 26 0
-26 -29 -1 0
-29 37 19 0
-1 -18 22 0
8 -14 -32 0
37 -31 -1 0
26 9 -34 0
-36 -17 14 0
3 13 26 0
-17 -16 -3 0
1 -23 -17 0
-23 16 -28 0
25 -31 -4 0
3 7 36 0
17 -23 31 0
31 5 27 0
33 21 -30 0
-8 10 27 0
-14 -20 12 0
12 34 -28 0
17 -21 12 0
17 31 -19 0
-23 -7 -29 0
-16 -6 20 0
33 -13 -21 0
-14 26 -12 0
37 -10 18 0
