c instance by G2
c solution = 1000000001111111101001100110010000101
c Known solution cost is 10512 
p cnf 37 50
w 469 442 56 360 62 479 262 14 59 351 230 364 94 134 354 206 235 353 405 193 281 488 482 194 161 451 165 397 415 449 340 196 413 359 200 216 183
22 36 2 0
-33 -3 34 0
4 -37 -9 0
-13 -2 -23 0
-35 9 27 0
-14 31 -5 0
-15 34 10 0
-34 -13 -19 0
-32 -12 31 0
28 1 -12 0
37 -17 -32 0
35 18 9 0
-15 36 -33 0
-25 -19 18 0
20 -19 13 0
16 8 -11 0
33 24 -9 0
-16 -31 -35 0
10 -14 -35 0
26 5 -19 0
-22 17 33 0
-24 32 21 0
-37 -30 19 0
-28 31 8 0
37 -11 -1 0
34 -1 23 0
22 28 -11 0
15 -9 19 0
-14 12 -30 0
-8 -37 -15 0
-10 19 -16 0
-18 -35 32 0
-7 36 8 0
-15 -2 -28 0
-19 -21 22 0
9 -1 -4 0
32 21 30 0
-1 -3 2 0
15 2 6 0
-12 -21 -37 0
6 25 -20 0
-18 20 -11 0
1 2 11 0
20 14 -19 0
12 20 -19 0
-3 -28 -23 0
-36 7 -22 0
-6 7 -26 0
11 29 25 0
-29 5 -13 0
