c instance by G2
c solution = 0000000011100111010111000111100000110
c Known solution cost is 8878 
p cnf 37 50
w 366 14 138 263 54 223 464 432 351 130 104 173 78 161 207 378 288 251 346 153 225 223 453 94 433 34 482 478 437 1 277 160 393 120 154 247 93
-29 34 -12 0
16 -21 6 0
24 23 22 0
11 16 -4 0
-29 8 28 0
30 20 -22 0
6 -37 -31 0
-10 -22 -6 0
-1 31 -26 0
28 2 32 0
25 -34 -26 0
-24 3 -11 0
34 18 -27 0
31 -21 14 0
-22 3 11 0
-17 -15 7 0
13 29 -20 0
-20 26 -18 0
-30 13 37 0
35 37 18 0
-36 -27 -1 0
23 34 15 0
1 -5 24 0
-31 -29 -26 0
8 -23 -14 0
-10 34 -13 0
-19 -18 17 0
21 -22 -13 0
33 5 35 0
12 -28 -8 0
27 3 -21 0
-35 -36 9 0
37 -34 -32 0
10 6 1 0
-33 -23 31 0
-4 13 -15 0
-3 13 -11 0
-22 -9 -25 0
-33 32 5 0
21 17 6 0
-34 31 -21 0
21 8 -15 0
-7 3 -27 0
13 4 22 0
-6 27 -3 0
-27 20 6 0
23 31 36 0
12 8 -2 0
-21 12 -37 0
-16 8 -32 0
