c instance by G2
c solution = 1111101100000000110111101111001110111
c Known solution cost is 10192 
p cnf 37 50
w 361 474 212 152 292 39 87 337 233 462 426 349 351 18 402 73 285 244 216 288 303 296 269 347 480 64 241 393 74 432 253 486 244 311 468 217 13
29 -16 -8 0
-20 -35 18 0
21 14 -17 0
-4 11 -15 0
-31 1 -17 0
15 23 24 0
-31 12 8 0
-1 35 -32 0
29 16 33 0
23 -15 19 0
-37 12 -11 0
-20 -30 -27 0
32 14 -4 0
-10 8 -3 0
9 -3 21 0
-1 31 -2 0
17 -14 -11 0
-10 -25 -23 0
10 7 35 0
7 -5 10 0
-32 36 -22 0
-12 29 -37 0
14 3 -8 0
34 -17 27 0
-27 16 -6 0
8 -19 23 0
16 5 -31 0
-7 -5 25 0
4 -33 -22 0
33 -35 11 0
-11 -28 -13 0
-33 -13 10 0
-8 -5 -14 0
-37 19 17 0
35 14 -36 0
-8 9 2 0
-9 -27 -26 0
-17 26 -21 0
30 -18 22 0
-34 -27 -7 0
1 22 -24 0
-29 -33 -32 0
4 3 -9 0
-22 1 -11 0
-17 28 6 0
-26 -36 -24 0
-22 15 -19 0
15 -26 37 0
-10 -27 -7 0
-4 20 -31 0
