c instance by G2
c solution = 0011001100100011001100110110110111001
c Known solution cost is 9019 
p cnf 37 50
w 316 337 355 330 242 480 381 197 385 39 22 272 3 489 419 192 276 298 298 442 164 222 46 103 214 209 77 358 35 290 61 337 45 271 272 66 476
-5 1 -34 0
18 5 24 0
22 29 35 0
-3 -23 -10 0
-23 15 36 0
-26 9 24 0
-16 -2 9 0
-19 13 -1 0
-3 -6 -1 0
10 -25 -15 0
-8 -20 32 0
17 -15 20 0
31 -6 35 0
-15 -7 11 0
-22 -4 36 0
-6 -26 -8 0
31 -14 -24 0
-35 -32 17 0
-32 -25 -18 0
34 -15 36 0
1 11 23 0
17 35 37 0
-33 16 -29 0
22 4 -19 0
-36 -16 -32 0
3 -26 27 0
5 -16 -12 0
12 21 -9 0
-27 -11 19 0
18 26 -6 0
36 -31 -27 0
-27 37 2 0
-16 -7 -17 0
-25 16 -17 0
23 17 10 0
12 -2 -16 0
-28 2 -11 0
-33 2 8 0
36 30 -24 0
-13 -16 -23 0
22 17 27 0
-16 -24 -21 0
-18 21 -3 0
26 -8 22 0
-17 -19 -25 0
33 -19 14 0
-7 3 25 0
2 20 31 0
35 -31 -22 0
21 7 -16 0
