c instance by G2
c solution = 00111101110011100111110001010000101
c Known solution cost is 8638 
p cnf 35 50
w 484 195 487 478 201 161 11 105 152 281 75 67 400 342 286 185 36 329 407 476 228 286 309 424 365 106 490 35 432 372 112 15 182 33 91
-20 -3 14 0
-16 -34 -4 0
33 1 16 0
-18 -29 16 0
24 -31 15 0
-9 -1 -4 0
-21 8 11 0
17 19 -11 0
14 -18 -35 0
1 29 -12 0
9 7 2 0
-7 -32 31 0
1 15 12 0
35 25 9 0
-31 30 34 0
2 -8 -27 0
-15 -14 21 0
25 9 7 0
13 -15 -14 0
-9 34 22 0
16 22 11 0
-20 12 26 0
5 -33 12 0
-23 25 34 0
1 34 20 0
-16 7 -6 0
-25 16 -22 0
28 -22 -14 0
2 20 24 0
-30 17 4 0
12 -34 23 0
-10 -28 -17 0
19 -3 29 0
-30 27 -33 0
28 -15 -14 0
-7 16 1 0
21 -33 25 0
10 24 31 0
-10 -28 -11 0
-3 30 18 0
34 -2 -21 0
-21 -25 15 0
34 3 24 0
-8 -12 32 0
-26 6 27 0
11 -10 -32 0
11 17 35 0
17 -24 7 0
-35 13 7 0
-10 -5 4 0
