c instance by G2
c solution = 00101110100010110001111100011100111
c Known solution cost is 8553 
p cnf 35 50
w 32 320 365 325 141 223 109 420 61 306 246 354 142 496 91 382 133 25 400 138 3 315 468 64 457 372 275 108 176 460 490 47 406 76 127
18 4 21 0
-33 22 10 0
2 11 20 0
1 33 -29 0
-11 7 -1 0
-3 -15 35 0
-16 -35 -18 0
-22 32 -2 0
-6 -29 34 0
-29 15 31 0
2 -26 -34 0
13 1 32 0
24 30 -10 0
-24 -8 -34 0
23 8 -24 0
-35 -7 -12 0
26 12 -25 0
14 33 2 0
18 11 -27 0
-10 -35 -5 0
15 25 -3 0
28 -34 26 0
24 10 -23 0
-4 -13 -30 0
-29 9 4 0
-33 31 30 0
27 -28 16 0
12 -5 7 0
14 8 -32 0
-19 -13 -15 0
-28 -8 33 0
16 -7 18 0
32 -31 12 0
-29 8 -17 0
-1 11 14 0
23 -17 -4 0
-34 3 -15 0
-20 -21 15 0
-8 1 -19 0
-3 4 7 0
32 -28 29 0
-28 -35 -19 0
4 26 -11 0
32 -14 31 0
5 -7 -18 0
-24 14 5 0
-19 32 -26 0
-26 -30 -15 0
29 -34 6 0
10 6 -24 0
