c instance by G2
c solution = 11100101010111011100010100010001100
c Known solution cost is 9836 
p cnf 35 50
w 485 346 464 120 174 200 133 452 410 198 391 222 367 226 187 249 271 154 343 456 437 434 189 373 318 130 247 404 179 203 341 398 94 158 83
11 -16 13 0
-32 -19 27 0
-14 -5 -22 0
-14 -20 32 0
-31 -3 11 0
2 -13 -28 0
-12 15 -34 0
26 -9 23 0
-10 -17 24 0
34 -25 13 0
4 3 -8 0
15 -3 16 0
16 14 21 0
-16 22 11 0
-16 12 -8 0
19 29 17 0
24 15 21 0
35 5 -7 0
-3 23 32 0
11 30 -35 0
33 1 -17 0
8 -12 11 0
21 14 -2 0
-8 -34 19 0
-30 -10 19 0
26 -17 -25 0
-15 7 -18 0
19 -26 2 0
-20 30 -22 0
28 7 -22 0
15 -21 -33 0
10 -17 34 0
-29 30 -10 0
19 -12 -26 0
-12 20 -27 0
31 15 -11 0
-3 33 10 0
-29 -30 -18 0
20 19 -23 0
-28 5 2 0
-18 -33 1 0
11 -30 5 0
18 34 -13 0
7 -18 6 0
2 -6 -17 0
-9 -7 -12 0
-4 5 25 0
-14 -13 33 0
-30 14 -1 0
30 -19 -11 0
