c instance by G2
c solution = 01000111110111001000100100101100101
c Known solution cost is 7306 
p cnf 35 50
w 15 363 204 3 333 152 200 75 53 107 111 12 259 239 379 189 44 16 377 398 433 402 277 457 123 14 155 103 20 233 392 135 383 475 175
-25 15 -2 0
3 -16 28 0
-33 -17 -28 0
-6 14 -17 0
10 16 30 0
30 18 4 0
8 1 -2 0
-18 23 -35 0
10 21 -26 0
-31 9 -24 0
7 6 -31 0
27 -24 23 0
-8 22 -16 0
-5 32 19 0
-29 -12 9 0
1 18 -32 0
-20 -27 -13 0
-27 19 9 0
18 -8 6 0
5 35 -12 0
32 -8 -31 0
4 20 -3 0
-31 -2 7 0
24 -27 25 0
4 -30 -11 0
15 31 -34 0
-19 -9 -12 0
33 34 -14 0
7 1 -27 0
-7 -26 34 0
34 10 -8 0
-17 2 -27 0
22 3 13 0
-7 20 -23 0
5 29 -10 0
27 32 19 0
31 -22 -30 0
5 -4 23 0
-10 15 -1 0
-24 -10 27 0
34 -15 1 0
-10 32 29 0
-30 19 17 0
26 -22 -2 0
-27 23 21 0
-7 12 5 0
-20 -31 -5 0
-9 -19 -13 0
34 28 35 0
6 17 -22 0
