c instance by G2
c solution = 00100000100000010010101011010101100
c Known solution cost is 8336 
p cnf 35 50
w 453 348 460 491 361 130 242 404 322 243 46 419 189 76 264 106 320 16 145 1 250 284 321 110 294 18 190 472 434 404 62 88 88 145 140
13 -22 -15 0
19 -26 12 0
-34 2 7 0
-24 -16 27 0
-25 2 32 0
-34 -12 -20 0
-11 12 8 0
5 1 -4 0
11 -20 35 0
-1 29 14 0
26 -25 24 0
-22 17 -33 0
-23 29 9 0
28 35 10 0
11 -2 27 0
-19 -12 -16 0
-15 -30 -25 0
-35 -3 -19 0
-5 27 14 0
16 9 29 0
-34 18 15 0
2 11 21 0
-19 -2 -4 0
-22 13 29 0
32 -21 31 0
15 16 34 0
35 17 -31 0
25 20 8 0
-28 -27 11 0
-23 -11 7 0
-7 -31 22 0
-33 -7 13 0
-19 27 -8 0
27 -29 2 0
-19 -35 25 0
-7 6 26 0
-26 33 -16 0
35 -18 27 0
3 14 35 0
-19 -17 24 0
-13 22 -25 0
-7 -6 -35 0
-25 12 -14 0
-19 11 -10 0
18 30 -16 0
11 -6 -26 0
-33 28 7 0
27 -9 33 0
-26 23 -28 0
-6 16 8 0
