c instance by G2
c solution = 11001111001101001111100100111001101
c Known solution cost is 7510 
p cnf 35 50
w 373 128 66 156 213 134 360 68 269 235 115 8 132 222 414 483 325 124 246 453 433 222 241 488 178 31 190 111 65 397 115 164 200 35 116
26 -13 34 0
4 -3 -7 0
25 11 -28 0
-19 -35 28 0
-14 -30 -24 0
6 -2 -18 0
4 32 6 0
-23 -12 -4 0
-26 29 22 0
-20 -9 -12 0
30 3 20 0
14 7 13 0
14 -7 -17 0
-11 -14 18 0
28 27 12 0
13 -31 21 0
26 -1 17 0
-2 -12 -16 0
9 -26 -21 0
-25 5 -18 0
-1 17 -20 0
32 -2 4 0
16 -15 21 0
-28 2 30 0
7 -9 -13 0
-35 -32 21 0
13 -11 7 0
29 -5 -19 0
-19 -10 22 0
-14 -21 -15 0
-14 -10 -33 0
6 -28 9 0
-29 -15 -2 0
-35 -5 -4 0
-18 6 -27 0
-1 -22 -21 0
-8 13 -31 0
-28 12 16 0
1 23 -6 0
27 -6 -2 0
19 -29 -17 0
33 -5 -24 0
-6 -1 24 0
-14 -25 -17 0
-18 -24 -34 0
-3 20 -5 0
35 -17 15 0
-14 5 22 0
-11 25 8 0
-8 13 -23 0
