c instance by G2
c solution = 00000000101111001110111111101111100
c Known solution cost is 8693 
p cnf 35 50
w 47 245 266 66 212 310 425 491 327 83 16 68 416 118 471 72 382 460 46 206 410 77 175 371 474 429 301 87 248 16 373 38 458 376 133
35 -20 3 0
29 19 23 0
27 15 4 0
24 -12 6 0
-5 34 -32 0
13 -14 -17 0
-21 -30 25 0
-13 -16 1 0
-11 21 -31 0
29 26 22 0
14 -19 28 0
-8 14 9 0
10 32 34 0
16 31 -13 0
-8 -9 -13 0
-1 16 20 0
-30 -4 15 0
-1 21 14 0
-22 26 -11 0
-27 -25 -35 0
7 -25 19 0
-3 1 -33 0
33 -27 7 0
32 1 -24 0
17 -13 -18 0
-31 28 23 0
9 15 28 0
-12 31 21 0
-12 19 -11 0
-9 -13 -6 0
-9 15 -2 0
4 29 -18 0
12 -20 -2 0
-24 -7 -9 0
30 -13 10 0
22 -25 20 0
-14 -34 -12 0
-13 -8 -21 0
15 -28 -13 0
4 -10 1 0
2 -20 1 0
11 -25 34 0
21 -5 -32 0
-29 -21 -15 0
-13 12 -25 0
-33 17 -29 0
-28 -12 -1 0
26 2 11 0
7 -16 2 0
3 -26 18 0
