c instance by G2
c solution = 10000100010101101010100011011111100
c Known solution cost is 9495 
p cnf 35 50
w 329 358 354 13 271 32 80 303 443 435 191 401 489 285 418 233 234 48 354 413 206 170 446 467 182 189 105 417 40 267 245 7 409 342 319
-19 6 33 0
35 23 -18 0
-31 23 32 0
-27 -30 -14 0
-28 -26 -2 0
11 -35 -26 0
-12 -23 9 0
10 -2 22 0
28 -12 -29 0
34 -9 35 0
-5 -12 -33 0
-25 -30 -2 0
-4 -17 -26 0
11 12 7 0
20 11 31 0
-34 19 -3 0
4 -8 -15 0
34 21 16 0
-31 -24 -25 0
8 3 26 0
-21 -19 -16 0
5 8 -11 0
-25 31 8 0
3 6 34 0
-7 -32 27 0
30 27 -21 0
-33 -13 18 0
10 -8 33 0
-34 7 2 0
3 35 14 0
-4 -35 -2 0
-29 20 15 0
11 22 15 0
-35 21 -29 0
-31 -24 -2 0
1 -14 -17 0
-11 -30 4 0
-10 -35 -32 0
23 13 29 0
-10 19 5 0
2 5 -9 0
7 16 -22 0
-10 -3 -26 0
-28 -6 -24 0
10 11 16 0
19 24 -5 0
2 25 16 0
-28 -20 -32 0
-15 17 9 0
33 -21 -32 0
