c instance by G2
c solution = 01001011000000110100011110111111101
c Known solution cost is 8203 
p cnf 35 50
w 162 219 57 77 433 350 219 96 439 251 452 162 196 123 91 249 383 261 265 38 407 356 35 10 472 38 378 169 135 74 496 409 108 243 350
3 35 -30 0
-4 30 7 0
-7 31 -32 0
-1 -8 6 0
6 -19 31 0
19 21 2 0
-10 -18 -7 0
-7 23 26 0
-31 -12 -32 0
8 -2 17 0
-15 -22 -34 0
-32 -29 30 0
29 18 -15 0
-33 34 31 0
-23 16 13 0
21 15 -5 0
4 -14 1 0
26 7 12 0
9 -8 32 0
21 7 25 0
35 1 -32 0
20 -27 -12 0
-16 -26 -17 0
6 -20 23 0
14 -13 -35 0
27 1 17 0
-33 4 -11 0
22 -29 -18 0
-3 -32 26 0
-17 -21 -23 0
-29 5 -25 0
28 -35 4 0
17 -23 -20 0
-26 -2 -16 0
23 -28 -34 0
9 -27 24 0
-28 -24 35 0
-5 -9 -7 0
9 29 1 0
17 18 19 0
33 14 -23 0
6 -7 25 0
1 -17 6 0
-19 -24 -33 0
1 -4 12 0
-26 -28 13 0
-31 17 16 0
-6 -22 -8 0
11 9 15 0
-7 -29 -21 0
