c instance by G2
c solution = 11011101111000110100110010100100011
c Known solution cost is 9887 
p cnf 35 50
w 367 153 188 459 34 408 131 373 359 137 45 390 488 455 450 165 447 94 99 239 491 204 491 181 490 253 136 254 343 497 59 288 131 343 245
-30 -33 32 0
10 -20 -34 0
-20 -5 -27 0
17 -14 -11 0
32 5 26 0
26 -21 35 0
26 -27 -32 0
12 -30 10 0
-5 -19 -27 0
7 21 31 0
22 3 23 0
33 -25 15 0
26 -31 33 0
14 -32 20 0
-12 -1 -6 0
24 -28 -16 0
17 -16 -12 0
4 -6 22 0
21 19 9 0
-7 -6 26 0
4 -19 24 0
12 34 -6 0
-33 -16 32 0
-14 23 8 0
-26 -2 -4 0
-17 33 19 0
-21 1 -12 0
-15 32 30 0
30 -18 29 0
-5 -9 6 0
-9 12 1 0
-27 -22 -3 0
-34 -11 25 0
19 11 1 0
19 23 -20 0
-34 2 29 0
13 7 8 0
3 -4 15 0
23 12 4 0
-21 7 -24 0
-11 9 12 0
10 -35 8 0
29 -9 -33 0
32 11 -27 0
-13 33 20 0
27 26 31 0
-29 13 24 0
18 -21 23 0
-34 16 -6 0
-18 33 -23 0
