c instance by G2
c solution = 11110000011011111000001111110100010
c Known solution cost is 9220 
p cnf 35 50
w 97 222 161 174 100 408 191 74 485 101 285 425 334 34 377 460 136 67 265 370 243 269 280 457 137 435 379 128 13 314 202 216 477 457 447
-29 -26 -17 0
8 30 20 0
-23 20 -22 0
-13 -9 5 0
-27 26 -16 0
-25 14 -1 0
6 -8 27 0
22 6 4 0
-34 -33 -2 0
34 32 -11 0
24 29 -15 0
-13 31 30 0
-31 -11 -34 0
-27 -25 15 0
34 -26 -30 0
34 -1 -4 0
27 -28 32 0
-6 21 -16 0
10 -5 -30 0
25 -11 -4 0
10 8 11 0
33 21 16 0
-7 -34 12 0
5 -7 -16 0
20 -16 1 0
-30 21 -5 0
32 -3 2 0
-1 10 9 0
18 9 3 0
35 12 -20 0
2 5 -13 0
35 -32 -11 0
35 18 -21 0
12 -10 -8 0
25 -29 3 0
-28 -1 -18 0
27 33 9 0
-21 20 -6 0
11 33 -25 0
-32 21 29 0
-7 14 -24 0
17 -3 29 0
-19 -1 33 0
-14 28 24 0
33 -24 13 0
33 -3 -12 0
-14 -24 -35 0
-9 -13 19 0
23 29 -17 0
32 -14 28 0
