c instance by G2
c solution = 11111001010010101101001100000111111
c Known solution cost is 10749 
p cnf 35 50
w 32 216 497 417 405 470 94 246 294 382 365 420 391 155 279 234 322 285 87 451 299 71 380 416 259 87 442 243 283 374 316 403 289 479 366
4 30 34 0
27 -1 4 0
15 -13 -34 0
21 9 -29 0
-4 -15 -27 0
34 22 -17 0
-24 -6 22 0
-33 10 28 0
-16 -1 -35 0
7 14 17 0
-20 13 -3 0
-4 -9 -10 0
-5 -14 10 0
32 -30 -13 0
-34 30 -15 0
26 28 1 0
17 -24 -8 0
-19 -17 25 0
6 -31 33 0
7 17 -1 0
-24 -35 32 0
14 -1 2 0
-10 -7 29 0
-24 9 -14 0
-19 -8 -2 0
18 -5 -24 0
-28 -13 -15 0
-30 19 3 0
-15 18 -5 0
14 12 -22 0
22 -25 -18 0
23 -15 -20 0
28 29 5 0
26 -12 -8 0
-30 -1 31 0
14 -11 -13 0
16 11 35 0
-30 -26 6 0
4 -23 -3 0
20 9 16 0
17 32 31 0
-23 -27 -14 0
-23 -35 8 0
-20 -28 22 0
29 -21 -20 0
-14 25 33 0
-4 -6 -23 0
-15 -19 23 0
-11 19 -27 0
-35 24 11 0
