c instance by G2
c solution = 11111001110110111010011111101010111
c Known solution cost is 10623 
p cnf 35 50
w 304 154 346 353 279 460 218 239 429 441 464 278 4 241 276 172 487 383 336 22 495 227 304 282 353 392 315 68 484 390 336 412 164 333 182
-27 -2 10 0
12 21 20 0
-16 4 -35 0
-33 -8 34 0
14 21 17 0
-9 23 -22 0
-29 16 -10 0
31 -26 -33 0
-10 -21 6 0
-2 20 -14 0
-34 20 9 0
15 -34 -19 0
-26 16 -32 0
-28 27 11 0
35 27 22 0
-10 32 26 0
35 21 -4 0
-31 -2 22 0
-26 3 -25 0
-23 32 34 0
-20 17 35 0
-30 10 4 0
-9 -1 33 0
-32 -10 6 0
25 29 24 0
-25 -19 23 0
-13 5 -10 0
15 -18 -22 0
-34 29 32 0
-4 -35 13 0
17 7 28 0
-8 -33 -7 0
-27 -16 19 0
-25 -30 21 0
24 21 32 0
-3 -4 -6 0
-28 19 13 0
-25 10 -3 0
12 1 -24 0
-29 27 -16 0
25 -8 14 0
-26 -18 -35 0
14 30 34 0
21 -11 -29 0
-9 -31 2 0
-33 -26 -20 0
-9 1 -12 0
34 35 -15 0
-19 -28 11 0
8 -12 28 0
