c instance by G2
c solution = 01100101011011001011111101010010000
c Known solution cost is 7934 
p cnf 35 50
w 378 141 465 346 382 103 337 305 149 29 155 44 66 53 51 381 136 108 440 256 206 74 131 435 219 36 389 200 50 317 236 174 337 498 307
3 -6 -26 0
-13 27 31 0
-24 1 26 0
8 33 23 0
-4 -28 30 0
-10 11 7 0
31 8 -18 0
-29 11 3 0
-25 -12 22 0
-30 -6 -31 0
1 34 2 0
-27 -21 -23 0
19 33 -20 0
-10 31 16 0
30 16 20 0
33 25 -9 0
15 5 -29 0
-21 -17 6 0
16 -13 17 0
-25 34 29 0
7 -26 -5 0
-23 -16 -6 0
5 28 30 0
-31 -10 -33 0
-22 -35 -4 0
12 -18 16 0
-20 -15 -23 0
-27 35 -14 0
-20 23 12 0
-12 16 3 0
-2 -6 -7 0
11 1 -8 0
-22 8 32 0
-34 5 29 0
5 22 29 0
35 -25 5 0
35 -6 -30 0
14 -31 -21 0
-33 29 -20 0
14 7 -19 0
-2 -19 10 0
-35 -3 7 0
-28 -24 21 0
28 -22 12 0
-23 -14 24 0
-32 -26 -22 0
13 -24 -22 0
27 -12 -2 0
21 27 -19 0
-10 -1 27 0
