c instance by G2
c solution = 11010001101101011111111010111110100
c Known solution cost is 9651 
p cnf 35 50
w 495 397 71 338 190 195 40 237 463 65 481 454 71 388 337 431 123 267 145 462 267 454 18 174 479 499 417 28 39 137 245 304 369 187 384
28 -11 -34 0
7 -32 16 0
5 8 -1 0
-10 -9 -33 0
-1 28 -2 0
-11 18 -28 0
35 -14 -3 0
-14 11 7 0
15 17 -14 0
-23 12 10 0
-25 -30 29 0
7 -27 -26 0
28 -3 20 0
-30 -32 -12 0
-14 -24 -25 0
32 16 -12 0
-1 33 -16 0
-21 -31 1 0
-5 -16 14 0
-8 9 -6 0
-23 -30 -6 0
14 -16 -18 0
7 -26 -9 0
28 -14 -12 0
-33 -17 -26 0
-20 24 -34 0
25 35 -3 0
26 19 -21 0
-8 30 -19 0
-29 -8 20 0
-18 -5 -19 0
-22 9 -14 0
31 7 -1 0
22 -8 6 0
7 28 -20 0
-15 3 -19 0
8 -29 19 0
26 -28 -35 0
21 35 -30 0
13 -18 27 0
-7 -8 34 0
-11 26 2 0
34 -13 35 0
24 -22 25 0
30 21 9 0
14 5 33 0
-26 -9 21 0
23 -2 26 0
25 12 27 0
-17 -8 4 0
