c instance by G2
c solution = 00110010100101000111100100011011100
c Known solution cost is 7791 
p cnf 35 50
w 168 344 44 396 119 64 169 95 30 304 228 217 365 39 485 498 46 222 87 233 278 202 358 87 25 198 454 218 211 221 293 403 160 115 415
3 -31 11 0
32 25 16 0
9 2 35 0
-8 34 14 0
-20 4 35 0
19 21 -35 0
-10 -32 -14 0
18 17 -11 0
17 -20 -30 0
-20 13 -15 0
4 -34 3 0
33 13 8 0
18 -6 27 0
-14 -18 24 0
-17 30 -4 0
14 -18 1 0
-3 30 -25 0
-20 7 22 0
-1 -13 -31 0
-11 4 10 0
-32 -8 1 0
-19 17 31 0
-19 11 9 0
-4 15 -23 0
12 -7 -3 0
30 -17 -4 0
-24 26 7 0
-2 5 15 0
-17 -33 20 0
35 21 26 0
2 20 27 0
23 26 -34 0
-29 -31 -11 0
35 25 -27 0
-16 -24 -29 0
10 -28 -6 0
8 22 29 0
30 -22 -32 0
35 -9 28 0
10 26 18 0
12 -1 28 0
-1 11 6 0
-3 -5 26 0
21 -29 -7 0
13 -9 -35 0
-9 -28 -26 0
34 -19 -23 0
-5 -35 -12 0
-28 1 19 0
-13 11 23 0
