c instance by G2
c solution = 11100101000010010101111101110110000
c Known solution cost is 9722 
p cnf 35 50
w 174 371 207 461 253 107 453 30 297 437 228 359 218 482 213 139 423 161 401 29 201 320 446 354 368 154 302 289 353 190 377 218 163 381 163
-34 -1 -29 0
-21 27 -16 0
6 4 -23 0
-8 28 12 0
-34 1 -7 0
-18 -28 -19 0
10 -5 -34 0
-4 -26 -16 0
4 -25 12 0
-18 -35 -22 0
34 -29 -2 0
1 4 5 0
-2 -3 -15 0
-16 31 1 0
9 -20 3 0
-1 23 34 0
-20 25 -14 0
-9 -30 25 0
-7 10 5 0
31 -22 7 0
-33 28 -25 0
11 13 19 0
-30 7 26 0
33 -5 -6 0
22 -23 35 0
-22 25 26 0
21 17 11 0
-33 -8 32 0
18 8 -5 0
19 5 2 0
-11 -2 -7 0
-24 18 11 0
-11 -13 25 0
24 33 -3 0
-13 22 8 0
-12 -6 -20 0
-10 -6 -1 0
15 7 -34 0
4 31 -14 0
-29 5 -30 0
-13 -6 20 0
-12 -13 32 0
-31 -17 -21 0
30 -27 -18 0
8 17 -23 0
16 17 14 0
23 2 -3 0
12 -28 -32 0
-14 -11 18 0
-25 5 34 0
