c instance by G2
c solution = 00001010001011001110110010101101011
c Known solution cost is 9446 
p cnf 35 50
w 408 157 377 202 174 196 176 434 308 413 304 438 429 19 311 355 304 192 18 368 208 422 206 440 185 260 300 320 258 274 14 321 115 484 56
-1 -20 25 0
-34 -7 -8 0
-27 -17 -2 0
-12 -32 -27 0
30 34 27 0
-10 31 8 0
3 -13 22 0
14 -32 6 0
7 -30 31 0
-33 26 -35 0
-1 -35 8 0
17 -10 29 0
-31 5 -10 0
-22 -24 9 0
-14 5 -20 0
-27 -28 -11 0
-30 -24 -29 0
35 -32 -13 0
20 -31 3 0
23 -15 -7 0
16 32 -35 0
26 35 8 0
12 30 -27 0
-5 23 17 0
33 -7 29 0
8 5 -19 0
34 8 -25 0
19 -27 4 0
4 -16 -24 0
10 -25 18 0
7 25 -21 0
33 6 11 0
8 -22 27 0
-4 12 -18 0
3 -7 -1 0
21 -15 13 0
15 13 -5 0
-32 -30 21 0
10 -3 -27 0
-31 25 -27 0
-19 -20 16 0
-12 17 6 0
31 -6 4 0
12 -9 -11 0
-19 -26 33 0
27 -11 -3 0
-16 -5 -19 0
-19 25 -11 0
-32 -23 8 0
30 -3 21 0
