c instance by G2
c solution = 11011010001010011010000011000101101
c Known solution cost is 9343 
p cnf 35 50
w 280 98 173 105 157 265 458 120 146 139 485 391 292 309 418 281 117 178 224 451 2 94 355 310 479 277 94 341 311 252 370 171 440 442 318
-33 30 -21 0
-28 -13 -33 0
-34 29 18 0
-2 -18 27 0
8 -33 13 0
-11 33 12 0
-23 -5 -1 0
-11 -7 2 0
25 24 -30 0
22 -7 -27 0
19 30 15 0
8 17 -35 0
-35 23 -31 0
-12 -35 31 0
-22 -32 2 0
21 -30 11 0
32 14 -11 0
-9 12 -1 0
-13 -30 17 0
14 -24 -16 0
-22 23 24 0
5 -11 -33 0
23 -13 -15 0
-17 22 -29 0
10 -14 -30 0
31 22 35 0
7 21 -4 0
-11 29 -10 0
11 28 -21 0
29 27 -3 0
-17 -1 -6 0
15 -11 -21 0
19 6 12 0
26 -11 -2 0
6 30 29 0
-3 -27 -2 0
-2 3 16 0
4 29 -19 0
-20 -33 -26 0
-16 1 -5 0
7 21 20 0
-23 -5 -6 0
-7 26 21 0
31 -35 -27 0
-6 -32 18 0
-8 18 9 0
-32 -22 -33 0
-33 18 -28 0
-6 2 8 0
22 -23 -15 0
