c instance by G2
c solution = 00101010000111000110000010001110110
c Known solution cost is 6928 
p cnf 35 50
w 463 112 211 77 219 389 180 40 15 345 167 42 95 272 326 222 276 244 464 221 268 135 5 16 364 131 383 13 132 389 29 109 29 73 472
-26 -13 -7 0
31 26 -7 0
-25 -9 -20 0
9 -6 -5 0
-30 5 18 0
26 -34 -4 0
24 9 5 0
-22 -33 -13 0
23 6 -10 0
6 -15 -31 0
-32 -14 -33 0
20 -2 -25 0
12 -18 8 0
22 -21 4 0
-22 -8 13 0
-8 -32 19 0
29 17 19 0
-7 -24 -29 0
-11 32 9 0
28 19 32 0
-10 22 12 0
34 4 15 0
28 6 18 0
-9 34 33 0
26 -15 5 0
1 22 -16 0
22 -9 6 0
20 -25 -21 0
1 -4 -23 0
6 -18 30 0
8 -29 -27 0
-24 5 -18 0
-23 -3 10 0
3 12 26 0
26 -28 -30 0
-5 -20 22 0
15 3 9 0
-8 31 7 0
-12 33 -18 0
2 32 -8 0
7 -14 17 0
18 -15 4 0
-19 1 29 0
14 -31 10 0
19 -24 23 0
-33 -17 -13 0
17 13 -5 0
25 8 9 0
22 -1 9 0
20 4 -35 0
