c instance by G2
c solution = 01100001011100000010001000000000100
c Known solution cost is 9370 
p cnf 35 50
w 270 386 110 27 447 486 180 159 101 14 68 248 485 161 325 132 35 439 470 361 406 383 326 489 160 329 136 349 442 21 499 247 74 220 385
29 -13 -11 0
-32 -11 -10 0
-7 26 30 0
-23 30 -5 0
-10 15 -22 0
18 -23 -26 0
-25 9 28 0
-32 -6 -34 0
2 -10 20 0
-1 31 29 0
15 -31 17 0
28 -35 13 0
5 8 31 0
-11 19 -3 0
-26 -29 32 0
23 15 13 0
-19 -30 25 0
-12 1 -16 0
-33 -9 10 0
9 3 -33 0
-10 24 11 0
12 -3 -11 0
-22 -8 -11 0
-16 -1 14 0
-8 -6 17 0
-19 -4 28 0
-11 13 10 0
-9 18 -23 0
-20 4 16 0
24 29 -15 0
-29 7 -11 0
6 -15 -12 0
-14 1 17 0
-20 -33 8 0
-31 -22 3 0
1 6 -18 0
23 -2 -12 0
21 -24 -19 0
28 -26 -35 0
33 4 22 0
-17 7 35 0
33 31 -2 0
-31 21 -32 0
-25 -2 21 0
-27 9 18 0
12 31 5 0
32 35 -28 0
17 15 -26 0
-11 -34 17 0
-21 25 4 0
