c instance by G2
c solution = 11001001011000101000100100110111011
c Known solution cost is 8199 
p cnf 35 50
w 469 426 328 396 162 197 252 73 88 400 385 114 69 317 449 210 128 173 278 181 126 133 84 58 450 272 495 1 435 189 131 122 273 208 127
19 35 -2 0
6 -34 17 0
-27 28 19 0
23 22 -25 0
-18 22 -34 0
-1 5 4 0
29 -5 -4 0
31 26 20 0
-28 9 -25 0
27 6 -10 0
3 25 -13 0
-26 16 -27 0
-9 -35 -18 0
-33 -8 -24 0
-34 -29 -21 0
9 -28 1 0
-23 22 26 0
-15 -21 -16 0
-24 23 -19 0
-8 -12 -30 0
8 -1 9 0
3 24 -27 0
-33 28 5 0
-7 23 3 0
-28 21 -15 0
-5 2 -10 0
-10 3 -20 0
19 5 -18 0
9 22 27 0
32 -31 6 0
-18 -17 -32 0
25 -3 14 0
-34 -3 -9 0
15 19 9 0
29 -34 30 0
1 -13 -14 0
-8 -14 29 0
-15 -8 -9 0
18 7 -22 0
-17 10 29 0
4 -30 34 0
-19 -16 -22 0
-24 -27 5 0
-27 34 12 0
-6 -32 13 0
-34 11 -24 0
14 31 16 0
-14 21 5 0
2 23 -11 0
-13 18 -31 0
