c instance by G2
c solution = 00101001111011000100111011111001110
c Known solution cost is 9984 
p cnf 35 50
w 209 281 145 271 151 196 292 440 231 387 121 47 339 56 419 256 488 488 402 179 13 444 58 480 426 456 228 468 310 30 187 261 329 455 441
3 -2 9 0
-10 -35 6 0
-33 -22 28 0
-21 30 34 0
-27 1 23 0
11 3 8 0
16 -33 26 0
-16 -5 10 0
-25 31 3 0
-31 -14 -28 0
4 6 -7 0
6 -13 33 0
-9 -11 -2 0
4 19 13 0
1 -34 10 0
-16 -5 -14 0
-33 -6 -3 0
-10 6 -1 0
35 6 25 0
12 -5 -30 0
-10 25 -6 0
4 18 29 0
9 1 -23 0
-15 -21 19 0
-25 -18 28 0
-11 17 29 0
1 11 -10 0
-25 7 18 0
-9 19 -17 0
6 -30 23 0
5 1 -22 0
-17 -11 15 0
2 -3 32 0
-22 -11 -19 0
2 -4 12 0
14 23 1 0
27 15 16 0
-12 -5 -3 0
-14 -32 -30 0
19 30 8 0
-25 -20 -5 0
10 20 -7 0
28 -2 -13 0
22 -26 31 0
-24 -22 -33 0
-1 4 19 0
-5 14 -11 0
21 -25 -8 0
10 7 4 0
28 -18 7 0
