c instance by G2
c solution = 10010010111000000010010001010000001
c Known solution cost is 9110 
p cnf 35 50
w 467 410 377 212 394 294 489 97 183 62 268 305 275 286 345 328 2 341 126 266 311 20 463 332 137 279 105 133 70 277 281 407 232 364 172
-27 -14 12 0
8 -23 -26 0
22 24 2 0
31 -18 23 0
1 25 23 0
6 19 29 0
-11 -8 -19 0
-35 -3 12 0
-35 -30 25 0
12 26 16 0
29 -4 -32 0
28 -10 -35 0
34 -27 3 0
-26 4 -1 0
30 16 -6 0
21 -27 -35 0
23 -2 -1 0
-26 -30 21 0
23 -21 -22 0
-6 23 -31 0
10 20 2 0
6 -15 21 0
24 -29 31 0
9 14 -35 0
4 -32 3 0
-33 23 -9 0
-7 6 -24 0
-17 28 -21 0
-11 -24 -21 0
28 -13 -23 0
-16 -4 12 0
34 35 27 0
-34 32 -10 0
3 -12 13 0
32 -26 -31 0
-15 -14 2 0
-13 5 27 0
-17 12 13 0
-22 -6 33 0
-9 -4 -16 0
31 7 25 0
6 -14 -7 0
1 16 -31 0
6 3 11 0
-7 -18 14 0
-5 33 29 0
15 34 -20 0
-5 -7 -35 0
34 -27 3 0
-25 -35 -4 0
