c instance by G2
c solution = 10100010101001110111110101110001011
c Known solution cost is 8333 
p cnf 35 50
w 395 186 467 279 280 441 99 158 65 108 440 352 46 221 479 137 13 311 140 153 355 85 215 14 170 79 485 118 320 182 358 312 489 331 50
21 33 31 0
-17 29 4 0
35 32 23 0
-25 4 8 0
12 -3 15 0
-2 -8 -27 0
-19 7 -9 0
25 -8 -2 0
23 -17 -22 0
1 5 31 0
-26 -15 7 0
13 26 -24 0
35 -34 -19 0
-4 27 1 0
-33 25 -18 0
12 -16 3 0
-22 -27 20 0
-5 6 -20 0
-35 24 20 0
-26 30 27 0
-26 34 -1 0
-5 -13 32 0
-6 10 23 0
6 -31 -24 0
11 -27 -22 0
28 -26 29 0
-7 13 -10 0
-19 -30 32 0
5 -23 -7 0
30 14 10 0
31 9 11 0
2 7 26 0
3 -12 -30 0
16 -28 30 0
24 31 -21 0
33 -16 -13 0
-1 -15 -29 0
-34 18 17 0
-2 -27 -3 0
5 -8 29 0
-3 -17 -18 0
-24 13 22 0
-7 -30 -27 0
32 -9 17 0
9 -3 -11 0
32 6 -18 0
-27 -12 -28 0
8 21 34 0
-16 19 -3 0
-1 -4 -11 0
