c instance by G2
c solution = 10000000000000100101110000011001010
c Known solution cost is 10122 
p cnf 35 50
w 281 403 129 163 54 279 251 379 483 404 416 212 207 237 219 130 15 376 293 458 455 224 457 440 233 284 497 81 481 313 317 18 376 111 446
32 15 33 0
15 25 -22 0
2 32 9 0
-34 8 -19 0
-22 25 -4 0
9 27 -24 0
18 26 -14 0
2 -27 -15 0
-1 -17 23 0
-29 -26 12 0
-11 -6 -10 0
-7 -34 23 0
32 -18 24 0
31 10 -5 0
4 3 18 0
7 16 34 0
5 19 -12 0
-5 -20 -25 0
-1 22 27 0
33 27 29 0
-12 -3 -21 0
22 30 7 0
-29 28 27 0
33 -13 8 0
-8 30 26 0
-29 3 -16 0
-21 2 -9 0
-8 -4 21 0
25 -12 30 0
-10 8 16 0
19 -17 13 0
3 16 -31 0
-22 2 -25 0
-2 7 8 0
-29 11 -35 0
-10 27 19 0
-6 35 16 0
7 -20 -24 0
-29 12 21 0
-6 -24 31 0
-33 23 -18 0
-14 -35 -27 0
3 -32 -30 0
-21 9 -3 0
-1 27 -14 0
1 25 24 0
-15 8 20 0
35 -11 6 0
-12 4 -14 0
14 -23 -22 0
