c instance by G2
c solution = 00101101010100000101011000100100100
c Known solution cost is 8398 
p cnf 35 50
w 303 149 139 211 269 260 319 232 118 309 434 358 7 313 263 361 270 56 427 381 98 62 33 125 115 425 440 123 259 8 290 284 307 265 385
-17 34 31 0
-33 -23 -26 0
-29 -6 11 0
19 -35 -30 0
7 32 -34 0
4 -1 7 0
-11 -20 -10 0
-12 23 21 0
33 -12 -3 0
25 10 -2 0
6 31 20 0
13 -3 -16 0
-31 35 -7 0
-31 -27 21 0
27 -16 11 0
30 7 -23 0
18 -29 6 0
11 -20 8 0
29 -2 -18 0
-21 4 29 0
-28 -12 11 0
-6 12 7 0
14 -10 -29 0
-5 -14 9 0
-32 -8 7 0
-20 -4 34 0
8 2 -24 0
31 -5 10 0
4 28 22 0
-33 7 -25 0
11 -7 -23 0
34 -18 -19 0
34 26 -9 0
-8 -25 14 0
2 -31 -15 0
3 5 19 0
6 -30 14 0
15 20 -5 0
17 18 31 0
-13 35 14 0
5 -18 29 0
16 -15 -10 0
12 3 -28 0
31 27 -3 0
31 -11 13 0
9 24 -19 0
-5 29 3 0
32 -24 23 0
5 16 35 0
-8 1 -24 0
