c instance by G2
c solution = 01011101100011010100111111011111100
c Known solution cost is 8069 
p cnf 35 50
w 276 363 219 361 461 202 249 496 308 143 159 440 123 283 474 233 31 31 147 72 105 33 256 244 150 446 232 451 197 228 116 0 25 390 125
-6 14 4 0
-3 -32 -2 0
27 34 22 0
-16 -33 29 0
-19 20 -6 0
-33 -29 14 0
-4 -7 -32 0
-4 -9 -20 0
35 9 -31 0
14 27 20 0
17 10 21 0
5 3 1 0
33 27 -32 0
31 1 7 0
13 17 -21 0
-23 -7 10 0
35 17 8 0
-16 30 3 0
-23 -32 -11 0
-3 21 -2 0
-20 35 28 0
13 -34 14 0
-7 -33 34 0
11 -32 -34 0
-32 -30 25 0
35 32 -4 0
4 -8 -6 0
31 17 4 0
-12 -6 -13 0
-26 -17 20 0
-6 -13 28 0
-2 24 -5 0
-28 35 -15 0
18 -5 35 0
-21 -14 9 0
-21 2 -23 0
26 -18 -31 0
-7 -31 -11 0
7 -17 -22 0
-29 -16 -35 0
-26 -27 -2 0
15 -8 16 0
-14 -23 -1 0
27 20 23 0
-24 -7 28 0
15 -25 -35 0
-4 6 -23 0
-10 11 -25 0
-24 -21 22 0
9 22 -33 0
