c instance by G2
c solution = 10111111011101011101011010000101010
c Known solution cost is 8082 
p cnf 35 50
w 209 64 44 39 363 430 49 38 475 287 312 166 166 281 148 214 357 117 296 294 471 299 65 120 209 120 237 203 121 414 452 327 183 434 78
-31 -12 -34 0
-27 18 35 0
23 -29 14 0
-3 20 -25 0
-13 24 -12 0
10 -16 -23 0
14 -18 -20 0
-24 -11 -32 0
2 32 9 0
-15 21 -23 0
-20 -7 -26 0
-33 19 27 0
-19 -20 -8 0
6 -34 -23 0
-23 5 24 0
21 25 9 0
24 31 16 0
-20 3 -1 0
-17 30 28 0
-5 20 -33 0
-32 7 -23 0
-8 -16 -27 0
-28 -32 35 0
-18 23 20 0
25 -14 -20 0
11 35 -25 0
18 2 9 0
-29 13 11 0
28 31 -2 0
23 -5 29 0
-9 31 21 0
-12 -21 9 0
-13 -25 29 0
-23 -12 22 0
-35 -8 -17 0
-20 -12 1 0
-32 -3 34 0
4 -32 33 0
-3 13 -21 0
-7 9 10 0
11 -2 -1 0
-20 -16 17 0
22 35 15 0
31 3 -33 0
8 -4 -12 0
9 -29 13 0
30 -32 -31 0
23 -4 -33 0
-21 24 8 0
-22 27 12 0
