c instance by G2
c solution = 10100011101000101100010010011110110
c Known solution cost is 8279 
p cnf 35 50
w 332 244 426 73 245 291 138 367 44 477 413 109 293 104 82 115 145 265 353 274 143 252 151 237 289 218 192 156 426 440 41 447 146 292 59
-6 13 26 0
2 4 25 0
33 21 -15 0
-17 -19 32 0
20 -2 -33 0
35 -34 -27 0
21 -16 34 0
16 10 9 0
30 25 -23 0
20 -29 -27 0
-19 6 -28 0
-26 27 24 0
-9 -12 -30 0
23 -16 -3 0
-14 -30 -8 0
13 -32 26 0
14 3 -34 0
8 -22 14 0
-3 7 -1 0
20 15 -3 0
-27 -8 6 0
7 14 16 0
-26 -22 -1 0
-24 3 22 0
-5 12 6 0
17 26 -29 0
4 -3 31 0
-18 30 -8 0
-12 17 -28 0
18 -1 -15 0
-13 -7 20 0
13 -4 -17 0
-4 -28 -22 0
-10 -15 -17 0
-32 16 4 0
6 28 32 0
-35 -18 24 0
-24 6 21 0
31 20 14 0
-17 -20 14 0
6 -2 -20 0
-31 1 10 0
1 13 -28 0
5 2 34 0
29 -22 27 0
11 -31 24 0
-23 19 -1 0
22 -1 23 0
-28 9 33 0
-21 13 19 0
