c instance by G2
c solution = 1010010011110001110111011000011000111
c Known solution cost is 8071 
p cnf 37 50
w 150 452 498 87 324 215 408 32 303 62 228 79 49 172 154 11 24 306 232 297 322 334 57 387 237 87 292 402 361 208 7 29 407 403 103 28 324
-34 -12 -30 0
-20 -10 -28 0
20 -31 -25 0
19 -20 -29 0
-24 2 1 0
27 -26 -1 0
6 4 -18 0
-20 -5 34 0
25 -9 -1 0
19 11 23 0
7 18 -30 0
22 -21 2 0
34 24 2 0
30 34 28 0
-9 32 17 0
22 -13 15 0
9 -27 18 0
8 -19 14 0
-11 -12 -15 0
23 35 7 0
36 -37 -1 0
32 37 -6 0
-30 -28 32 0
-16 -17 12 0
9 29 -36 0
-1 3 28 0
25 -27 34 0
23 21 8 0
-1 -21 -13 0
16 15 4 0
9 -21 -1 0
-12 -23 -35 0
5 -30 -23 0
-17 -2 -3 0
-7 -30 -21 0
-36 -14 26 0
15 -31 -27 0
2 -32 -21 0
-27 11 12 0
31 29 4 0
24 10 -22 0
-18 36 -12 0
-2 26 4 0
-21 -8 33 0
8 -25 10 0
16 33 -3 0
-37 -28 -1 0
-24 -8 -6 0
-4 -36 -24 0
-33 5 -11 0
