c instance by G2
c solution = 0010100000111111001110000010001101111
c Known solution cost is 7197 
p cnf 37 50
w 163 102 0 255 93 39 394 95 48 187 48 81 60 22 341 200 104 329 57 437 279 132 393 52 360 279 46 330 130 358 383 250 322 429 329 60 10
-7 -36 -21 0
-27 -19 -29 0
-16 -17 18 0
-5 34 -36 0
-15 -2 10 0
-8 -16 23 0
32 17 -16 0
36 -19 10 0
34 -19 -1 0
-23 -14 9 0
17 1 14 0
-34 -8 -12 0
14 -26 24 0
12 -16 24 0
-13 -33 -34 0
-28 4 -14 0
-11 -2 -6 0
-37 -19 -24 0
31 17 25 0
14 6 10 0
1 34 -37 0
13 23 33 0
29 33 3 0
4 11 10 0
20 -31 8 0
-19 15 -34 0
26 -1 23 0
-11 16 -19 0
-19 -26 7 0
-37 28 -10 0
35 24 20 0
-5 -34 -18 0
-15 5 -16 0
25 -5 -30 0
-1 -28 -20 0
35 -20 26 0
-14 7 19 0
-22 -36 28 0
26 -12 21 0
37 -20 -6 0
2 -15 -6 0
-22 -12 -5 0
31 -3 24 0
29 -14 27 0
-9 26 -27 0
20 10 -12 0
36 -34 -20 0
37 -13 18 0
-25 -13 18 0
7 -4 9 0
