c instance by G2
c solution = 1111001100110101011110000000101010111
c Known solution cost is 9629 
p cnf 37 50
w 154 248 127 12 378 307 404 383 142 188 406 119 109 490 344 34 44 438 407 335 164 86 490 431 186 335 434 29 234 434 487 164 88 444 370 41 143
-31 -35 2 0
-29 -9 -2 0
-24 -33 -3 0
-36 25 19 0
-10 -21 -2 0
-1 -15 -18 0
25 27 -5 0
-9 -33 -31 0
-18 -34 -1 0
34 -6 -2 0
-36 12 3 0
30 -4 33 0
-21 -31 18 0
28 20 34 0
-36 23 -5 0
36 32 -16 0
9 -29 -25 0
17 -32 6 0
-7 3 -19 0
-2 -20 -17 0
11 -26 17 0
-23 34 24 0
6 -26 4 0
-13 -2 -37 0
-7 -3 -27 0
-18 -19 14 0
-37 20 28 0
10 25 11 0
30 -22 15 0
-36 10 -30 0
-21 -35 1 0
37 25 1 0
-19 12 22 0
-19 37 32 0
-35 6 8 0
33 -21 9 0
-11 -26 34 0
-16 12 13 0
-28 34 22 0
-8 -16 -27 0
16 -2 -5 0
24 7 -1 0
5 35 -12 0
4 22 32 0
6 -24 2 0
31 -33 9 0
22 21 -31 0
15 16 -4 0
-34 16 28 0
29 28 -31 0
