c instance by G2
c solution = 1010001010010000001100011011100001011
c Known solution cost is 10138 
p cnf 37 50
w 196 356 457 179 387 470 338 315 17 314 52 380 49 201 54 39 363 356 136 239 325 134 434 456 457 268 250 365 142 120 403 288 475 465 236 138 284
-3 7 31 0
33 -1 -23 0
13 -15 -3 0
24 22 36 0
-24 20 11 0
-8 -35 -34 0
22 33 19 0
-9 14 37 0
37 33 -6 0
-37 4 -16 0
4 25 22 0
-13 21 8 0
24 16 -25 0
-27 -29 20 0
30 -21 -29 0
-27 11 -4 0
18 -11 -24 0
7 9 -24 0
21 -30 -7 0
-19 5 -14 0
-24 -28 -18 0
-34 -35 31 0
35 9 8 0
-6 10 16 0
26 31 24 0
30 22 3 0
17 -28 -10 0
-19 34 13 0
28 -7 32 0
35 14 29 0
3 27 -21 0
-32 11 -3 0
-37 -17 -28 0
14 -2 -28 0
8 2 -10 0
-26 32 18 0
-29 -23 11 0
37 15 10 0
-12 27 6 0
-25 14 -8 0
-29 4 -31 0
37 21 -31 0
-5 -37 32 0
12 4 -20 0
36 10 34 0
-20 36 -25 0
32 13 -22 0
-33 -20 13 0
3 20 19 0
-28 -27 1 0
