c instance by G2
c solution = 1010000100110011100011001100010010011
c Known solution cost is 8582 
p cnf 37 50
w 289 50 472 2 129 215 258 427 463 21 109 216 290 4 362 108 254 7 58 412 333 489 435 90 374 220 55 454 173 99 171 313 141 266 430 308 85
-14 35 -25 0
-26 35 37 0
28 -11 -20 0
25 -17 9 0
16 10 5 0
36 11 18 0
32 -35 28 0
6 32 15 0
-21 -9 -26 0
-12 -3 -9 0
6 -32 34 0
34 -16 -28 0
33 -30 24 0
4 -7 -15 0
5 -12 21 0
-34 10 -3 0
-15 -24 -33 0
3 -37 -11 0
-3 4 -35 0
10 11 -36 0
4 31 12 0
28 30 18 0
-11 -19 -17 0
-14 -30 -21 0
-2 -22 23 0
-16 -13 27 0
28 24 3 0
-31 -3 7 0
17 -1 2 0
-34 17 -11 0
8 -15 20 0
27 -9 -3 0
-23 -12 19 0
-17 -29 24 0
22 9 -37 0
-5 20 -1 0
-21 31 15 0
-10 20 -21 0
-18 8 34 0
-3 36 -37 0
-6 8 25 0
-6 -25 35 0
-18 6 19 0
1 10 -12 0
-34 15 -4 0
-15 -4 -21 0
-23 25 17 0
26 -11 -1 0
-26 16 7 0
-8 23 -27 0
