c instance by G2
c solution = 0000000010111010100000000011100110011
c Known solution cost is 9903 
p cnf 37 50
w 415 297 199 310 254 233 250 434 412 176 311 302 105 292 382 324 398 461 203 33 318 58 154 104 467 439 62 421 257 370 104 197 461 10 257 322 111
1 -6 -9 0
-29 -20 2 0
30 -34 19 0
8 9 24 0
-16 4 25 0
28 -17 35 0
21 -31 22 0
-30 -37 20 0
-28 -23 -27 0
31 26 -2 0
37 24 18 0
19 6 15 0
13 22 -35 0
28 26 34 0
22 -12 -3 0
12 -28 -27 0
18 -15 29 0
-20 16 -6 0
20 37 -35 0
19 11 -27 0
16 -28 -24 0
-27 -22 -4 0
33 16 30 0
25 -10 20 0
-29 21 11 0
3 -1 10 0
-13 -32 -14 0
3 32 26 0
3 -21 1 0
8 -5 20 0
5 -1 19 0
-18 6 22 0
-32 -15 13 0
26 17 25 0
16 6 17 0
-8 30 -20 0
-28 -26 20 0
-24 35 14 0
22 -35 20 0
-21 5 3 0
5 -8 26 0
25 -7 5 0
23 33 20 0
29 30 35 0
-4 21 14 0
35 -33 -19 0
-22 2 4 0
19 -25 34 0
36 19 34 0
27 1 19 0
