c instance by G2
c solution = 0011011110111111010110010000010010111
c Known solution cost is 9374 
p cnf 37 50
w 348 248 189 94 391 9 302 60 107 106 179 289 481 465 389 235 483 470 342 387 120 219 498 91 440 170 136 326 150 273 12 113 460 184 114 214 280
-12 5 -26 0
25 12 17 0
-36 20 29 0
33 2 -21 0
-34 -21 -8 0
36 -3 -6 0
19 9 25 0
17 8 -6 0
19 -5 -20 0
-11 -20 -32 0
-31 -36 -12 0
-30 -4 -25 0
3 34 19 0
27 35 -8 0
18 25 32 0
-17 -8 27 0
7 31 -15 0
-1 -4 -20 0
24 31 5 0
-13 -22 -12 0
19 26 -28 0
28 5 21 0
-37 -9 -29 0
19 16 17 0
29 -36 15 0
-6 -2 -8 0
29 -9 -27 0
7 -4 -6 0
-26 2 3 0
27 -5 -37 0
16 -28 5 0
11 29 22 0
21 -13 17 0
-5 -15 2 0
17 -10 -8 0
25 34 30 0
-13 6 1 0
-1 -4 28 0
-24 19 -23 0
-7 37 -33 0
-19 -36 10 0
28 -23 29 0
15 34 -33 0
20 -17 -25 0
16 -21 22 0
-28 32 -22 0
14 -37 -3 0
-20 4 -30 0
14 -13 36 0
-12 22 13 0
