c instance by G2
c solution = 1011100110001010010001111100110100110
c Known solution cost is 8543 
p cnf 37 50
w 22 360 321 201 164 84 207 112 381 381 143 464 5 161 457 396 63 114 386 124 80 235 320 103 367 488 284 139 64 265 42 383 241 483 11 297 195
-1 5 20 0
-30 17 25 0
22 14 -18 0
-22 -1 29 0
21 -14 2 0
6 3 11 0
-4 20 9 0
19 31 -10 0
-37 15 18 0
4 -21 -26 0
-20 15 3 0
-18 -31 35 0
34 28 23 0
-20 -22 -24 0
10 28 -27 0
10 -14 -1 0
2 5 32 0
29 5 25 0
-32 36 -22 0
-4 -34 -24 0
8 2 17 0
18 -36 32 0
-19 2 -24 0
16 -8 -7 0
34 -4 30 0
37 10 -34 0
-30 -12 28 0
-33 -35 20 0
19 15 -26 0
17 -23 -21 0
-25 -29 26 0
-2 -22 33 0
17 4 -3 0
-24 -23 1 0
2 18 -35 0
-30 27 -11 0
21 -1 -31 0
31 35 -5 0
-21 -27 18 0
7 -28 19 0
-12 -27 29 0
24 -8 -3 0
-29 -16 27 0
-36 -22 -6 0
-23 2 -17 0
-35 -30 -31 0
29 -13 19 0
-30 -4 13 0
-13 32 2 0
-4 -37 -29 0
