c instance by G2
c solution = 1100110000000011000101110000111010110
c Known solution cost is 9371 
p cnf 37 50
w 246 484 92 230 379 77 41 133 153 401 228 331 0 321 381 235 420 400 355 28 98 201 413 442 353 356 294 171 20 329 137 452 420 154 118 344 134
-12 23 -22 0
3 35 -33 0
-5 -36 -25 0
3 18 -28 0
14 -17 11 0
-36 8 6 0
-19 37 34 0
19 -23 -10 0
-27 4 19 0
-20 31 -16 0
-16 33 37 0
11 -34 3 0
-24 -33 1 0
19 36 17 0
4 -23 -14 0
13 16 3 0
20 34 -23 0
22 17 -19 0
-18 2 -6 0
-11 -5 9 0
-20 26 -4 0
17 -9 -24 0
-32 -30 9 0
-19 -17 -34 0
14 21 -13 0
27 -21 4 0
-31 13 23 0
22 -5 32 0
-3 13 7 0
8 -3 18 0
-26 25 36 0
-16 -22 15 0
34 36 -22 0
14 -29 24 0
13 2 28 0
29 27 -30 0
28 -33 -37 0
10 36 -7 0
-27 3 -31 0
5 -24 11 0
5 -15 -26 0
-12 9 11 0
-18 7 37 0
-26 -30 -20 0
30 -36 11 0
-21 8 12 0
-29 -7 27 0
-33 -29 -8 0
-8 -7 -32 0
15 -7 30 0
