c instance by G2
c solution = 1111000001000100111110010001111011001
c Known solution cost is 8676 
p cnf 37 50
w 269 211 442 63 443 196 31 267 272 26 47 457 282 130 275 253 207 190 385 459 164 342 410 142 246 498 165 369 288 498 120 9 128 15 3 173 201
-30 21 12 0
10 27 -29 0
-5 33 -1 0
-19 33 -9 0
23 -36 8 0
-20 -12 -31 0
-7 22 -28 0
-21 18 27 0
-19 8 -23 0
37 -14 -29 0
8 25 -5 0
-10 34 -4 0
35 -14 30 0
-21 -25 9 0
4 -30 23 0
16 33 1 0
-20 -31 19 0
-19 16 -26 0
31 -37 27 0
1 23 12 0
-9 7 -20 0
-17 -30 -22 0
-31 -17 -35 0
-28 -1 24 0
32 -13 -4 0
28 -29 16 0
23 -10 1 0
-27 -37 11 0
22 29 -17 0
23 -32 -6 0
11 20 -29 0
-13 8 25 0
-14 -30 -8 0
17 -24 35 0
-6 -28 7 0
-34 -35 26 0
20 15 -3 0
21 -20 -13 0
36 33 22 0
-21 -3 2 0
3 -10 -30 0
25 7 -16 0
-1 7 -15 0
7 -34 -32 0
-27 -18 -2 0
31 -13 36 0
17 -33 2 0
-2 -26 21 0
-34 14 -30 0
-11 25 -21 0
