c instance by G2
c solution = 0101110011110010000111101110011111000
c Known solution cost is 9754 
p cnf 37 50
w 209 428 145 91 24 319 52 373 251 105 294 385 226 258 312 139 75 429 442 388 332 448 461 468 407 195 136 432 142 254 272 149 178 7 163 481 284
-28 -18 10 0
8 -27 -24 0
37 11 -15 0
-2 -8 -12 0
-15 -34 -1 0
-12 -5 -14 0
27 -5 -9 0
-12 -25 -7 0
-13 35 19 0
17 -4 20 0
-18 -33 -15 0
35 -32 6 0
12 13 14 0
-15 -34 22 0
19 13 20 0
14 -20 -19 0
22 -1 3 0
16 -1 -2 0
-32 -9 33 0
16 29 9 0
-17 -30 3 0
-21 -3 -11 0
25 -15 -11 0
-36 -26 -34 0
-28 -19 -27 0
-29 -27 -33 0
37 -11 10 0
15 -25 -11 0
11 -29 34 0
7 -32 4 0
-29 2 24 0
9 -19 -7 0
1 28 -19 0
-30 -10 -13 0
21 36 -4 0
-25 -28 -23 0
34 -4 -32 0
23 17 -22 0
-2 -10 20 0
28 -25 26 0
-37 -26 5 0
-22 -32 2 0
-25 30 -26 0
-35 13 29 0
32 29 -30 0
16 -31 11 0
5 -6 18 0
-27 13 -16 0
13 -37 -30 0
-27 31 35 0
