c instance by G2
c solution = 1111001011000110111010000010010100110
c Known solution cost is 10034 
p cnf 37 50
w 325 473 63 446 213 47 150 459 396 341 382 262 326 460 122 269 280 304 25 285 113 17 367 259 454 86 126 342 41 301 380 380 294 296 471 263 216
37 -6 -1 0
17 34 -15 0
-9 -29 -19 0
13 -11 26 0
-23 6 -14 0
34 20 4 0
13 -15 21 0
-19 -34 8 0
34 13 -22 0
32 -36 37 0
-9 -26 -3 0
-32 -36 -37 0
-7 -32 -20 0
6 34 -24 0
-18 17 -5 0
-7 4 25 0
-36 28 18 0
-3 35 -14 0
-13 -27 -21 0
-33 -9 22 0
9 8 13 0
22 -25 -4 0
-32 -8 25 0
13 -5 31 0
29 -36 10 0
37 -2 -31 0
-8 7 3 0
33 27 34 0
-32 37 -31 0
36 28 -27 0
10 34 28 0
-14 -32 2 0
-32 3 6 0
9 33 -18 0
14 29 6 0
-27 33 -28 0
-30 7 16 0
-19 15 -26 0
22 11 -23 0
22 30 11 0
20 1 -2 0
-16 -17 -3 0
-20 27 -10 0
19 -14 28 0
15 -2 -35 0
1 -31 37 0
-11 4 2 0
15 -32 -1 0
13 -27 -12 0
29 -25 -1 0
