c instance by G2
c solution = 0101010110000011101010000111111010111
c Known solution cost is 9717 
p cnf 37 50
w 364 64 346 291 407 474 155 169 23 99 156 461 430 7 306 283 237 205 311 106 191 95 296 224 324 185 82 439 417 445 253 398 326 489 13 467 179
-10 -17 -19 0
-17 -32 -9 0
-6 15 -21 0
-22 -26 25 0
-16 -5 -31 0
29 -15 23 0
20 -2 9 0
4 10 20 0
-26 -12 -8 0
36 1 10 0
-9 5 28 0
9 20 -22 0
-29 -31 -32 0
-2 22 -3 0
-17 35 12 0
27 -4 23 0
-34 28 3 0
-35 24 29 0
-12 20 -18 0
-25 18 10 0
-31 -11 -35 0
33 37 -26 0
-1 -28 -16 0
19 -37 32 0
-6 21 -12 0
-34 26 -25 0
29 14 8 0
-34 20 -37 0
33 -34 -24 0
21 -17 10 0
-4 -18 14 0
26 3 13 0
-19 22 31 0
-18 -22 36 0
-24 3 -9 0
-21 8 32 0
18 -15 -20 0
1 37 25 0
-19 34 6 0
-7 24 -16 0
-2 -31 -14 0
24 34 -13 0
16 -30 -29 0
20 30 -21 0
-33 7 -23 0
-25 -2 9 0
17 7 22 0
-4 11 33 0
2 -15 10 0
2 -36 37 0
