c instance by G2
c solution = 0110000101011011011010111010001001101
c Known solution cost is 9834 
p cnf 37 50
w 159 286 94 224 406 118 288 96 69 326 254 2 411 53 366 369 258 321 400 330 466 139 423 470 208 144 311 444 111 172 380 430 428 102 13 494 269
33 -36 -37 0
-17 -8 -21 0
28 -31 -9 0
-26 33 -25 0
10 -37 -21 0
-8 14 -7 0
11 12 28 0
-2 -31 27 0
-35 -6 5 0
-32 -35 4 0
23 -15 -27 0
-1 28 -9 0
-34 14 16 0
35 28 -31 0
22 6 -28 0
33 -22 30 0
-15 37 7 0
29 -17 1 0
-4 -37 -25 0
-1 32 4 0
-2 3 20 0
-12 30 19 0
-35 -6 8 0
13 -19 -31 0
-3 -16 -14 0
-30 22 -34 0
-10 -27 8 0
4 -9 -23 0
-15 -34 -29 0
14 6 2 0
-25 18 -13 0
-33 -27 30 0
26 -11 -25 0
-25 18 17 0
36 20 24 0
36 -8 25 0
-30 -26 -25 0
34 -31 30 0
-12 3 34 0
-29 -6 34 0
-30 -31 7 0
5 -19 25 0
-14 27 -35 0
-18 -27 15 0
-20 4 -10 0
-6 4 9 0
-13 20 31 0
-5 4 9 0
30 21 -13 0
-33 -6 19 0
