c instance by G2
c solution = 0010110000011000011111011111100011010
c Known solution cost is 7801 
p cnf 37 50
w 396 60 50 293 374 238 153 121 127 342 300 392 279 135 282 80 470 456 59 115 71 76 55 305 70 443 159 256 136 400 148 50 137 315 222 68 168
23 36 10 0
23 -36 -10 0
-24 -33 -37 0
-2 -34 4 0
-19 -9 -6 0
17 10 -4 0
-24 -30 35 0
-27 -30 -29 0
33 -1 -4 0
14 -35 31 0
-12 -29 -10 0
33 3 -26 0
11 -22 18 0
-18 23 -31 0
32 -5 3 0
-9 -29 -8 0
28 -32 -15 0
-19 -5 28 0
13 15 -26 0
12 30 15 0
7 27 17 0
-32 -18 35 0
37 -8 -21 0
-21 33 14 0
-12 -28 -17 0
-18 -36 -9 0
21 10 -20 0
-34 26 -22 0
-3 -34 -11 0
-15 -27 -34 0
21 10 14 0
-25 24 -6 0
-5 20 23 0
-22 5 -8 0
-6 34 -21 0
37 -20 5 0
-22 3 -9 0
15 14 20 0
10 -12 -23 0
-7 -26 2 0
10 6 -21 0
-19 -21 22 0
25 31 -19 0
-24 19 30 0
-28 31 -1 0
-28 -16 -20 0
-17 -31 -20 0
10 33 34 0
35 29 17 0
-14 -12 23 0
