c instance by G2
c solution = 0100011101101010000101000110011100011
c Known solution cost is 9945 
p cnf 37 50
w 256 141 446 398 311 201 172 326 246 289 107 353 467 447 459 294 95 362 287 205 492 337 280 482 22 5 24 237 388 208 54 317 158 258 465 153 203
-15 4 -12 0
22 1 -37 0
35 -31 -33 0
-7 -11 22 0
8 23 17 0
29 36 -27 0
-25 14 -6 0
32 33 -11 0
15 -16 -32 0
15 -6 -8 0
-26 -9 -36 0
16 7 -17 0
35 19 10 0
-20 16 -24 0
4 -17 -18 0
37 -10 23 0
-16 12 21 0
-3 12 -37 0
-7 16 37 0
-17 14 -10 0
26 9 -6 0
27 14 21 0
13 -36 1 0
-31 -5 -37 0
-4 17 -6 0
-3 8 -2 0
-15 5 -29 0
2 -10 -27 0
7 29 -13 0
-33 37 5 0
4 -35 -8 0
16 11 -10 0
33 -18 14 0
-36 -27 13 0
-21 -26 1 0
24 -10 30 0
-36 20 -29 0
-19 -7 -20 0
-33 14 -11 0
-34 33 17 0
-14 12 3 0
3 -29 23 0
-13 6 35 0
25 -1 14 0
-32 4 -28 0
-20 -5 7 0
31 -15 1 0
-13 -7 -34 0
12 21 -23 0
20 -7 -15 0
