c instance by G2
c solution = 0101101101111011001100011011111111011
c Known solution cost is 9012 
p cnf 37 50
w 147 57 439 418 145 157 7 288 414 166 55 207 34 481 316 460 289 410 375 8 241 101 373 274 7 147 175 142 183 100 34 459 466 437 207 448 345
-17 26 -31 0
-10 3 33 0
-33 -23 -8 0
36 -2 -25 0
-12 8 22 0
-8 -30 28 0
16 -2 -4 0
-16 37 -23 0
3 -6 -11 0
2 6 18 0
34 11 19 0
-33 -3 -8 0
-36 10 27 0
-2 -36 -18 0
-36 5 -15 0
-31 5 -2 0
-18 -37 -15 0
-32 27 -8 0
12 3 14 0
-29 -35 -25 0
-30 -1 6 0
7 21 35 0
2 -20 11 0
-37 -21 -12 0
-3 -9 -17 0
-2 -20 4 0
-20 -2 19 0
-30 -25 37 0
-8 18 15 0
-5 32 -33 0
17 -14 -31 0
-19 -1 -23 0
23 -25 37 0
-9 -10 3 0
23 9 10 0
-29 -11 -21 0
-28 13 -5 0
18 -36 34 0
-31 16 -19 0
17 -4 27 0
-5 -26 -28 0
-15 31 -11 0
-6 31 19 0
35 -12 29 0
-33 9 25 0
-33 -5 11 0
-29 20 -28 0
-7 17 -22 0
23 3 24 0
30 9 -5 0
