c instance by G2
c solution = 0101001011110101100000010011100010001011
c Known solution cost is 10328 
p cnf 40 50
w 102 474 244 261 352 440 390 473 119 284 303 4 160 338 493 132 119 105 221 119 281 199 296 205 380 339 335 420 97 492 14 7 297 145 371 344 240 236 53 444
8 -39 7 0
-32 30 35 0
-4 10 35 0
36 -16 7 0
27 -8 -25 0
28 36 15 0
-18 -33 25 0
5 21 14 0
4 34 26 0
-7 24 34 0
-31 -16 34 0
-18 7 -6 0
-27 38 10 0
-19 21 20 0
-21 -2 -27 0
-27 -34 -14 0
-20 -4 34 0
35 18 33 0
-6 5 20 0
-40 -36 -29 0
13 -30 34 0
-29 -23 1 0
9 15 -27 0
31 18 37 0
17 25 38 0
-38 13 22 0
-12 38 40 0
19 -7 -5 0
8 6 27 0
-35 18 20 0
-25 13 -14 0
-9 -16 -1 0
31 -13 18 0
13 22 -15 0
12 39 37 0
-34 20 -22 0
2 19 15 0
-33 39 30 0
-30 -14 19 0
3 6 12 0
-8 22 34 0
-3 -12 20 0
18 16 25 0
19 -23 -27 0
8 22 -26 0
39 -17 -27 0
31 29 28 0
3 -39 -22 0
38 20 11 0
1 29 -24 0
