c instance by G2
c solution = 1001101000110001000010100001001101100101
c Known solution cost is 10449 
p cnf 40 50
w 160 479 42 35 0 299 177 363 241 396 285 41 420 190 26 241 265 13 382 273 190 350 482 310 193 226 367 55 477 297 248 159 372 472 88 476 456 305 197 401
-23 -8 -35 0
6 30 23 0
-11 -29 26 0
-28 -20 -31 0
-12 28 -31 0
-7 34 37 0
-3 18 -38 0
-8 13 17 0
-21 31 37 0
-32 12 10 0
-2 -4 24 0
1 25 30 0
-21 4 -35 0
-12 11 2 0
-38 20 -17 0
13 27 -6 0
7 24 -30 0
28 -20 2 0
16 18 -11 0
24 -22 3 0
-10 -38 -32 0
17 -16 -39 0
-30 37 13 0
12 21 -34 0
13 -33 -4 0
6 9 -15 0
32 15 -35 0
-37 36 27 0
35 18 -16 0
-38 -26 25 0
15 -1 -17 0
-34 21 36 0
-34 -25 33 0
-16 -27 19 0
24 -21 38 0
39 -18 9 0
10 -36 26 0
14 22 7 0
25 5 13 0
-37 -31 3 0
39 -13 -4 0
-9 25 3 0
6 -34 -33 0
-24 -23 -7 0
-19 29 25 0
-30 38 -31 0
25 -6 -39 0
-15 6 21 0
40 10 22 0
6 -28 -14 0
