c instance by G2
c solution = 0110110110010110001101001011110010000011
c Known solution cost is 9679 
p cnf 40 50
w 464 20 199 62 253 148 328 117 327 316 206 244 443 211 315 294 30 239 477 247 83 424 75 9 343 355 0 206 150 284 218 294 227 253 422 492 25 400 252 227
-1 -14 4 0
-5 -35 37 0
-22 39 -19 0
24 -3 -16 0
29 -15 -8 0
-2 6 18 0
23 31 9 0
37 -29 30 0
32 -30 -24 0
-21 -29 1 0
-2 1 -24 0
10 -5 -4 0
38 -15 -26 0
1 30 -39 0
5 -26 -33 0
5 6 15 0
-39 20 31 0
1 14 32 0
33 24 -5 0
8 -26 40 0
7 19 37 0
32 -17 36 0
-23 24 34 0
4 -13 23 0
31 -37 -12 0
31 -30 22 0
-31 18 10 0
15 -14 7 0
-5 -9 -10 0
-9 35 -11 0
-14 26 -36 0
-2 -12 -24 0
12 -28 1 0
35 -40 -18 0
32 34 3 0
32 16 8 0
-32 -6 7 0
-3 5 -4 0
-4 -32 34 0
-5 -18 16 0
31 7 39 0
7 4 40 0
4 -12 -38 0
5 24 -27 0
10 -33 2 0
18 34 27 0
-7 10 24 0
25 -28 -14 0
28 -2 -39 0
38 -34 13 0
