c instance by G2
c solution = 0100001100000010000001110001000010101110
c Known solution cost is 9909 
p cnf 40 50
w 352 279 161 493 453 317 99 364 101 22 359 118 275 441 170 138 17 148 121 363 317 16 235 363 324 471 72 487 304 338 188 451 313 66 190 260 25 434 63 201
5 23 -40 0
33 36 -7 0
12 17 -18 0
36 -38 -6 0
13 -29 5 0
-21 -37 29 0
-20 -37 -2 0
14 15 18 0
24 -28 -4 0
32 -1 25 0
-17 -7 40 0
-26 25 29 0
27 -28 7 0
1 5 -25 0
-34 1 -38 0
9 18 38 0
-33 10 -27 0
-13 -31 38 0
-39 -37 -5 0
30 -10 -35 0
-14 1 -2 0
-27 38 -10 0
13 -28 -4 0
38 40 3 0
-24 35 -2 0
37 12 -22 0
19 22 16 0
-23 -15 28 0
35 23 -15 0
-23 -16 6 0
-22 6 -32 0
19 6 -11 0
2 17 19 0
-35 23 29 0
21 -30 -15 0
-18 3 14 0
5 -40 -22 0
-21 17 1 0
-31 12 19 0
-13 36 -37 0
12 -19 14 0
-3 -33 17 0
24 -39 1 0
-9 -33 36 0
16 14 39 0
25 -36 -24 0
40 8 10 0
18 -12 9 0
-31 -26 -30 0
22 -12 15 0
