c instance by G2
c solution = 0110101100101000111111100010111110101000
c Known solution cost is 10005 
p cnf 40 50
w 71 50 467 134 322 119 110 117 139 103 85 61 485 117 286 373 277 460 446 103 446 44 71 10 391 327 107 491 361 323 447 67 339 265 190 387 305 375 458 276
7 -21 -3 0
-27 -13 2 0
-30 -34 -17 0
-35 -26 9 0
-39 15 -5 0
-25 10 1 0
-9 -33 14 0
17 24 -37 0
-15 -32 40 0
39 -29 17 0
34 -37 -1 0
-21 33 15 0
-5 38 8 0
22 -23 36 0
-12 -2 -17 0
28 -14 -13 0
-29 -16 36 0
36 -28 -13 0
36 31 10 0
40 -24 -11 0
-30 7 -33 0
-30 -36 -18 0
-11 -10 -17 0
-4 -35 -18 0
19 -27 -22 0
34 -5 -4 0
26 -6 -17 0
-8 18 25 0
38 -28 -20 0
-7 -20 37 0
15 38 -40 0
28 29 -3 0
20 37 -7 0
24 -2 30 0
15 20 -5 0
-24 -26 -28 0
-30 15 32 0
39 -4 38 0
4 35 -19 0
9 26 27 0
11 -33 6 0
-29 5 -27 0
24 -28 39 0
25 23 40 0
-1 30 7 0
-39 21 -16 0
40 -22 13 0
15 -38 -37 0
10 21 -33 0
12 3 24 0
