c instance by G2
c solution = 0101100001011011011011001010001000100101
c Known solution cost is 8504 
p cnf 40 50
w 71 14 66 225 166 189 420 198 187 61 178 315 3 375 308 428 156 327 273 243 275 71 107 319 182 163 258 100 34 140 306 286 274 92 454 184 395 320 197 144
12 32 -15 0
9 28 21 0
-21 13 -22 0
28 19 17 0
-11 37 7 0
-32 33 -5 0
38 -35 1 0
10 33 30 0
-38 -22 -37 0
11 -15 22 0
23 -12 25 0
18 3 8 0
-31 -9 3 0
11 24 35 0
-3 40 -1 0
-35 15 7 0
34 24 13 0
-23 34 -2 0
-36 24 11 0
-13 -14 26 0
27 28 26 0
-38 6 -33 0
14 11 -23 0
10 -18 6 0
32 -14 38 0
2 14 -40 0
-21 -7 34 0
18 -30 -10 0
-15 -27 -26 0
7 -34 -1 0
-22 17 -1 0
11 -4 -24 0
-27 -2 16 0
-8 -19 -27 0
-27 -34 33 0
23 9 -39 0
24 -6 -5 0
28 -30 -38 0
6 40 -38 0
-38 -29 -19 0
32 -20 -10 0
19 30 39 0
5 23 30 0
8 36 -30 0
29 -10 -28 0
-12 4 14 0
-8 -3 -7 0
-25 -40 -3 0
9 -15 31 0
-17 -19 32 0
