c instance by G2
c solution = 0100110010011000011111110000110110011111
c Known solution cost is 10377 
p cnf 40 50
w 402 126 58 403 397 375 139 1 22 252 206 340 363 228 148 426 385 117 163 319 393 120 195 178 132 194 460 251 96 315 269 414 389 87 275 321 412 281 450 275
-21 16 19 0
-16 -22 -6 0
-28 9 14 0
27 -17 -30 0
-35 -5 7 0
-38 -4 15 0
-38 -29 -14 0
-31 -9 -21 0
-29 17 -15 0
-24 -14 18 0
-32 6 31 0
-7 17 4 0
-9 -33 13 0
-1 -19 16 0
-4 -14 27 0
-5 -10 -38 0
12 28 -2 0
-26 -32 28 0
-20 -11 -1 0
-18 10 21 0
-6 15 30 0
-32 38 -29 0
35 -38 -34 0
-21 11 -28 0
36 -20 -39 0
-9 -11 -30 0
33 -9 -19 0
-10 29 24 0
-2 27 36 0
25 -36 40 0
-40 -3 17 0
26 9 8 0
-9 13 35 0
-19 23 4 0
14 24 -19 0
17 2 3 0
3 -32 39 0
28 2 17 0
5 16 34 0
26 22 34 0
20 17 -21 0
3 -8 7 0
-8 -11 22 0
-19 32 7 0
11 8 29 0
18 3 -21 0
-2 15 -25 0
37 -2 17 0
29 23 -18 0
-40 3 -27 0
