c instance by G2
c solution = 0111100100100101011011010010011111000111
c Known solution cost is 10377 
p cnf 40 50
w 437 197 419 69 405 115 307 177 367 214 420 211 373 206 254 303 372 458 173 405 62 212 272 391 11 8 220 331 67 366 210 114 487 108 379 331 403 57 198 268
-2 -32 31 0
-22 -12 25 0
17 28 -23 0
-2 34 -11 0
-26 19 22 0
40 7 -8 0
-25 23 -31 0
38 -18 23 0
-8 -35 -16 0
-24 8 20 0
-30 -4 21 0
23 -1 -19 0
7 35 3 0
-29 -24 15 0
-18 30 25 0
12 26 -20 0
29 -22 11 0
10 5 29 0
-36 35 -23 0
32 1 26 0
-33 -20 29 0
-7 -40 35 0
36 24 -14 0
-18 -34 -28 0
-17 -21 29 0
-9 10 12 0
-11 32 22 0
-5 39 9 0
-21 19 -16 0
-38 -3 -37 0
33 -34 -22 0
2 -39 -8 0
15 14 32 0
9 14 1 0
-13 -32 36 0
25 -6 36 0
-1 -35 10 0
18 -4 -22 0
-23 3 -7 0
-17 13 36 0
-15 -31 28 0
-5 16 6 0
22 -14 -16 0
13 27 -16 0
-38 -16 -36 0
4 -33 17 0
-39 12 -26 0
11 35 -1 0
-22 33 -4 0
35 -19 -10 0
