c instance by G2
c solution = 0100010011000110101100111000001000011111
c Known solution cost is 10233 
p cnf 40 50
w 261 290 212 408 256 287 393 183 164 205 205 418 457 451 42 475 398 57 226 221 255 361 196 42 182 2 478 165 305 142 81 300 267 459 83 478 16 86 274 452
19 -14 -2 0
3 24 35 0
-32 -31 -14 0
-39 33 20 0
5 -26 21 0
-30 -31 -11 0
13 12 -1 0
23 30 4 0
40 5 21 0
6 37 20 0
12 16 9 0
-27 29 3 0
39 18 26 0
-25 26 -32 0
18 -10 -33 0
4 -12 -37 0
6 -14 -37 0
-2 9 -38 0
-31 -36 -13 0
-4 33 30 0
3 -18 33 0
30 25 21 0
-9 15 8 0
-19 37 1 0
26 -38 -1 0
11 -31 -35 0
8 38 -14 0
14 12 32 0
32 27 38 0
-8 -37 4 0
-22 -20 -36 0
3 -32 10 0
-27 -31 9 0
-40 -31 2 0
21 17 32 0
-34 1 -10 0
-29 -9 -31 0
-30 -20 -9 0
-3 -20 -25 0
-10 -16 26 0
-21 -40 29 0
18 27 -5 0
-39 34 31 0
28 33 -11 0
-31 10 16 0
36 30 -40 0
34 29 -7 0
4 -28 -14 0
-34 11 -30 0
-34 -33 -38 0
