c instance by G2
c solution = 0100001011000001011011110111001101101010
c Known solution cost is 12870 
p cnf 40 50
w 235 33 42 257 497 362 414 403 378 302 322 427 285 356 286 145 492 304 471 352 355 480 473 414 481 404 129 106 256 241 385 148 148 360 392 270 480 234 318 433
-20 5 8 0
-23 -40 -34 0
17 -21 34 0
5 -1 15 0
-12 -29 6 0
20 -3 1 0
-15 30 40 0
27 20 -2 0
-38 1 17 0
35 6 4 0
28 8 -35 0
-24 -31 -14 0
-29 14 13 0
-18 33 16 0
-28 9 19 0
-31 -26 -1 0
-15 29 35 0
24 -9 -13 0
29 -24 -30 0
13 9 3 0
12 -19 -25 0
14 23 6 0
-22 17 18 0
10 4 -27 0
25 -13 -28 0
-36 31 -34 0
-11 -2 -5 0
25 32 33 0
-11 -10 -2 0
-7 -16 31 0
4 8 -33 0
17 -7 -36 0
13 -34 -5 0
-18 21 -26 0
-7 6 2 0
18 38 40 0
-27 22 -19 0
26 -28 5 0
-35 7 -28 0
39 13 38 0
-23 -6 -9 0
-7 -12 -24 0
-8 30 -10 0
19 -23 1 0
-30 -3 22 0
32 5 -6 0
37 -22 -9 0
-18 -4 33 0
20 24 38 0
-17 33 14 0
