c instance by G2
c solution = 1100110001101001010011000001100101101011
c Known solution cost is 11059 
p cnf 40 50
w 480 452 13 461 116 195 64 481 117 452 444 55 292 487 265 400 264 152 94 351 429 266 387 56 185 389 50 239 277 129 463 169 453 369 248 469 52 159 140 495
-28 3 -23 0
27 -6 -36 0
30 -26 -16 0
20 -7 27 0
-28 -10 -25 0
-37 8 -19 0
-2 15 28 0
40 20 8 0
33 23 10 0
-18 14 2 0
31 19 -23 0
31 29 19 0
20 34 24 0
-18 15 -31 0
1 23 14 0
-16 38 32 0
21 4 -38 0
-34 5 36 0
10 21 -25 0
20 9 13 0
-18 -37 -12 0
7 -29 -3 0
24 8 37 0
-38 15 -11 0
39 24 -34 0
20 -5 -4 0
35 4 -13 0
14 9 -24 0
-32 -9 -26 0
20 -40 -4 0
12 -16 -30 0
-36 15 -16 0
31 24 -33 0
25 -15 38 0
-17 -40 -11 0
21 14 -18 0
-37 22 -10 0
-28 30 -20 0
12 -9 -5 0
-28 11 4 0
-29 -27 38 0
26 -1 6 0
-29 -13 -14 0
15 16 -32 0
3 -32 -25 0
-8 -2 -34 0
38 -7 -32 0
7 -22 21 0
-29 18 30 0
-34 -12 7 0
