c instance by G2
c solution = 0000100101111111100110101110000101001000
c Known solution cost is 9544 
p cnf 40 50
w 24 395 256 477 467 260 456 261 280 469 149 46 81 162 425 242 31 475 239 449 87 379 187 262 34 266 127 25 118 198 124 353 235 19 17 224 326 309 327 283
35 28 20 0
39 -22 4 0
-26 17 24 0
9 15 27 0
-11 -38 3 0
20 -19 -34 0
-19 24 9 0
-26 31 13 0
38 -39 1 0
1 -21 -4 0
-15 26 -12 0
-5 -9 -8 0
-29 24 -23 0
-24 -26 -13 0
-32 -33 -17 0
-23 8 28 0
22 -11 -3 0
19 -1 36 0
-8 5 -25 0
34 24 5 0
28 -36 29 0
4 -7 -21 0
28 -27 -35 0
-5 28 -31 0
-24 35 18 0
35 38 12 0
4 10 -17 0
27 -21 31 0
-30 17 -22 0
30 34 31 0
-10 25 -17 0
33 3 14 0
-16 -34 32 0
-17 -6 3 0
29 11 6 0
-34 -30 40 0
-13 -25 -28 0
21 28 7 0
11 40 -2 0
-15 -13 -40 0
-11 35 15 0
39 6 16 0
38 -18 -27 0
-2 1 -17 0
-17 37 22 0
-15 -11 -7 0
-5 -37 23 0
18 -29 -24 0
13 -23 -14 0
5 11 14 0
