c instance by G2
c solution = 0000011100011110001011100101111001100001
c Known solution cost is 9880 
p cnf 40 50
w 493 108 312 209 387 448 112 143 476 267 279 53 86 122 266 232 363 302 44 402 374 208 214 491 48 367 127 198 371 339 204 11 148 124 93 122 394 485 319 139
28 1 36 0
-22 20 -17 0
-35 21 18 0
18 -39 -6 0
7 -34 10 0
14 -7 -13 0
-14 11 -16 0
-28 -30 -36 0
-25 -13 -21 0
-38 -31 39 0
12 37 -1 0
9 31 -40 0
-9 -32 38 0
9 -4 -26 0
39 40 -12 0
20 23 38 0
-15 12 2 0
36 25 30 0
-12 4 22 0
-30 6 -13 0
4 -23 29 0
-32 -7 -26 0
-33 36 38 0
17 8 -23 0
4 -13 -27 0
10 34 18 0
-13 26 38 0
-3 25 -31 0
-25 -9 12 0
-9 37 -21 0
-35 -27 5 0
37 3 -5 0
-14 13 27 0
11 -31 14 0
25 -11 5 0
-10 -7 -31 0
17 20 35 0
19 -31 10 0
-18 38 -40 0
28 5 -19 0
32 4 30 0
17 15 39 0
1 -2 5 0
-19 -23 6 0
-24 -28 -14 0
-9 -35 -13 0
-1 -35 -12 0
39 29 35 0
-8 -20 1 0
-12 -37 24 0
