c instance by G2
c solution = 0111101010101100100011100011111111101001
c Known solution cost is 10242 
p cnf 40 50
w 56 285 240 258 403 450 155 127 219 174 127 397 401 460 286 320 161 305 56 147 194 128 1 160 163 441 52 355 371 455 254 21 463 337 331 234 292 344 285 334
-27 8 13 0
-32 2 36 0
-23 39 -10 0
21 -30 39 0
14 -30 40 0
12 24 -20 0
8 -33 -38 0
13 37 32 0
25 -21 -6 0
23 19 16 0
-24 17 -14 0
37 -29 25 0
11 -28 36 0
7 -2 -3 0
-11 -9 -24 0
36 38 -8 0
-13 -2 35 0
-34 32 15 0
-11 39 -25 0
-39 -7 -40 0
-19 -2 -22 0
36 34 15 0
34 -19 -4 0
-3 -1 -9 0
-7 -23 5 0
-30 -12 -4 0
17 27 -25 0
36 9 -40 0
8 31 -7 0
-32 -11 -15 0
-2 38 33 0
-22 -17 -16 0
12 -21 -18 0
29 -7 -22 0
-22 4 -2 0
1 -7 -39 0
-18 26 39 0
-17 28 25 0
16 -13 17 0
1 -2 27 0
5 20 -32 0
6 -37 22 0
-16 -35 -11 0
-20 -16 1 0
10 14 15 0
-40 -36 -32 0
-7 25 -26 0
-27 6 3 0
-9 40 36 0
6 30 16 0
