c instance by G2
c solution = 0011000101110010101100000100110100000
c Known solution cost is 8321 
p cnf 37 50
w 397 380 346 497 404 156 390 184 435 90 107 186 395 13 294 36 88 61 368 2 250 460 9 10 254 119 3 170 32 24 176 60 390 383 278 429 445
32 -33 30 0
-32 -26 17 0
-25 -35 -26 0
9 22 -7 0
-37 28 23 0
-19 -11 20 0
7 35 11 0
28 22 -2 0
-31 28 24 0
5 34 20 0
23 -35 6 0
27 -18 -12 0
34 -30 -1 0
34 30 -29 0
23 -8 10 0
16 -13 21 0
-24 -17 34 0
-32 22 -6 0
37 -24 -28 0
-25 -11 7 0
21 -28 25 0
-28 -25 -2 0
-34 28 -32 0
-10 22 26 0
-10 -15 -23 0
-13 29 -37 0
17 13 33 0
22 28 -33 0
3 13 33 0
6 24 -16 0
-9 -15 -19 0
14 -2 24 0
-36 22 -35 0
32 -15 25 0
25 2 -22 0
-17 -14 23 0
8 -10 1 0
-27 28 35 0
29 -26 -17 0
22 37 -18 0
-36 -18 -28 0
-33 -32 13 0
-8 6 12 0
-36 -10 33 0
-21 34 7 0
-29 22 -5 0
15 -4 -8 0
19 -29 33 0
21 -10 4 0
-15 -32 -5 0
