c instance by G2
c solution = 0010100101011010111101000101010110110
c Known solution cost is 10142 
p cnf 37 50
w 92 16 105 479 485 451 481 75 46 422 201 487 240 307 493 391 51 209 432 268 126 189 24 298 387 263 425 264 226 293 360 352 492 107 356 88 161
-32 35 -26 0
16 24 10 0
1 -20 28 0
5 35 21 0
-35 36 21 0
-15 -28 10 0
20 -12 14 0
-27 29 -4 0
30 25 10 0
34 27 19 0
-36 -17 -4 0
-15 17 -3 0
-11 31 27 0
-35 -17 -1 0
16 -7 27 0
4 25 5 0
3 24 -26 0
4 30 -36 0
-6 -12 2 0
18 34 11 0
-8 -9 11 0
-19 -24 5 0
-19 -37 1 0
12 -30 4 0
-5 -21 -30 0
13 -28 -26 0
-13 -27 4 0
-2 -36 -5 0
3 14 -6 0
-14 -5 7 0
18 -5 -31 0
24 -22 28 0
-34 -30 -5 0
-8 3 -20 0
-25 27 24 0
11 -13 15 0
6 -31 -8 0
21 14 22 0
6 -32 -23 0
8 -18 -26 0
-16 -32 -36 0
33 27 -3 0
-25 35 -11 0
34 -28 13 0
-29 16 9 0
-21 -8 -22 0
32 -15 37 0
-24 -35 31 0
-19 26 -5 0
6 -14 23 0
