c instance by G2
c solution = 1011111011111110111001111111110001101
c Known solution cost is 7977 
p cnf 37 50
w 87 121 94 490 366 308 213 216 208 127 77 168 201 194 132 266 123 366 232 238 329 42 215 460 144 187 275 137 317 153 233 281 446 289 132 84 26
-27 -18 37 0
22 16 11 0
-16 -24 -14 0
1 -17 -26 0
1 -26 -22 0
-3 -6 14 0
-6 19 2 0
-28 11 21 0
34 -5 -26 0
-6 26 -29 0
-28 2 -31 0
-34 -1 28 0
-13 -20 21 0
-28 36 27 0
22 -18 16 0
17 32 18 0
-35 30 -37 0
31 -20 -23 0
-25 -20 -19 0
-28 21 -2 0
-22 18 2 0
28 -27 25 0
-6 -24 -36 0
9 30 21 0
29 33 -18 0
-14 5 -23 0
-5 -3 -8 0
32 9 31 0
6 -9 -28 0
-27 7 -23 0
33 3 20 0
-8 20 3 0
-19 -11 25 0
-11 -3 4 0
-35 -12 24 0
32 35 -4 0
-19 -36 -18 0
-36 -25 18 0
-28 31 23 0
32 -21 -28 0
15 16 -37 0
-32 -29 22 0
20 -11 -33 0
-14 -32 8 0
10 -24 -25 0
-22 -23 25 0
12 36 -13 0
36 -28 17 0
-14 -1 13 0
30 27 18 0
