c instance by G2
c solution = 0111010000101011110110111110010101001
c Known solution cost is 9162 
p cnf 37 50
w 113 150 321 249 240 88 114 484 110 384 279 108 197 492 14 325 280 362 359 344 493 320 77 242 128 68 291 489 427 230 79 388 263 371 2 90 191
-11 16 35 0
-32 -3 24 0
-30 -4 20 0
-16 21 31 0
-2 -8 1 0
36 3 -13 0
-7 -23 -13 0
13 -14 -10 0
1 -13 -5 0
34 6 37 0
28 -5 11 0
-2 -11 13 0
14 -9 1 0
-14 -23 7 0
22 -33 -18 0
-4 -18 34 0
5 36 11 0
2 7 -23 0
-22 4 -21 0
-27 -18 23 0
1 -16 -35 0
-37 30 -17 0
-31 22 -26 0
-11 37 -16 0
32 29 -15 0
36 6 -4 0
-2 -29 5 0
-19 -12 3 0
17 -20 29 0
-26 27 -4 0
1 22 25 0
-28 29 33 0
-25 28 -12 0
18 -12 13 0
3 21 20 0
-22 29 7 0
-15 -4 18 0
28 -19 -6 0
-3 10 26 0
-30 -24 -36 0
-24 -36 -10 0
-1 -16 8 0
15 12 -27 0
35 4 31 0
-22 -31 27 0
34 -31 -8 0
-31 -3 1 0
-25 -10 -34 0
-34 -12 -14 0
11 -7 27 0
