c instance by G2
c solution = 0010000110111001000000010000111001011
c Known solution cost is 10411 
p cnf 37 50
w 182 299 355 80 201 64 488 253 271 352 272 271 277 136 484 446 340 384 52 170 421 491 55 389 234 329 139 4 453 208 431 495 219 341 310 167 348
20 10 -25 0
-21 6 3 0
-28 10 -12 0
31 33 17 0
35 -24 -4 0
26 -14 15 0
20 19 -5 0
12 25 4 0
-30 21 37 0
22 27 24 0
14 -20 27 0
34 9 18 0
-26 -12 -29 0
13 9 -18 0
-6 33 23 0
26 30 25 0
-17 35 -36 0
3 8 -14 0
36 -31 6 0
29 15 -30 0
13 -4 -26 0
-7 17 -37 0
-8 33 16 0
-36 15 -32 0
14 33 11 0
3 20 14 0
-11 4 8 0
-19 -31 35 0
-31 -25 -17 0
-31 20 -22 0
28 -25 21 0
33 -8 -10 0
-35 20 21 0
12 -18 25 0
10 -8 30 0
-23 -11 2 0
20 34 27 0
33 13 -31 0
-3 15 -27 0
-24 -33 5 0
1 -18 -34 0
12 29 15 0
35 27 -2 0
14 6 -1 0
33 9 5 0
-15 26 -29 0
-25 4 27 0
22 -28 21 0
-25 -17 27 0
-16 -30 -21 0
