c instance by G2
c solution = 0110100000110100101010101001000011111
c Known solution cost is 8460 
p cnf 37 50
w 391 334 97 351 190 318 216 358 61 94 105 217 84 428 110 147 278 266 42 44 452 283 490 479 226 154 434 199 33 296 178 61 358 173 174 270 69
-28 -2 -10 0
-5 22 -6 0
30 -14 -6 0
-35 -23 -6 0
10 18 -32 0
-31 21 33 0
6 -22 31 0
26 15 -18 0
-16 -11 6 0
-27 24 -5 0
1 3 -14 0
-2 -9 -17 0
34 -12 -21 0
-17 -13 18 0
32 4 -20 0
23 30 26 0
28 -5 -2 0
-17 35 -11 0
17 -2 -13 0
-25 -13 16 0
31 27 21 0
-29 -5 -3 0
-23 9 -18 0
17 -35 -19 0
-15 27 13 0
33 -21 -14 0
-21 31 14 0
9 34 18 0
-8 -34 -11 0
20 12 -14 0
25 7 -17 0
7 -12 19 0
35 29 32 0
-21 -19 -31 0
18 17 11 0
-17 -24 -12 0
-17 -4 -3 0
-30 29 18 0
16 22 -26 0
4 -1 -37 0
36 32 -34 0
37 13 -35 0
-6 -12 37 0
-7 27 24 0
-4 29 -3 0
26 6 -10 0
-34 5 -37 0
-5 -16 -20 0
11 -14 8 0
-11 -17 2 0
