c instance by G2
c solution = 0011101000001110101000110010111111000
c Known solution cost is 9428 
p cnf 37 50
w 177 188 424 358 194 146 348 105 450 376 406 217 150 14 424 258 36 494 427 44 0 223 25 64 17 212 262 354 413 144 325 366 141 341 408 411 486
-17 13 -30 0
-9 -32 -27 0
-23 18 -12 0
14 4 -16 0
-26 1 -6 0
-33 -18 -29 0
-13 -28 11 0
-2 25 -4 0
-11 -7 28 0
9 -14 -8 0
12 18 -26 0
-15 29 -30 0
-24 14 35 0
-19 15 -13 0
15 37 -19 0
27 9 8 0
26 19 6 0
-10 -13 18 0
-13 7 -32 0
4 -30 29 0
26 -21 -24 0
-27 -22 16 0
25 -20 -33 0
36 -4 32 0
-1 2 -32 0
2 5 12 0
17 -14 -2 0
16 -22 35 0
-28 25 8 0
10 3 8 0
12 20 -37 0
9 -3 -26 0
-31 24 2 0
-32 31 25 0
-31 -6 -32 0
-19 -5 -36 0
17 -33 28 0
28 34 -4 0
-4 6 7 0
-25 12 -15 0
28 -10 -27 0
11 16 4 0
33 -19 -29 0
-4 -35 -20 0
37 18 30 0
-33 23 -5 0
-34 18 -35 0
-16 -23 37 0
30 -6 37 0
31 8 -34 0
