c instance by G2
c solution = 0010110010001001100101011111100010011
c Known solution cost is 9320 
p cnf 37 50
w 371 495 68 257 368 115 75 253 497 24 294 415 288 90 490 80 4 470 304 23 410 498 296 182 63 254 434 327 308 2 257 423 187 367 155 74 102
23 36 15 0
30 -14 34 0
34 29 -32 0
23 16 8 0
-16 6 -25 0
-1 -12 16 0
25 14 1 0
-16 30 22 0
11 26 7 0
-7 31 -16 0
-36 8 5 0
18 -10 35 0
-9 24 23 0
-28 -1 4 0
3 -2 33 0
15 1 17 0
19 12 -15 0
-17 -11 2 0
-3 -18 -36 0
-31 -27 -20 0
-24 -33 28 0
14 -34 23 0
-26 -7 -23 0
-12 -22 10 0
-29 -2 -25 0
27 -21 36 0
32 -11 14 0
-25 -21 -27 0
-26 25 -16 0
-35 15 19 0
11 -23 12 0
-30 34 -5 0
34 4 33 0
-30 4 7 0
28 -30 33 0
20 -27 -36 0
-32 21 -20 0
8 14 29 0
-26 -4 -36 0
-19 -22 35 0
-16 -8 -27 0
10 29 -26 0
9 4 -28 0
-11 34 31 0
-36 27 -3 0
31 -18 4 0
1 -35 30 0
23 4 13 0
4 -28 3 0
12 32 37 0
