c instance by G2
c solution = 1110100001010001001001001001011010000
c Known solution cost is 9241 
p cnf 37 50
w 471 404 118 276 306 81 96 240 236 437 355 6 470 114 226 193 207 307 485 63 154 71 191 122 428 44 429 299 173 389 61 431 74 232 447 370 235
-20 5 -16 0
37 -3 -34 0
-19 -9 24 0
-15 -28 35 0
-34 37 18 0
2 -8 -30 0
-31 2 8 0
14 -26 13 0
8 31 14 0
-7 13 36 0
3 -11 13 0
-11 16 2 0
-24 26 -10 0
14 32 28 0
10 -12 -3 0
34 -11 -16 0
23 -6 -11 0
29 -6 20 0
1 -31 -30 0
-22 30 7 0
3 -2 29 0
-12 -21 6 0
-14 4 -5 0
5 23 -2 0
14 12 -1 0
25 -10 18 0
-6 24 -19 0
31 36 1 0
-36 37 24 0
-1 7 16 0
-28 33 -31 0
-28 13 -4 0
-16 21 -18 0
13 -37 8 0
22 7 -19 0
13 -29 -5 0
-5 35 -27 0
-22 -13 26 0
-32 -30 -23 0
-12 -4 -15 0
-8 -3 -25 0
-20 13 35 0
-23 -5 17 0
-17 7 -16 0
30 23 -1 0
10 36 -15 0
17 11 19 0
36 -31 -35 0
35 -32 14 0
31 -19 24 0
