c instance by G2
c solution = 1000101110000010101000010111001000000
c Known solution cost is 9586 
p cnf 37 50
w 158 363 305 43 207 485 363 178 156 6 103 39 177 46 474 38 400 330 494 313 259 380 108 391 343 322 229 496 430 424 285 6 60 82 318 317 458
3 16 5 0
-15 31 2 0
-34 16 31 0
15 34 14 0
12 -26 -25 0
36 17 30 0
-19 -32 20 0
-15 -32 22 0
21 -6 -7 0
24 12 14 0
-30 2 -17 0
4 -16 12 0
-17 31 27 0
-5 -27 -13 0
-20 18 -1 0
-19 -3 10 0
1 2 20 0
32 37 -21 0
-33 18 20 0
25 19 11 0
10 11 9 0
-11 10 -17 0
-32 -10 -30 0
14 -23 -32 0
15 28 33 0
11 1 2 0
34 7 -17 0
-12 16 4 0
8 1 6 0
-30 -13 -10 0
-1 -19 -23 0
-14 -8 11 0
29 -1 -2 0
-27 36 -18 0
-3 -1 37 0
-37 4 18 0
-35 22 -7 0
-8 -4 -5 0
13 -9 -35 0
-27 3 24 0
-10 -5 -1 0
-36 -1 -5 0
-29 10 20 0
37 28 23 0
-17 -15 -34 0
-22 35 -8 0
21 25 15 0
2 27 25 0
21 26 -9 0
32 3 8 0
