c instance by G2
c solution = 0011010011100101010111001001111110100
c Known solution cost is 10344 
p cnf 37 50
w 478 471 16 49 432 326 477 29 399 278 301 424 104 328 473 135 147 244 215 207 433 201 104 262 43 198 331 208 480 371 224 195 216 447 444 393 261
-21 28 -3 0
-30 -23 -31 0
-11 -19 -31 0
37 -18 -2 0
7 -24 36 0
-11 18 12 0
30 12 2 0
-16 20 -15 0
12 20 -33 0
-15 -35 17 0
-37 -17 23 0
11 23 19 0
-2 26 -20 0
13 -34 -32 0
-2 12 33 0
19 -31 -12 0
-35 23 -1 0
4 -33 26 0
17 16 -22 0
6 -14 -30 0
-29 36 10 0
-32 22 -21 0
3 22 37 0
13 9 -22 0
7 -37 -35 0
12 24 14 0
1 21 -32 0
-12 17 35 0
31 17 -14 0
20 -23 28 0
-12 -17 3 0
35 -4 19 0
-5 24 -18 0
-10 -36 2 0
37 -26 -16 0
-13 1 -3 0
17 -18 -27 0
16 1 11 0
29 -33 34 0
-14 -17 -25 0
-26 -14 -6 0
-32 11 6 0
24 -20 3 0
-19 -21 -30 0
10 26 34 0
23 -7 -9 0
-8 37 1 0
-6 -9 33 0
-29 -35 25 0
5 32 -11 0
