c instance by G2
c solution = 1100001110010000000100100111111111001
c Known solution cost is 7619 
p cnf 37 50
w 205 347 103 146 251 74 263 37 59 228 446 321 342 474 216 104 44 177 349 225 231 99 455 106 22 199 64 211 167 76 24 30 292 433 136 166 497
-35 13 4 0
-14 28 -21 0
-24 10 -37 0
16 -2 30 0
21 -15 29 0
17 -35 -27 0
-28 3 -10 0
30 36 -26 0
-11 -23 5 0
-21 5 3 0
-2 -7 34 0
-32 -26 -19 0
35 -36 -33 0
4 33 18 0
-28 7 36 0
26 -8 36 0
7 11 -26 0
-14 13 -20 0
-35 -31 37 0
20 4 -34 0
-30 3 28 0
-27 -37 -25 0
13 15 -10 0
14 -27 1 0
29 -9 5 0
11 27 13 0
17 10 -11 0
25 -12 -15 0
14 -18 -8 0
-16 -18 23 0
15 9 36 0
-32 35 -3 0
-1 -19 25 0
11 -4 19 0
-6 22 -37 0
-32 -30 -14 0
-7 31 -23 0
-16 11 -1 0
17 12 6 0
25 17 8 0
-22 19 -1 0
-26 -17 -30 0
11 5 2 0
16 10 37 0
-17 -5 27 0
-18 10 21 0
-1 32 11 0
-28 17 -5 0
16 -32 23 0
-34 -13 -7 0
