c instance by G2
c solution = 0010010110101001010001010101001110001
c Known solution cost is 8689 
p cnf 37 50
w 336 307 70 92 61 27 187 331 43 237 426 50 177 42 472 488 301 295 478 18 87 262 271 387 295 368 281 191 200 283 428 73 447 244 112 141 181
-34 12 -8 0
-17 21 20 0
-32 1 -35 0
-8 18 36 0
-22 -12 -31 0
-37 10 11 0
3 -28 31 0
10 26 -16 0
-24 -22 -36 0
-9 23 -29 0
-13 -15 -31 0
15 23 -21 0
26 -11 2 0
-8 -31 24 0
-33 -6 18 0
-29 -37 16 0
12 -22 -4 0
31 7 23 0
36 -11 13 0
-31 -27 18 0
20 19 9 0
-22 -1 30 0
-18 37 7 0
-27 -11 -3 0
2 -30 -3 0
-21 25 10 0
19 -2 5 0
-18 -16 3 0
-23 -9 1 0
-18 34 16 0
27 -29 -23 0
-1 -37 -3 0
-5 1 2 0
2 8 20 0
-8 -13 -14 0
7 34 -1 0
-19 21 17 0
15 5 6 0
19 -22 -14 0
22 -32 7 0
-35 27 -22 0
-26 5 -7 0
-26 1 -20 0
-11 28 14 0
-33 -4 -8 0
-4 -27 9 0
-24 -6 32 0
20 -18 -25 0
19 -10 -6 0
21 14 33 0
