c instance by G2
c solution = 0011110010000011011110100101101111000
c Known solution cost is 10181 
p cnf 37 50
w 327 279 440 89 336 19 52 472 120 463 1 206 179 451 76 335 495 131 126 272 218 56 467 365 312 266 451 256 189 474 463 372 472 267 284 195 205
-3 -22 1 0
25 -11 27 0
-17 -29 24 0
-1 -8 -7 0
-29 30 -17 0
5 1 -9 0
-6 -7 3 0
-13 -4 -21 0
28 -16 12 0
10 9 1 0
-14 -10 -37 0
-2 -32 -31 0
-30 2 -16 0
-22 14 3 0
-19 13 20 0
-8 -4 27 0
-10 -21 1 0
13 3 -29 0
-25 -23 -4 0
-11 32 -27 0
-23 -24 7 0
-36 13 -24 0
-29 25 -36 0
32 27 -34 0
22 -33 23 0
36 34 -21 0
-18 -34 6 0
-33 -9 26 0
24 14 -12 0
21 -15 -35 0
-15 36 16 0
-37 14 12 0
4 19 -32 0
10 -7 -20 0
-27 -21 -6 0
-26 17 31 0
8 36 -1 0
16 -11 9 0
17 19 -21 0
21 14 8 0
18 10 2 0
4 -23 10 0
-14 -34 35 0
-9 30 29 0
-15 -35 -31 0
33 1 37 0
-3 5 -34 0
-6 -9 15 0
-15 8 18 0
18 -26 -33 0
