c instance by G2
c solution = 1110100100000001100110011101001101011
c Known solution cost is 9963 
p cnf 37 50
w 303 5 301 383 73 416 481 200 95 407 185 101 27 211 437 19 404 193 260 328 427 267 366 256 71 213 264 247 295 481 417 301 163 357 127 448 434
29 -34 -18 0
23 -28 -19 0
33 -6 -3 0
29 27 5 0
-3 30 -35 0
-24 9 -33 0
17 28 -9 0
17 11 9 0
9 27 -22 0
1 -32 -25 0
-1 -14 22 0
-16 -26 37 0
-16 17 12 0
-2 21 12 0
-29 31 -1 0
32 30 13 0
-27 -11 5 0
-37 -11 -27 0
8 11 -17 0
-36 -23 -37 0
15 3 11 0
32 10 21 0
15 2 4 0
29 35 -14 0
-28 30 -12 0
-37 -13 -2 0
-31 36 -28 0
-31 25 22 0
-28 34 19 0
-31 -21 20 0
-34 29 -19 0
33 22 21 0
33 28 -2 0
33 -37 24 0
7 -9 19 0
-27 35 -8 0
-8 -4 22 0
30 -7 -8 0
-37 -36 -11 0
29 19 31 0
-24 -30 11 0
-10 19 4 0
12 -36 -7 0
-15 33 -5 0
36 -20 26 0
20 -18 -35 0
23 -21 -29 0
-34 33 16 0
6 17 10 0
26 -37 10 0
