c instance by G2
c solution = 0001110010000011010011101001110010000
c Known solution cost is 9823 
p cnf 37 50
w 275 54 443 404 48 7 308 462 215 104 178 332 420 176 365 223 307 195 410 264 259 113 180 112 347 378 440 86 470 89 484 387 154 492 269 293 80
13 -20 -16 0
24 26 6 0
-3 34 30 0
-18 -14 2 0
-7 -22 -30 0
-11 13 8 0
2 -15 -3 0
-22 -23 25 0
8 -37 31 0
-9 23 35 0
4 6 22 0
3 30 35 0
26 -28 22 0
17 -22 29 0
16 -29 34 0
24 -5 -1 0
15 -16 -13 0
17 5 -18 0
33 35 32 0
21 36 -35 0
19 -12 11 0
10 31 15 0
-9 -35 14 0
-33 28 7 0
-23 26 -32 0
-19 -16 -25 0
-17 -33 20 0
18 14 -29 0
-35 -25 -32 0
19 24 -31 0
21 36 -22 0
27 9 14 0
-24 14 21 0
1 32 -2 0
-34 24 -25 0
20 33 7 0
-14 -37 -9 0
6 -8 -23 0
-36 -22 2 0
11 -25 -26 0
27 -36 3 0
30 9 17 0
26 -8 24 0
14 -3 -1 0
-26 35 23 0
-24 32 27 0
-13 26 36 0
31 -27 2 0
34 4 -18 0
7 -10 -30 0
