c instance by G2
c solution = 1100001111001111101001101000011011010
c Known solution cost is 8605 
p cnf 37 50
w 108 236 217 35 221 67 481 331 267 293 170 76 144 362 224 66 222 483 464 444 355 261 320 15 46 210 115 56 420 333 158 238 165 142 293 459 108
19 24 -15 0
37 6 10 0
1 -9 -14 0
-21 -17 27 0
6 -20 24 0
13 -30 2 0
12 37 14 0
15 -36 29 0
8 -36 3 0
-36 13 24 0
29 30 -22 0
-17 -35 18 0
-27 19 -12 0
7 -1 24 0
33 -31 35 0
33 14 7 0
-36 27 -5 0
20 -11 6 0
-13 22 27 0
-33 -17 9 0
-4 -13 19 0
-22 -8 -26 0
-4 -9 -19 0
15 -26 21 0
34 3 -30 0
29 33 3 0
-19 -17 -28 0
23 -22 -19 0
-23 12 -3 0
30 -23 -34 0
16 24 26 0
-37 -22 -7 0
-17 -32 -10 0
30 -31 -16 0
37 -6 -10 0
-18 -33 29 0
-33 -27 -16 0
4 -15 17 0
33 34 -15 0
25 -14 3 0
-13 -24 35 0
32 -14 36 0
29 -12 35 0
-37 24 -7 0
-10 26 31 0
-35 34 14 0
32 2 5 0
-6 -4 12 0
-15 -10 31 0
20 -29 27 0
