c instance by G2
c solution = 0100001010010001111011011110100000010101
c Known solution cost is 8454 
p cnf 40 50
w 331 94 19 285 357 236 11 122 157 104 413 81 240 132 429 409 285 197 239 6 254 198 230 251 389 354 278 67 388 38 62 354 169 32 224 115 402 22 131 349
32 10 29 0
-20 -19 -1 0
40 35 -26 0
34 -39 -27 0
33 23 24 0
34 14 -15 0
-3 -12 20 0
-9 -10 32 0
28 8 -14 0
-35 33 8 0
-21 16 -25 0
-32 -22 15 0
-5 -25 4 0
34 -31 -40 0
2 -26 5 0
-16 21 39 0
-21 -4 -19 0
-3 16 19 0
28 -25 -37 0
-14 -34 -15 0
-19 36 11 0
-39 -16 32 0
-12 31 -33 0
18 -15 -32 0
16 31 -7 0
32 -25 27 0
-40 38 11 0
-19 -1 -12 0
1 27 29 0
-22 13 7 0
28 -21 17 0
37 18 -27 0
-26 -25 -30 0
1 -29 9 0
-23 -26 28 0
4 -2 -13 0
33 -28 30 0
-40 -9 19 0
-8 39 -36 0
25 5 30 0
-38 8 -11 0
22 -12 6 0
12 31 5 0
-21 -2 26 0
-21 -27 -23 0
-34 -12 -29 0
33 17 -40 0
-20 -29 6 0
-6 -25 35 0
20 26 28 0
