c instance by G2
c solution = 1010000000000010111011110010100100010001
c Known solution cost is 9718 
p cnf 40 50
w 77 46 47 167 43 265 377 381 307 375 148 487 276 256 8 138 202 391 107 232 123 145 300 90 193 487 114 437 304 302 287 331 92 306 321 259 454 116 361 366
37 -24 27 0
2 24 19 0
-21 28 -11 0
26 17 8 0
7 -33 -1 0
24 9 -36 0
-38 35 -40 0
-1 -14 6 0
16 12 21 0
5 -2 8 0
-13 -24 6 0
-32 18 7 0
-20 5 8 0
17 7 -12 0
30 -29 -25 0
20 8 -2 0
-29 32 -3 0
-22 26 15 0
36 -22 -29 0
34 -12 17 0
-19 13 -26 0
11 -1 40 0
-29 19 28 0
-22 -21 -35 0
18 39 25 0
34 11 17 0
-10 26 -21 0
9 35 3 0
-24 -5 8 0
-21 -4 -32 0
25 23 28 0
-12 6 -15 0
-29 -34 -23 0
1 31 -40 0
-32 -28 -20 0
7 -29 -13 0
-1 -7 39 0
34 -36 -30 0
-6 2 38 0
2 29 39 0
5 33 -39 0
-37 12 28 0
-3 -16 -40 0
-29 -32 -9 0
-8 35 -22 0
-8 31 -15 0
12 22 9 0
38 7 -6 0
39 -23 -31 0
-28 11 -22 0
