c instance by G2
c solution = 0110101100010100100010111011000000100110
c Known solution cost is 11409 
p cnf 40 50
w 184 364 365 101 377 369 461 466 432 355 87 288 457 104 383 356 271 95 125 495 325 336 494 343 493 10 333 10 55 10 351 426 26 239 456 246 497 246 140 238
11 -29 13 0
-27 -6 -25 0
33 -15 26 0
6 -5 23 0
-10 36 18 0
10 -14 -18 0
-38 4 -10 0
29 -1 36 0
-3 5 -12 0
-31 37 23 0
16 31 -33 0
32 -37 6 0
23 14 -36 0
-20 -34 -12 0
25 7 -9 0
20 28 6 0
4 -28 8 0
2 -17 19 0
-15 -36 17 0
32 21 -14 0
-21 12 -24 0
38 30 -7 0
22 37 -6 0
-21 10 -31 0
39 22 -23 0
-23 -26 -14 0
10 31 17 0
31 3 18 0
-4 26 -28 0
15 -36 30 0
19 4 -16 0
10 -22 29 0
14 30 22 0
-3 -7 25 0
31 -20 -35 0
27 -14 10 0
-13 6 40 0
-40 -8 -12 0
-17 -12 -11 0
33 -8 35 0
-32 15 -3 0
7 10 16 0
-34 1 37 0
18 36 -30 0
-24 -19 34 0
-34 -16 26 0
9 32 24 0
32 33 -9 0
-23 21 -2 0
11 8 -28 0
