c instance by G2
c solution = 0100100111110010011011100010101110010110
c Known solution cost is 8883 
p cnf 40 50
w 358 173 2 478 150 181 189 453 234 338 140 216 218 73 55 144 108 492 175 173 31 472 352 439 30 332 75 214 74 167 368 229 438 391 261 4 60 29 276 291
-29 -11 8 0
23 17 30 0
25 33 -23 0
26 20 -16 0
-8 -15 32 0
-38 -18 -24 0
-6 12 4 0
-37 -13 35 0
25 -13 -36 0
7 -14 34 0
13 34 -3 0
-37 -21 6 0
10 -18 -23 0
-37 -7 -1 0
21 -27 -15 0
26 -11 27 0
39 6 28 0
-11 38 -32 0
28 -7 40 0
29 -15 20 0
3 22 -29 0
-20 13 -33 0
4 -12 18 0
12 -39 9 0
-35 -36 14 0
-27 -34 -22 0
-12 -34 16 0
31 -8 20 0
-22 -8 -6 0
40 15 24 0
-30 29 3 0
34 -36 2 0
-40 -31 24 0
-38 12 4 0
33 -19 37 0
-15 3 -30 0
40 -38 -25 0
36 35 -11 0
19 -18 4 0
11 25 7 0
6 -28 37 0
28 9 37 0
7 -26 -36 0
-4 20 35 0
-23 11 35 0
-21 -11 5 0
17 26 36 0
-27 35 12 0
-23 20 -1 0
1 -17 -11 0
