c instance by G2
c solution = 0000110100101110001001010000001000000010
c Known solution cost is 9567 
p cnf 40 50
w 291 81 456 387 123 129 272 347 45 319 135 492 453 229 477 125 150 32 314 421 200 144 157 253 439 26 69 305 56 262 237 93 149 310 329 259 248 214 371 168
-3 37 38 0
-14 -36 33 0
8 34 12 0
30 -39 15 0
-12 -24 40 0
-26 34 7 0
33 -10 40 0
-15 -5 -32 0
3 18 -30 0
-38 -11 -8 0
18 -33 -39 0
37 12 11 0
33 -4 -31 0
1 16 -27 0
17 -1 18 0
-25 12 -15 0
-31 -14 6 0
-13 -33 -19 0
36 6 -14 0
-14 -23 9 0
-5 -31 -21 0
23 -33 30 0
25 32 -38 0
25 4 -16 0
39 21 -11 0
22 30 -6 0
-40 4 30 0
14 33 -19 0
-9 29 25 0
1 19 -5 0
36 40 15 0
-37 22 -27 0
4 5 -24 0
-5 33 -7 0
32 13 -24 0
-37 -19 -13 0
-35 32 21 0
24 37 25 0
9 -20 30 0
4 -14 -2 0
34 30 -28 0
9 -18 -22 0
1 -17 -22 0
31 26 29 0
21 16 -29 0
40 27 -34 0
-21 23 -13 0
2 -23 -19 0
8 -31 35 0
11 5 26 0
