c instance by G2
c solution = 1110000010001110100101001101001011000111
c Known solution cost is 8952 
p cnf 40 50
w 13 273 25 419 419 167 183 65 460 28 86 308 105 248 343 205 43 405 304 395 389 377 448 74 349 69 273 230 121 63 158 108 447 499 106 286 19 238 21 183
-17 -39 38 0
40 19 -2 0
21 -32 -38 0
-26 39 -14 0
21 22 35 0
-37 21 -1 0
-36 -1 -2 0
1 -8 34 0
35 -8 -38 0
-25 29 -18 0
32 2 -34 0
16 26 23 0
-9 -33 15 0
4 -40 -6 0
-5 11 -38 0
27 -39 33 0
-16 7 5 0
-31 -28 -23 0
-22 9 36 0
-26 -20 39 0
29 -36 10 0
-4 35 -13 0
17 13 4 0
-40 -12 10 0
11 7 -35 0
36 -1 14 0
7 20 10 0
31 -9 19 0
5 -29 -17 0
-28 -7 6 0
5 40 10 0
-31 -39 28 0
-35 7 -14 0
36 24 3 0
-17 -27 22 0
-9 -33 -24 0
29 34 -33 0
-9 16 17 0
10 16 25 0
-19 15 -24 0
-27 5 -20 0
-25 -19 35 0
-14 18 1 0
12 -30 36 0
19 8 -10 0
27 18 -11 0
-15 19 40 0
-15 -4 19 0
16 19 13 0
12 -26 -21 0
