c instance by G2
c solution = 1000110110011000000101001001101111111100
c Known solution cost is 10787 
p cnf 40 50
w 124 315 64 403 462 116 410 379 490 408 37 158 152 74 306 312 254 139 351 154 443 313 415 354 335 339 407 309 107 23 145 465 491 117 483 485 5 105 24 314
28 23 11 0
13 -23 30 0
-36 27 -2 0
-22 -16 -1 0
19 -6 -4 0
35 -27 3 0
-35 -39 16 0
-15 -8 -25 0
25 17 -33 0
-5 -34 -7 0
-22 27 38 0
30 36 3 0
18 5 4 0
-19 17 -1 0
-25 34 40 0
33 -25 -8 0
-12 18 31 0
29 17 30 0
2 -22 -30 0
40 -17 -34 0
18 6 -36 0
-13 21 -27 0
20 -29 27 0
-37 -10 16 0
-20 15 12 0
-2 3 -28 0
-34 8 2 0
-13 9 40 0
13 -11 19 0
-22 -21 -6 0
-20 1 -6 0
22 39 23 0
6 -40 3 0
-5 -8 -7 0
7 -18 -36 0
24 -1 -3 0
13 -23 -39 0
-26 30 19 0
39 4 5 0
11 -14 17 0
-26 -33 -37 0
36 -20 29 0
-1 -11 -33 0
32 4 -6 0
-23 39 15 0
35 18 -32 0
-1 13 -8 0
-40 -9 -13 0
-8 26 -24 0
37 -8 -34 0
