c instance by G2
c solution = 1111000101111000111110011001100101101011
c Known solution cost is 8968 
p cnf 40 50
w 280 444 138 84 303 235 25 43 422 431 270 209 334 70 377 98 110 187 156 392 44 406 26 124 59 224 369 329 73 223 414 227 348 440 89 206 162 233 157 207
22 -19 8 0
-21 7 -22 0
-5 -11 -24 0
15 21 14 0
-39 38 12 0
-13 16 -31 0
3 -32 -4 0
30 -38 7 0
30 23 11 0
16 32 33 0
-23 18 39 0
-24 -15 -19 0
-24 -27 -25 0
-6 -14 -27 0
-10 -26 -12 0
23 -29 24 0
18 -19 -17 0
34 1 -35 0
-9 22 -3 0
-36 34 13 0
-18 -34 40 0
20 30 22 0
36 14 -7 0
26 39 -2 0
-17 4 7 0
-23 -29 38 0
-11 37 -10 0
-30 -11 38 0
-30 16 -7 0
26 13 33 0
25 -17 23 0
-6 -21 -34 0
-17 29 -32 0
-12 16 -33 0
-31 -21 5 0
38 16 17 0
-4 -21 -16 0
-19 29 -26 0
-34 10 -8 0
26 1 -3 0
36 34 -8 0
28 31 -25 0
2 -8 -18 0
19 -8 -35 0
35 36 27 0
-14 -24 -32 0
-32 -36 -10 0
37 -32 -35 0
-33 -2 22 0
-9 -14 12 0
