c instance by G2
c solution = 0100001001100110111000111100001010100111
c Known solution cost is 9794 
p cnf 40 50
w 96 199 486 98 469 425 151 128 252 82 43 254 212 106 416 247 28 401 356 399 206 318 472 261 302 346 206 121 386 75 408 20 147 330 55 175 338 397 273 110
28 30 39 0
-11 4 35 0
-24 23 -35 0
-35 17 6 0
-8 29 -6 0
12 -36 -17 0
-24 -12 -26 0
24 -31 9 0
4 30 -3 0
-21 27 -35 0
30 22 -4 0
-37 38 -15 0
19 34 -10 0
-34 -12 -21 0
-35 8 -32 0
20 -15 -22 0
-2 -30 3 0
-3 -10 -31 0
12 -25 -13 0
7 2 30 0
-6 -7 13 0
-25 -20 3 0
-24 25 5 0
30 -31 7 0
40 8 -24 0
30 -33 -16 0
22 10 36 0
-27 12 -37 0
2 21 -10 0
-31 -15 -22 0
32 11 -38 0
20 27 26 0
-27 21 -19 0
13 27 18 0
13 -9 -10 0
13 -10 -4 0
-26 31 -14 0
-17 1 -37 0
-20 26 13 0
15 -14 4 0
21 38 -15 0
-33 -31 -34 0
-29 5 -38 0
13 -25 14 0
32 -30 -22 0
-2 16 33 0
30 -5 -19 0
-8 -33 13 0
-1 9 -33 0
-38 -28 5 0
