c instance by G2
c solution = 1100000001111000010110001110011001111110
c Known solution cost is 11729 
p cnf 40 50
w 130 219 398 283 207 205 174 438 372 439 179 441 481 297 417 208 70 163 85 463 318 249 215 303 333 354 162 238 42 360 459 458 63 274 399 385 340 483 322 303
-11 -39 -14 0
37 -39 -26 0
19 -6 -27 0
-22 9 -38 0
24 -4 22 0
8 31 -18 0
-24 -18 -26 0
3 36 7 0
-10 2 33 0
32 10 -34 0
27 31 -33 0
35 9 7 0
37 20 -13 0
-27 -32 -26 0
11 -12 -13 0
-32 25 -37 0
-40 -21 -39 0
26 24 29 0
-11 -23 -27 0
7 -9 -34 0
28 9 -29 0
-27 -12 -16 0
4 13 -38 0
-35 33 20 0
-31 -5 7 0
-17 16 -36 0
22 36 -12 0
12 15 7 0
-34 -8 22 0
11 20 8 0
10 -19 21 0
33 9 -7 0
33 24 25 0
5 23 26 0
19 29 18 0
22 23 37 0
24 -12 38 0
-35 25 -17 0
16 -19 40 0
-25 21 -13 0
-3 -35 7 0
-28 -35 7 0
14 -25 30 0
33 -20 34 0
23 37 -34 0
-25 33 1 0
24 22 -33 0
-36 39 -1 0
-15 22 -30 0
3 27 28 0
