c instance by G2
c solution = 0000111000111100011001010111111011111001
c Known solution cost is 8930 
p cnf 40 50
w 308 300 400 298 52 138 88 232 56 366 480 268 326 229 160 206 320 218 326 46 225 319 394 54 420 34 297 138 391 28 267 127 190 456 98 163 148 144 219 1
34 -28 3 0
-8 32 -19 0
4 23 31 0
-17 32 1 0
-28 25 -38 0
20 21 27 0
10 2 12 0
19 8 21 0
-40 11 16 0
-12 -31 13 0
-4 15 20 0
1 -27 -32 0
3 -20 -27 0
29 -6 32 0
-19 21 14 0
-33 -40 14 0
24 19 39 0
-9 21 8 0
21 -26 -10 0
22 21 -37 0
-29 17 26 0
6 20 -36 0
-23 6 -38 0
8 -37 -1 0
30 -7 10 0
35 17 20 0
-34 15 -20 0
-24 -39 -29 0
5 39 -37 0
5 -12 35 0
28 -24 32 0
-24 -21 -13 0
-2 -37 1 0
-39 -7 21 0
8 33 -26 0
15 2 27 0
13 30 20 0
40 32 -18 0
-25 -36 9 0
-14 18 -12 0
20 10 36 0
-14 -15 2 0
10 1 24 0
4 -34 7 0
-16 -31 25 0
-15 6 -8 0
38 -23 -13 0
37 4 8 0
-29 -3 -34 0
-17 10 -37 0
