c instance by G2
c solution = 1100100110101100110111111100000101100000
c Known solution cost is 8753 
p cnf 40 50
w 4 480 85 142 16 395 9 121 184 74 195 212 326 101 98 461 228 115 370 1 445 432 199 246 42 17 39 301 51 437 333 331 465 145 339 95 238 433 296 252
32 40 19 0
-1 20 19 0
11 30 4 0
33 40 -19 0
4 -38 -21 0
-18 -20 34 0
-18 8 -26 0
-22 -2 -36 0
35 -14 2 0
-33 30 -24 0
24 -11 -9 0
27 28 26 0
33 38 -19 0
25 -34 12 0
29 -39 -5 0
-2 24 -8 0
-11 23 -8 0
27 16 21 0
6 36 -30 0
-32 17 -25 0
19 10 -31 0
-1 40 -10 0
-12 -23 -9 0
-5 35 6 0
39 16 -37 0
-34 -29 19 0
7 22 38 0
34 -21 38 0
11 -28 -5 0
-7 -2 10 0
14 18 26 0
1 -5 -24 0
-3 40 27 0
-8 -40 -34 0
-25 -28 30 0
29 2 28 0
37 -23 -28 0
-27 28 38 0
38 3 18 0
39 -35 -16 0
6 39 13 0
28 -7 -8 0
-6 -34 -14 0
39 -35 5 0
-13 -15 12 0
9 36 -21 0
-13 -4 28 0
-33 16 -5 0
13 37 -6 0
14 -23 -18 0
