c instance by G2
c solution = 1011010101000000101100001101111010010000
c Known solution cost is 11999 
p cnf 40 50
w 344 419 451 494 143 108 363 393 5 56 166 309 269 325 481 498 207 203 225 436 347 452 92 362 34 306 169 350 402 236 261 326 167 333 456 334 493 50 435 499
29 -6 -20 0
-29 27 -13 0
-36 37 1 0
23 -27 -17 0
-6 7 8 0
14 -2 -6 0
22 17 -30 0
-1 -23 34 0
-20 -15 11 0
38 -25 20 0
35 -8 -12 0
24 26 39 0
9 -22 27 0
24 9 25 0
15 36 27 0
37 -11 -20 0
7 -21 30 0
-39 -4 -16 0
38 -35 -17 0
15 7 -18 0
-19 37 -5 0
-10 16 -32 0
10 -6 -30 0
9 34 4 0
21 33 15 0
-36 38 25 0
28 24 -33 0
21 8 26 0
11 36 39 0
-31 3 40 0
15 13 -7 0
16 -25 -39 0
-8 -36 -2 0
-19 -9 32 0
18 16 -21 0
-40 -10 -38 0
21 19 -26 0
-25 -24 14 0
-37 35 -31 0
32 25 24 0
-40 -20 -10 0
-8 -34 -20 0
7 2 -38 0
38 6 24 0
-17 30 21 0
-33 -16 9 0
-14 2 15 0
24 31 13 0
40 31 -5 0
14 20 11 0
