c instance by G2
c solution = 1000011010000010111111111011000100001001
c Known solution cost is 11132 
p cnf 40 50
w 321 403 100 95 427 441 126 192 327 323 31 51 375 253 362 301 48 367 465 225 74 488 445 128 228 159 466 241 376 176 363 445 266 282 319 327 64 180 474 398
20 11 12 0
-10 -32 2 0
32 -1 -20 0
39 -17 24 0
-14 3 -24 0
-8 -28 -23 0
4 1 -17 0
-2 15 13 0
-6 -16 -23 0
-21 28 11 0
-37 -11 30 0
35 -3 2 0
-26 -6 13 0
22 9 -26 0
-2 -23 6 0
-32 7 -25 0
29 37 -20 0
-28 39 -34 0
29 -38 -22 0
11 17 33 0
-21 23 11 0
34 22 -1 0
-29 -2 34 0
5 10 -13 0
-20 11 18 0
12 -27 -5 0
36 39 9 0
12 35 -31 0
16 -33 5 0
-26 7 14 0
-12 -15 -32 0
32 -35 -10 0
-32 5 -35 0
-17 25 -20 0
-15 13 -39 0
5 10 40 0
-6 16 -4 0
-18 -15 -29 0
2 -7 -14 0
-25 14 21 0
35 6 5 0
8 15 16 0
-1 -30 31 0
-39 27 -21 0
-21 -27 -2 0
22 -38 -32 0
-7 27 -6 0
23 15 38 0
8 -20 19 0
31 -36 -27 0
