c instance by G2
c solution = 0001000111011111111000101010110101101100
c Known solution cost is 8358 
p cnf 40 50
w 405 19 150 47 153 167 431 414 115 481 364 420 227 403 183 209 8 94 108 35 101 257 137 138 368 277 468 357 103 126 272 99 122 46 250 267 16 123 326 72
5 14 28 0
9 -35 -18 0
-1 33 28 0
32 -4 -23 0
-32 -13 25 0
-16 10 7 0
-23 37 6 0
-6 -29 20 0
-2 1 -15 0
-13 28 16 0
13 39 -27 0
-37 -3 -16 0
2 -16 8 0
22 34 1 0
29 22 -32 0
28 13 -27 0
39 -8 12 0
28 35 33 0
20 -7 -18 0
28 19 -32 0
-31 10 39 0
3 -35 -5 0
-13 38 -4 0
28 18 -32 0
-35 -1 -8 0
11 -22 -18 0
-30 15 24 0
22 -36 -18 0
7 -21 26 0
-9 4 28 0
-34 7 -33 0
-39 -34 26 0
27 -38 26 0
28 23 -17 0
-16 -40 33 0
-17 13 36 0
17 -13 -38 0
2 -12 18 0
-7 31 -27 0
22 -19 -20 0
26 -12 30 0
-30 2 -11 0
-35 32 -12 0
-16 -32 -31 0
-38 -18 -26 0
-18 -24 -10 0
11 35 1 0
37 -15 -25 0
20 26 -28 0
33 29 -25 0
