c instance by G2
c solution = 0001101011010000010000010000000101100111
c Known solution cost is 8442 
p cnf 40 50
w 133 19 205 149 51 271 16 301 388 395 153 11 472 373 290 245 174 207 150 484 44 300 178 115 410 27 252 489 184 380 85 73 241 100 76 378 92 37 332 162
37 17 -3 0
28 -32 -2 0
7 -39 6 0
4 -35 23 0
5 11 29 0
30 -6 13 0
36 13 -21 0
-40 15 10 0
11 -22 -40 0
-19 6 -34 0
-20 8 21 0
19 -13 -7 0
-18 33 -17 0
-26 23 3 0
-39 -1 26 0
20 -16 30 0
-12 -4 40 0
18 29 2 0
26 -30 10 0
-11 -12 2 0
35 25 17 0
38 8 3 0
-28 22 -18 0
-34 -29 25 0
8 -4 32 0
-30 10 39 0
1 28 -27 0
12 -10 3 0
15 -8 19 0
-26 -40 -39 0
33 25 34 0
11 -38 -31 0
-34 13 -33 0
-8 -5 6 0
-13 -14 -3 0
-25 -24 28 0
8 -36 21 0
24 19 30 0
-37 10 16 0
7 -28 17 0
8 -24 -37 0
39 21 -12 0
14 -23 37 0
-12 29 -30 0
-14 19 13 0
9 -39 3 0
-28 -1 -38 0
28 -38 -2 0
-10 -15 -5 0
7 -10 3 0
