c instance by G2
c solution = 1111000010011010000110001000111011100001
c Known solution cost is 9850 
p cnf 40 50
w 76 259 6 384 431 445 411 171 443 64 338 456 224 81 455 227 357 175 198 480 419 212 169 147 339 136 119 103 299 297 490 0 180 20 135 382 4 261 53 404
-20 6 31 0
-4 30 -31 0
-25 1 -9 0
-24 -32 22 0
-28 -20 11 0
-1 13 7 0
10 21 -35 0
-34 -17 39 0
-37 6 7 0
23 32 31 0
23 14 4 0
-8 31 -39 0
-29 -11 -21 0
5 -30 2 0
-12 7 -18 0
40 38 32 0
35 28 11 0
-25 -16 -34 0
-29 -39 -30 0
-8 -20 -40 0
-3 10 -14 0
38 -11 22 0
-4 19 -22 0
-12 29 -9 0
-21 23 -7 0
-37 4 34 0
24 -31 -5 0
-4 24 -23 0
-36 -1 -34 0
20 -1 17 0
3 24 -26 0
8 -1 -10 0
12 27 37 0
32 -27 19 0
6 22 -38 0
12 -34 -17 0
-36 15 -20 0
-25 22 34 0
-25 10 -24 0
-6 -30 38 0
19 15 -35 0
-20 6 33 0
-12 -20 -19 0
-20 -36 -23 0
7 20 23 0
9 -20 24 0
-26 5 10 0
5 14 3 0
-3 -30 25 0
10 -32 -40 0
