c instance by G2
c solution = 1011000010010101101100001101001000001
c Known solution cost is 9820 
p cnf 37 50
w 315 362 388 268 487 102 227 223 452 464 423 146 473 341 395 430 455 123 66 94 120 385 91 99 294 68 273 110 341 155 364 151 401 95 50 171 418
-36 4 -34 0
-31 14 -26 0
-30 -9 -4 0
-4 5 -29 0
32 -37 -24 0
2 4 -16 0
-32 30 33 0
3 1 16 0
-18 -1 17 0
-34 -23 15 0
-14 27 -8 0
5 -26 -18 0
30 -3 -2 0
-19 25 -12 0
-10 -37 -20 0
12 -16 30 0
-21 23 -26 0
-26 -20 -13 0
-19 31 -28 0
24 26 -28 0
-16 30 -5 0
22 -33 21 0
13 11 17 0
7 37 13 0
-22 36 -16 0
17 8 -25 0
-14 30 -11 0
-12 -29 13 0
-31 29 -36 0
2 27 -15 0
2 -16 -6 0
-27 8 10 0
29 6 1 0
29 9 7 0
25 -20 -29 0
-17 -1 -21 0
20 -31 -17 0
-1 -35 10 0
34 -4 28 0
32 21 -23 0
16 34 13 0
-6 34 -19 0
1 36 -3 0
31 34 7 0
18 35 -2 0
19 -1 6 0
3 -19 30 0
-34 -17 32 0
-25 -7 -16 0
12 30 -27 0
