c instance by G2
c solution = 0111001110010011011011010010010000000
c Known solution cost is 10079 
p cnf 37 50
w 428 257 189 251 436 31 282 431 332 184 294 435 178 367 444 481 241 323 318 38 380 425 222 81 15 165 248 326 76 284 454 431 95 394 336 102 105
-22 36 -28 0
-17 6 -27 0
-29 20 -18 0
17 9 -12 0
1 -10 34 0
-35 -24 -18 0
-36 29 19 0
32 31 -23 0
-32 -18 -3 0
-26 -7 -24 0
4 -28 -30 0
8 -26 -35 0
-5 -33 -9 0
25 -27 12 0
18 15 3 0
-34 5 33 0
6 -19 30 0
-12 -2 8 0
-36 23 -3 0
-16 28 7 0
-15 3 -21 0
19 10 13 0
-7 19 13 0
-20 -30 -15 0
6 8 -34 0
-16 -30 -32 0
-27 29 -37 0
14 21 11 0
-33 10 -19 0
-15 32 18 0
33 -37 13 0
-27 -30 -31 0
-2 -5 20 0
27 33 5 0
-8 16 36 0
-19 -4 -13 0
24 -21 -12 0
-21 2 -9 0
25 -1 -26 0
-26 -28 13 0
-16 26 -1 0
-14 29 11 0
4 26 -22 0
25 15 -16 0
1 -5 33 0
23 22 -18 0
-3 -11 31 0
34 1 -6 0
4 30 12 0
23 -25 -27 0
