c instance by G2
c solution = 0010100011111011101011000010000111101
c Known solution cost is 9348 
p cnf 37 50
w 476 330 143 341 89 431 349 171 112 235 227 347 336 103 244 43 336 328 253 40 362 165 360 298 348 413 17 153 322 115 281 265 283 380 397 136 119
8 21 7 0
-23 30 -27 0
-11 28 -31 0
34 -12 -11 0
-28 -27 14 0
-26 14 -13 0
-3 35 36 0
32 -5 14 0
-5 3 36 0
-4 30 -22 0
-2 -9 -17 0
-34 -33 -25 0
16 30 20 0
-22 -14 6 0
32 -1 -31 0
13 -16 30 0
-10 12 29 0
27 25 20 0
17 -10 25 0
-23 -32 -10 0
-5 -6 18 0
-37 -7 -19 0
-16 17 20 0
24 -5 -1 0
10 -5 -37 0
11 25 -9 0
-3 -35 -31 0
-18 -27 -34 0
26 -3 22 0
-16 34 -12 0
20 14 33 0
-36 -5 34 0
-9 -30 14 0
2 5 -35 0
30 -8 -15 0
9 24 26 0
27 -10 -21 0
29 -37 -36 0
5 13 31 0
-8 -32 -3 0
25 -20 -27 0
23 19 25 0
2 25 -26 0
-11 -16 37 0
-16 36 15 0
-34 11 28 0
-11 -24 36 0
-27 -29 2 0
24 36 5 0
-32 28 11 0
