c instance by G2
c solution = 0100101100100001011101010011100111110
c Known solution cost is 8203 
p cnf 37 50
w 266 113 65 33 314 95 367 274 283 179 158 481 409 246 211 164 474 177 50 331 471 102 1 215 348 96 452 34 473 276 285 202 16 217 62 76 187
29 17 -28 0
5 -8 25 0
-1 26 10 0
-15 -24 -22 0
-16 22 3 0
24 21 -8 0
-19 4 34 0
6 -34 -23 0
9 -34 18 0
11 25 10 0
-33 6 -4 0
-35 -17 26 0
-36 -6 30 0
14 9 -13 0
-14 -16 -28 0
-15 -21 -24 0
-25 -22 6 0
1 28 -17 0
5 -37 -29 0
30 19 31 0
-8 -16 -9 0
-26 21 37 0
14 13 -30 0
36 23 12 0
-12 6 -24 0
-11 1 8 0
-8 -35 20 0
37 28 -2 0
2 -27 -16 0
-7 -26 32 0
15 35 25 0
4 -10 -36 0
-27 -19 -31 0
1 -37 30 0
-7 -13 -22 0
17 -10 30 0
27 12 -20 0
10 17 16 0
3 -8 -21 0
-3 -23 14 0
-14 10 -26 0
-2 -1 21 0
18 28 -6 0
-8 6 18 0
3 32 -27 0
-14 12 -23 0
-34 -3 -2 0
23 33 -18 0
7 -35 -28 0
-10 11 -15 0
