c instance by G2
c solution = 0000010010111110100001111011011100101
c Known solution cost is 8560 
p cnf 37 50
w 295 85 416 52 272 286 136 149 463 213 22 61 482 333 125 211 1 327 326 311 479 418 250 280 50 156 45 291 323 17 421 336 23 264 95 185 361
1 -24 -20 0
-25 12 5 0
-4 -30 -24 0
2 -20 5 0
14 -35 8 0
-5 -28 -23 0
-32 16 -1 0
-28 -35 -21 0
10 23 34 0
-28 -23 27 0
3 5 35 0
-7 -37 10 0
7 -19 -9 0
-13 -30 -8 0
-22 5 -34 0
24 -30 -32 0
33 13 -9 0
9 -14 7 0
29 -10 -12 0
9 -25 -28 0
37 1 -12 0
33 12 -11 0
3 -19 -14 0
-3 -10 -8 0
-27 4 -16 0
-35 -31 -18 0
2 10 6 0
-24 1 30 0
5 36 11 0
-23 -11 25 0
-11 5 -33 0
-11 18 -2 0
28 16 8 0
16 -24 -29 0
28 -9 -26 0
-36 19 34 0
3 32 18 0
-7 33 -16 0
-25 31 -9 0
-4 11 14 0
-6 -26 19 0
24 -32 15 0
8 -33 16 0
-27 -1 3 0
-37 -30 -3 0
-34 -30 4 0
22 8 -12 0
-32 15 -23 0
16 17 -32 0
-14 -11 -7 0
