c instance by G2
c solution = 1111111100101011000011011011100001110
c Known solution cost is 8816 
p cnf 37 50
w 169 180 451 133 38 169 384 383 43 376 410 335 111 392 489 349 334 222 392 398 99 81 133 82 2 13 27 458 73 204 390 219 441 217 156 179 284
-17 -21 32 0
-9 -37 24 0
-34 -11 -30 0
-2 8 12 0
10 -36 -32 0
10 -23 -16 0
25 30 17 0
36 18 12 0
-1 23 34 0
-5 34 -27 0
1 12 -3 0
-25 10 -20 0
35 -6 -4 0
-11 2 37 0
-27 -37 -24 0
-4 -12 19 0
-16 15 32 0
8 4 5 0
37 11 18 0
33 16 -5 0
-2 -26 12 0
-34 13 -3 0
-20 -15 34 0
-15 -25 -14 0
30 5 -1 0
29 9 12 0
-33 -34 -5 0
-13 -32 -6 0
-13 28 20 0
27 -22 17 0
21 9 -27 0
-31 -7 -11 0
22 10 30 0
-11 20 24 0
-19 37 17 0
4 20 26 0
-29 23 -9 0
-18 33 -6 0
-36 19 6 0
4 12 -34 0
17 -4 -9 0
-17 19 -22 0
-13 7 9 0
-27 -28 -37 0
28 33 8 0
16 31 -35 0
9 37 -10 0
-18 20 31 0
3 9 31 0
-2 11 23 0
