c instance by G2
c solution = 0001010100001011111100100101001111110
c Known solution cost is 9616 
p cnf 37 50
w 289 382 262 37 216 297 286 34 434 200 183 36 248 464 231 221 416 376 346 439 161 36 96 65 179 265 444 318 387 473 207 441 247 401 42 384 73
-31 -34 28 0
16 -31 29 0
29 -27 -32 0
2 -20 -24 0
10 31 26 0
11 -27 -4 0
-3 18 29 0
-20 -7 25 0
18 -19 21 0
4 37 25 0
12 31 29 0
7 28 -36 0
31 -10 16 0
-6 32 3 0
-20 22 -14 0
-36 -3 5 0
-12 -3 -31 0
-29 -26 9 0
-25 -1 37 0
-10 12 -32 0
2 35 -13 0
-36 23 14 0
-33 34 15 0
-26 13 -20 0
22 -2 14 0
3 -21 -6 0
-5 12 -33 0
24 36 11 0
-37 -31 -16 0
-1 -37 6 0
5 -35 33 0
-18 -17 20 0
21 5 8 0
28 20 -1 0
29 -13 34 0
-26 30 13 0
-20 24 26 0
-30 -27 5 0
-19 -22 21 0
15 -13 2 0
-9 10 37 0
-14 -19 -8 0
6 -4 3 0
5 10 -11 0
-6 -13 -1 0
-30 10 -8 0
19 37 -8 0
3 17 -31 0
-25 24 -8 0
11 22 -12 0
