c instance by G2
c solution = 1110011110100010100111100111110010111
c Known solution cost is 10066 
p cnf 37 50
w 166 318 459 36 411 347 331 330 78 445 326 246 377 283 301 20 364 431 461 133 379 375 185 55 420 453 0 65 0 436 318 12 475 131 411 195 293
14 -9 -34 0
-33 -18 14 0
10 -23 6 0
-15 18 35 0
-6 -26 2 0
-19 -9 -23 0
-9 -22 -12 0
-16 10 29 0
18 -15 8 0
32 -22 -13 0
-20 -21 28 0
1 -27 10 0
11 25 32 0
-33 8 34 0
-23 -3 -31 0
-10 18 -29 0
-5 35 25 0
-11 21 -7 0
36 -28 34 0
14 -3 7 0
29 -28 13 0
9 -6 -26 0
-26 6 -33 0
-18 -2 -15 0
18 -24 -36 0
-36 13 17 0
4 -32 -35 0
-17 -4 -11 0
30 -23 34 0
-28 33 27 0
-35 22 10 0
31 27 13 0
-7 9 -12 0
33 -26 34 0
3 -6 -17 0
25 -2 26 0
24 -36 -12 0
19 -1 -25 0
-14 -33 -3 0
-37 15 -29 0
-4 36 -33 0
8 13 2 0
-28 5 20 0
24 -5 -20 0
17 -10 8 0
-2 -30 -16 0
37 -33 16 0
-4 -6 20 0
10 31 7 0
-28 23 -37 0
