c instance by G2
c solution = 1111111100010101101110100101010001111
c Known solution cost is 9364 
p cnf 37 50
w 97 233 495 194 486 309 11 497 28 86 444 401 75 429 114 219 471 404 234 347 198 349 404 180 405 246 32 270 400 119 66 491 351 78 2 115 84
5 10 -23 0
18 -14 -31 0
21 -3 -19 0
-6 -4 -22 0
19 21 -25 0
15 16 25 0
23 -6 -3 0
-6 -24 -19 0
-6 4 -5 0
32 -18 -35 0
-14 -16 17 0
-11 15 -8 0
-37 32 17 0
18 10 26 0
-27 10 18 0
-37 -8 12 0
20 -4 -5 0
30 -4 -28 0
3 -16 -17 0
-7 -9 -17 0
-13 -7 -35 0
-23 26 22 0
15 -29 -3 0
-10 24 -36 0
-10 -33 -32 0
25 -17 34 0
5 16 -17 0
21 10 30 0
33 -21 -32 0
36 -26 -35 0
15 34 37 0
8 -7 -36 0
33 24 -25 0
2 10 -4 0
-2 -4 28 0
-15 -23 24 0
1 -35 31 0
22 -3 16 0
13 31 6 0
13 -33 19 0
-12 10 37 0
-26 -30 35 0
-14 31 -33 0
-32 7 26 0
22 -14 26 0
29 12 -9 0
25 14 -37 0
-30 -12 7 0
9 -23 19 0
20 18 24 0
