c instance by G2
c solution = 1011010111100100001110110101111111010
c Known solution cost is 7792 
p cnf 37 50
w 58 470 9 313 80 73 70 60 70 237 386 436 476 400 155 381 52 236 27 477 93 19 24 48 129 33 194 234 364 291 258 235 390 260 40 300 414
30 -13 12 0
13 -23 -22 0
-29 -27 -3 0
11 2 -32 0
18 -4 9 0
7 23 -28 0
17 -10 19 0
-36 -7 -28 0
30 -23 6 0
-16 -33 -14 0
17 -34 10 0
-1 17 8 0
-31 -35 -36 0
-24 30 -14 0
3 5 -29 0
-37 35 18 0
-21 -16 -19 0
13 -17 -31 0
-28 -18 -4 0
-9 27 -2 0
-20 21 27 0
24 -32 -26 0
36 -21 -31 0
-11 -4 23 0
-9 27 28 0
-8 -36 29 0
33 -20 36 0
22 13 11 0
16 26 -6 0
-9 20 5 0
-32 -28 33 0
14 -8 12 0
34 7 -20 0
28 -31 -25 0
-29 -19 -13 0
-25 -36 -9 0
-24 -15 -26 0
5 -19 -17 0
27 1 -11 0
-30 21 25 0
-9 -33 31 0
-8 -31 -12 0
6 -1 17 0
-3 34 -19 0
-24 20 -9 0
-10 37 -7 0
27 4 -26 0
-16 -4 17 0
-4 -21 32 0
-36 -3 -5 0
