c instance by G2
c solution = 1010111010010010010101010110101011010
c Known solution cost is 9092 
p cnf 37 50
w 438 204 255 388 136 205 383 259 462 187 103 228 158 165 242 143 323 471 75 269 92 293 9 485 185 338 320 44 384 44 388 283 26 222 251 190 444
9 -13 -29 0
-26 -31 -8 0
16 -19 30 0
10 -34 26 0
35 -30 -1 0
35 30 24 0
-25 -34 23 0
17 19 20 0
25 -10 32 0
-37 -7 -12 0
8 5 -3 0
17 -11 -20 0
-37 31 -27 0
30 -5 -14 0
-15 -4 31 0
33 17 -12 0
-5 30 -23 0
-6 -17 -27 0
-24 -9 -21 0
-12 29 -7 0
-1 -35 19 0
25 -23 19 0
36 -31 10 0
37 20 -23 0
-10 3 -13 0
-29 31 -6 0
-28 16 -29 0
-2 10 4 0
-16 23 4 0
-13 21 19 0
-21 -7 -15 0
-36 18 -26 0
7 -9 -31 0
21 24 19 0
-32 18 -30 0
28 1 -12 0
22 -29 8 0
-7 28 36 0
-31 -12 -28 0
8 4 34 0
4 -31 -32 0
-33 15 13 0
19 2 12 0
6 16 -20 0
9 8 -22 0
10 -22 -8 0
-33 -6 -4 0
32 14 29 0
8 -26 3 0
4 27 8 0
