c instance by G2
c solution = 0010101000101010101000111111001011111
c Known solution cost is 9269 
p cnf 37 50
w 25 388 344 456 318 49 421 398 275 64 398 385 106 22 75 160 15 306 133 393 389 178 203 494 241 216 199 440 49 175 68 170 230 394 376 224 492
-23 -18 -33 0
10 -9 -5 0
-11 1 -32 0
-13 15 -5 0
36 -15 29 0
28 -34 4 0
-13 25 8 0
6 37 -35 0
3 29 2 0
-8 -7 18 0
23 10 -19 0
-28 6 24 0
23 -25 -26 0
10 33 -28 0
-13 -29 2 0
-22 32 18 0
-8 -12 -32 0
-1 -33 10 0
-26 -2 18 0
16 -12 -36 0
20 2 -21 0
-33 -6 -35 0
-24 12 34 0
-33 9 19 0
-20 -34 4 0
-28 -4 -8 0
20 8 13 0
30 31 -17 0
12 26 -24 0
14 35 30 0
-15 4 -16 0
12 2 27 0
-9 -26 33 0
-11 28 -30 0
10 -30 -28 0
-13 -11 -4 0
22 31 32 0
4 5 30 0
-25 -2 14 0
4 -12 -15 0
-27 15 11 0
-27 -23 33 0
1 -14 32 0
7 -35 -13 0
1 30 19 0
-25 11 20 0
-10 -11 2 0
-37 36 -35 0
-20 30 -6 0
17 -35 -34 0
