c instance by G2
c solution = 1010011111100101100001011010010110110
c Known solution cost is 8332 
p cnf 37 50
w 127 99 281 139 265 156 309 303 206 176 361 156 314 409 133 282 222 135 440 134 350 160 149 36 467 97 388 218 357 350 240 67 97 53 225 166 265
-32 -23 -1 0
-35 10 -16 0
23 11 -22 0
13 -31 8 0
-13 -33 -9 0
24 31 19 0
37 -29 21 0
35 -30 -7 0
-14 24 -7 0
26 19 -31 0
-7 20 -21 0
35 22 -11 0
18 -25 9 0
29 -35 -26 0
-16 30 21 0
6 -32 19 0
20 -18 -10 0
-25 33 27 0
26 -5 -11 0
-6 -7 17 0
-35 -6 -2 0
-4 28 -10 0
22 -7 -6 0
-33 16 31 0
-14 -28 12 0
-30 5 3 0
-17 -4 18 0
23 -8 -28 0
21 -31 28 0
-12 -17 -1 0
9 -2 37 0
31 -10 -18 0
36 31 21 0
-20 -36 19 0
7 12 -17 0
-27 -35 -15 0
31 34 -19 0
13 -19 35 0
34 -27 -20 0
5 25 -3 0
18 1 34 0
34 2 35 0
-10 4 14 0
-35 32 -33 0
13 -8 -37 0
31 8 -27 0
28 4 -34 0
-18 14 9 0
33 -22 -9 0
-16 27 -25 0
