c instance by G2
c solution = 0011010101111010110110010011100100001
c Known solution cost is 9274 
p cnf 37 50
w 169 149 175 308 444 413 352 333 430 100 27 139 404 427 122 473 42 94 482 216 209 125 197 452 301 42 89 80 406 411 274 426 323 68 136 23 413
32 -7 17 0
-4 -30 28 0
7 5 13 0
2 22 4 0
-25 -7 -3 0
-9 -10 25 0
6 -32 -9 0
-13 34 -31 0
30 -3 -34 0
-30 -12 -6 0
5 8 -11 0
17 -32 19 0
27 -20 -17 0
-33 35 1 0
7 27 30 0
7 -14 33 0
-30 3 13 0
19 1 -25 0
-28 -15 -33 0
-26 36 33 0
17 26 -14 0
20 22 -10 0
23 16 37 0
-28 -2 -8 0
22 2 6 0
-23 -6 -37 0
22 -7 -27 0
34 15 -20 0
35 28 25 0
11 16 -24 0
2 33 10 0
-28 18 -4 0
7 -5 36 0
-29 -9 -27 0
-6 22 -35 0
-17 -30 -19 0
-12 3 -29 0
30 27 35 0
32 -10 26 0
-36 -29 -11 0
-10 12 -27 0
-16 26 35 0
-20 -1 -15 0
23 24 30 0
-22 -10 -3 0
-1 -20 -9 0
-13 -1 -26 0
-19 31 -15 0
-6 29 9 0
-24 21 35 0
