c instance by G2
c solution = 0110001010110000001011101111001110111
c Known solution cost is 8604 
p cnf 37 50
w 163 91 341 294 278 94 241 11 198 371 420 62 140 391 375 23 253 355 30 445 388 98 281 21 356 413 340 144 62 304 1 230 440 435 221 143 151
-28 -20 1 0
27 -22 -23 0
8 -17 1 0
-7 36 24 0
22 29 7 0
18 17 -5 0
-3 -12 28 0
-27 8 23 0
15 -2 -1 0
-32 -25 -18 0
-1 17 11 0
-1 28 3 0
-16 -36 -35 0
-23 18 25 0
7 34 8 0
-13 -37 -31 0
6 30 3 0
14 -34 4 0
31 35 -14 0
9 -36 -11 0
34 -23 31 0
-11 30 -10 0
33 -21 -23 0
-27 5 -30 0
5 16 33 0
-22 -35 -34 0
-33 15 21 0
26 30 -7 0
-11 19 34 0
-4 -27 -23 0
1 -15 -7 0
12 -19 4 0
4 22 8 0
32 20 8 0
2 1 15 0
1 -8 -2 0
6 -24 -3 0
-2 4 37 0
-15 -21 -10 0
-29 -2 16 0
-9 3 -10 0
-26 -37 11 0
-31 -11 32 0
-23 -6 -35 0
5 -12 3 0
37 18 3 0
36 29 -20 0
-26 -7 -14 0
21 -26 22 0
-28 8 35 0
