c instance by G2
c solution = 1110101100100101001111000010011001100
c Known solution cost is 8277 
p cnf 37 50
w 324 146 346 388 76 312 44 143 21 216 21 14 393 469 316 65 150 26 193 38 277 335 373 324 329 427 244 17 57 164 310 371 79 134 390 246 499
14 23 -5 0
-34 32 31 0
-25 -35 6 0
-12 -16 -19 0
17 11 -7 0
-34 17 -29 0
-7 18 -6 0
-11 25 7 0
-11 19 -1 0
32 -3 -36 0
11 -13 -37 0
33 19 2 0
23 15 -4 0
-14 10 5 0
-17 -2 33 0
1 -27 -8 0
-19 21 -1 0
-2 -18 36 0
7 -11 -8 0
-37 32 -31 0
-2 24 3 0
32 -8 2 0
-19 33 8 0
37 22 28 0
-1 36 -13 0
32 16 28 0
-24 22 26 0
26 15 -9 0
25 10 34 0
-21 32 -15 0
-3 -23 -10 0
-2 -24 -22 0
-10 17 -19 0
37 8 4 0
30 4 26 0
-30 -8 -28 0
-7 -22 -33 0
13 9 16 0
27 -5 37 0
-4 37 -25 0
1 29 6 0
-1 -32 -20 0
-4 -6 5 0
35 37 -16 0
-22 12 8 0
-26 32 36 0
-11 -6 -35 0
29 -37 7 0
-23 -1 9 0
20 13 -7 0
