c instance by G2
c solution = 10110001011100000110101100000000
c Known solution cost is 8478 
p cnf 32 50
w 478 475 275 255 492 29 250 221 54 155 159 252 118 375 310 421 214 255 56 167 335 240 355 164 418 121 414 29 307 469 448 167
4 1 -11 0
4 -10 20 0
28 15 -26 0
30 -9 -4 0
19 6 14 0
32 22 -27 0
21 -17 26 0
26 -32 -4 0
13 -6 15 0
10 -12 14 0
-30 -21 22 0
15 9 -28 0
28 13 -22 0
-8 26 3 0
-9 -17 -19 0
26 -20 -3 0
17 26 -13 0
-7 -28 9 0
23 7 29 0
-17 -24 2 0
-4 -12 23 0
18 -19 -12 0
-28 -9 -19 0
-30 -7 -17 0
-22 -4 -23 0
16 -25 -28 0
-14 18 3 0
30 -14 32 0
27 -15 -3 0
23 30 29 0
25 -23 8 0
-19 2 21 0
-31 17 9 0
4 -18 -7 0
22 -7 -20 0
28 29 -25 0
-7 -3 -24 0
9 -2 27 0
6 -31 -3 0
-24 -18 12 0
-5 -1 32 0
-16 -7 3 0
14 -16 2 0
20 -8 -32 0
13 20 1 0
14 24 5 0
24 14 32 0
-29 13 26 0
-23 -7 -30 0
-12 11 28 0
