c instance by G2
c solution = 11100100101001100001101000100111
c Known solution cost is 8727 
p cnf 32 50
w 33 398 56 331 240 133 453 373 137 329 295 381 247 73 398 321 223 160 441 50 337 471 135 455 142 392 156 332 390 342 55 448
29 -23 30 0
16 -14 27 0
-3 25 -29 0
-7 6 16 0
-27 -31 21 0
-30 -9 -4 0
-6 1 -3 0
-8 -20 13 0
-14 -28 26 0
24 -6 9 0
12 -1 -22 0
-31 -17 12 0
-11 -3 32 0
-31 15 -32 0
-23 11 17 0
-1 -27 -7 0
-31 -26 29 0
-10 8 -4 0
18 20 -11 0
-8 -23 -3 0
6 -21 22 0
31 -4 24 0
8 -3 6 0
12 -5 17 0
32 9 -13 0
32 1 15 0
-11 -13 22 0
8 -2 3 0
2 -18 12 0
-24 13 -2 0
-15 23 -27 0
29 21 3 0
14 -21 -27 0
-1 -16 -23 0
17 16 -4 0
-1 24 -12 0
-8 -22 26 0
-21 -19 22 0
-3 31 22 0
-9 28 21 0
-20 18 -25 0
3 27 -26 0
-3 -17 -11 0
-3 -10 19 0
15 23 -10 0
26 -12 -11 0
16 -6 2 0
-32 -18 5 0
-20 -9 -17 0
15 -12 -24 0
