c instance by G2
c solution = 10110111111010110101010010001100
c Known solution cost is 7006 
p cnf 32 50
w 3 277 69 17 129 64 1 150 333 342 413 352 486 201 188 251 10 388 468 334 3 97 65 169 493 321 309 216 251 2 148 456
28 29 -11 0
25 -14 23 0
13 10 -31 0
-17 11 25 0
-29 31 16 0
-26 31 -20 0
15 19 9 0
-1 -21 -25 0
-27 4 5 0
-18 22 -29 0
30 23 -15 0
-14 -2 28 0
27 -12 28 0
-15 -21 -8 0
-3 -5 -8 0
19 -27 -15 0
6 18 -31 0
18 -10 -5 0
-16 -8 -14 0
23 -28 31 0
-31 -1 -12 0
32 -23 16 0
-19 -13 -1 0
-17 -22 -11 0
-29 17 -21 0
-2 -11 14 0
25 19 -1 0
24 -23 -11 0
8 19 -29 0
25 11 -6 0
13 -3 -30 0
20 -6 19 0
1 12 14 0
-20 28 10 0
32 4 -7 0
5 -16 22 0
2 -15 -32 0
27 -3 7 0
15 -7 -6 0
12 6 -8 0
10 14 5 0
26 3 -13 0
28 5 9 0
2 18 24 0
19 -27 -8 0
23 -24 -22 0
-13 -32 18 0
11 -7 2 0
2 -4 -27 0
-8 -31 -10 0
