c instance by G2
c solution = 01111110010100011000110000100111
c Known solution cost is 10120 
p cnf 32 50
w 359 235 452 356 341 436 184 395 467 359 264 485 118 85 332 240 337 337 202 194 446 291 146 381 381 271 278 461 249 432 395 211
-27 2 6 0
-8 -25 31 0
17 -3 -2 0
-11 -30 31 0
-28 10 -4 0
2 -5 23 0
3 28 -10 0
7 -10 20 0
-5 -11 23 0
-17 32 -31 0
26 -18 -12 0
26 30 -4 0
-27 -31 7 0
-32 27 29 0
13 -32 -20 0
7 -22 -10 0
-27 -23 -22 0
8 -17 -1 0
-1 -23 -31 0
11 22 13 0
-29 -6 28 0
-10 -17 12 0
-6 16 -17 0
-30 6 15 0
32 3 -28 0
-8 25 -22 0
-17 -10 -24 0
-19 18 17 0
9 31 -17 0
-12 29 -19 0
-11 23 6 0
5 -31 24 0
-9 19 -12 0
-7 -8 -1 0
13 -16 10 0
8 -14 25 0
-6 17 11 0
-22 -26 20 0
20 -25 -10 0
-16 15 -28 0
21 11 24 0
27 -4 -13 0
18 4 -27 0
-22 -15 23 0
12 26 -5 0
-32 -13 -5 0
22 13 -32 0
7 21 -20 0
11 27 13 0
-10 -26 -22 0
