c instance by G2
c solution = 00100100110111010010101010100100
c Known solution cost is 7940 
p cnf 32 50
w 444 54 235 14 105 253 400 146 366 226 207 212 285 148 170 463 335 395 433 222 288 47 185 19 387 456 435 134 222 287 250 117
32 -7 8 0
-10 -9 -5 0
23 -19 15 0
-20 -9 -16 0
-28 -17 1 0
-1 28 18 0
-25 15 -17 0
-16 17 -4 0
17 -3 10 0
5 22 -2 0
-14 -25 -32 0
21 5 -3 0
23 -24 8 0
-8 -29 -13 0
-11 -25 -13 0
-28 4 -14 0
21 -13 22 0
1 -8 27 0
-25 -30 -8 0
24 13 -21 0
-14 19 22 0
-19 31 -26 0
-30 15 3 0
-17 -27 -9 0
-10 14 -12 0
-29 32 -10 0
15 -22 1 0
-23 -17 -16 0
19 -17 9 0
-25 -32 19 0
-3 22 16 0
28 25 -27 0
6 13 9 0
-20 -14 29 0
-15 5 -23 0
-14 -16 -18 0
18 9 11 0
-12 6 -25 0
11 -10 6 0
-7 24 29 0
-31 28 2 0
-25 27 -30 0
-24 7 4 0
-20 -1 -25 0
8 -22 -5 0
-9 16 11 0
8 30 22 0
-30 -18 17 0
-8 13 32 0
12 8 17 0
