c instance by G2
c solution = 10011110001001011101000110011010
c Known solution cost is 8050 
p cnf 32 50
w 389 350 390 334 106 420 237 34 416 237 314 392 144 405 264 369 324 253 24 269 125 228 236 428 2 338 161 132 357 214 41 117
-15 -11 6 0
20 15 26 0
19 -11 7 0
-27 -4 22 0
-7 17 -16 0
14 8 -4 0
29 -14 -7 0
4 -25 26 0
-7 -32 3 0
30 7 27 0
8 11 -21 0
-16 1 23 0
12 21 -22 0
14 -32 24 0
-17 -10 22 0
-18 27 11 0
8 24 -17 0
-25 11 -20 0
5 3 -17 0
-1 19 -13 0
27 -32 -12 0
16 -24 22 0
-21 -7 2 0
26 11 12 0
-26 24 -4 0
21 -7 -23 0
-21 22 24 0
2 6 -32 0
12 28 7 0
32 25 2 0
2 13 -26 0
-17 18 22 0
7 -27 23 0
22 -2 -25 0
-19 26 -6 0
-30 26 15 0
-15 -18 21 0
22 -27 -32 0
-9 22 -17 0
-4 17 -26 0
6 9 2 0
-25 -27 9 0
-18 7 -32 0
-17 -10 32 0
-28 27 -3 0
-9 31 10 0
19 28 26 0
15 -4 31 0
-31 -29 -8 0
-12 9 15 0
