c instance by G2
c solution = 11101010101110011001100011100100
c Known solution cost is 7234 
p cnf 32 50
w 313 124 146 211 5 70 26 194 135 492 15 449 150 344 107 249 190 10 373 223 198 273 141 256 258 469 491 77 316 425 302 202
4 -30 -24 0
-1 32 7 0
30 -25 -3 0
24 -11 -29 0
-5 -17 -18 0
-29 16 -28 0
-2 -21 -4 0
17 -5 3 0
2 8 22 0
21 -7 14 0
-31 -11 16 0
10 -30 27 0
-11 14 20 0
10 -15 -12 0
9 4 7 0
32 -26 9 0
-14 4 6 0
28 7 -12 0
27 -8 1 0
-5 7 -13 0
32 18 -23 0
-3 -5 11 0
-9 1 14 0
-31 -20 22 0
14 -30 16 0
-17 13 -1 0
21 -1 -18 0
2 10 8 0
-20 -16 3 0
15 17 -21 0
-16 19 25 0
13 9 16 0
32 -19 6 0
9 -12 -5 0
-17 -31 -2 0
-2 -10 19 0
-18 -16 15 0
-32 24 14 0
-22 -26 6 0
9 -32 21 0
4 -8 -12 0
7 17 -13 0
-28 -2 10 0
-1 12 15 0
-19 14 27 0
29 -6 -12 0
26 10 19 0
9 2 -26 0
-4 14 -29 0
5 22 18 0
