c instance by G2
c solution = 01000011110100001010000001110010
c Known solution cost is 7671 
p cnf 32 50
w 33 63 225 451 185 52 327 287 75 411 49 54 487 441 288 184 377 465 431 309 253 208 175 260 90 348 22 279 50 420 239 133
24 21 -23 0
-10 28 -9 0
-18 -20 -15 0
25 29 -20 0
-18 -9 12 0
-26 1 8 0
-10 22 31 0
25 -22 -26 0
-18 13 24 0
11 -25 29 0
1 -14 15 0
5 -3 17 0
-9 14 -1 0
-12 4 -21 0
3 -2 -13 0
14 -27 -29 0
24 2 27 0
-17 13 -6 0
-7 -9 -15 0
-10 30 26 0
4 -5 -19 0
-3 -20 26 0
-32 29 14 0
1 -13 -6 0
-3 -7 -26 0
15 -22 6 0
32 -28 -30 0
3 14 -11 0
27 -19 -31 0
-7 25 9 0
10 11 -17 0
21 31 15 0
12 21 -10 0
-31 -2 -25 0
-15 22 3 0
13 11 -4 0
1 -23 29 0
26 16 2 0
-14 4 23 0
6 15 -29 0
7 22 24 0
-26 -10 19 0
2 -12 3 0
-24 29 13 0
-23 5 13 0
-8 19 17 0
4 18 17 0
3 12 4 0
-16 14 20 0
15 -2 -30 0
