c instance by G2
c solution = 10000110011100100001111000101000
c Known solution cost is 7600 
p cnf 32 50
w 188 80 434 124 169 294 204 19 111 268 89 57 458 3 38 197 297 493 388 15 343 231 428 102 376 203 373 432 236 111 407 432
-6 14 20 0
5 -32 8 0
-13 19 30 0
5 14 -4 0
14 3 27 0
26 6 12 0
-15 -9 25 0
5 -3 -15 0
13 -25 9 0
9 15 30 0
-22 -26 9 0
-16 25 -12 0
6 26 9 0
8 22 26 0
-7 26 -4 0
-18 7 -15 0
23 32 -1 0
-5 9 31 0
13 -4 -31 0
29 15 23 0
10 -7 18 0
-30 18 -27 0
18 -19 17 0
-8 -11 -10 0
20 18 -4 0
-24 -23 -1 0
24 -23 -17 0
8 11 13 0
-13 9 -16 0
4 29 32 0
-21 -7 27 0
9 15 29 0
-2 17 16 0
27 14 13 0
17 5 10 0
10 15 -7 0
6 5 -18 0
5 -14 4 0
19 -18 -1 0
21 -20 32 0
-15 -27 12 0
-6 4 -28 0
-12 21 -19 0
-20 -17 6 0
31 -23 -8 0
-18 30 -2 0
1 -10 25 0
-27 7 5 0
-29 -6 -31 0
-21 23 -6 0
