c instance by G2
c solution = 01001111110110011100010100011101
c Known solution cost is 7930 
p cnf 32 50
w 422 96 244 255 336 247 421 117 398 376 166 459 446 63 92 163 51 90 256 147 461 185 103 420 299 83 289 48 265 314 209 409
-9 -21 -5 0
18 26 11 0
-20 -14 -17 0
19 2 -30 0
29 -28 -26 0
-17 8 26 0
9 -30 15 0
23 -4 -20 0
-27 4 2 0
32 3 -5 0
4 -19 -9 0
-20 3 -32 0
-3 -12 -29 0
13 -24 -26 0
-4 -32 -5 0
-8 -31 22 0
-17 26 12 0
20 26 10 0
-8 -26 27 0
-16 -5 -15 0
24 20 -12 0
-18 26 -27 0
-6 12 4 0
-28 30 -17 0
29 -12 -2 0
3 4 17 0
-27 -9 -22 0
1 -6 30 0
23 32 -21 0
-5 -13 -11 0
12 -30 25 0
5 21 19 0
1 5 -9 0
31 -5 -25 0
-1 20 -5 0
26 8 3 0
6 1 -30 0
9 13 5 0
17 2 16 0
18 13 20 0
-17 16 -10 0
25 7 21 0
13 -32 -16 0
31 13 8 0
-14 -28 -22 0
30 -24 18 0
21 -31 -16 0
-23 -32 26 0
-30 22 -24 0
28 14 -8 0
