c instance by G2
c solution = 01101010111001101110111111010001
c Known solution cost is 8498 
p cnf 32 50
w 47 345 182 223 338 81 172 472 378 476 400 2 103 367 229 134 113 83 318 396 442 309 272 304 289 478 310 418 125 211 337 144
-22 17 -28 0
-18 3 -21 0
-19 13 -20 0
2 -24 27 0
13 -22 -1 0
7 -18 4 0
18 -9 -28 0
-15 -31 -2 0
26 4 -2 0
-24 19 -14 0
20 4 22 0
-11 16 17 0
-18 -7 11 0
-16 -23 29 0
28 -10 1 0
-5 10 9 0
-12 -25 -9 0
10 -26 29 0
24 -25 4 0
-17 7 30 0
-24 23 -17 0
27 30 -13 0
-18 19 -5 0
-13 30 29 0
22 31 -7 0
-27 -24 -3 0
-29 -5 -14 0
-21 20 32 0
-8 -15 30 0
15 -26 -10 0
-13 -28 -6 0
-32 -30 -17 0
-29 23 -10 0
32 1 14 0
32 4 -28 0
14 -15 27 0
7 6 -32 0
5 -9 -11 0
-32 9 4 0
3 -32 -26 0
-17 -30 -16 0
6 25 -2 0
4 20 15 0
14 -31 -26 0
-18 -4 -28 0
-24 29 21 0
32 -28 -21 0
5 25 -3 0
21 -5 -22 0
-2 13 -6 0
