c instance by G2
c solution = 10000011010111001000001010101010
c Known solution cost is 7533 
p cnf 32 50
w 328 326 487 332 143 72 440 235 86 175 72 342 244 29 161 66 328 207 261 427 74 332 246 427 245 312 108 21 285 428 174 120
6 -1 -21 0
3 2 29 0
21 3 -19 0
30 -4 21 0
-6 9 -12 0
7 21 -29 0
-31 18 12 0
28 -2 7 0
-8 -20 -3 0
5 -29 27 0
-3 -12 -10 0
13 19 9 0
4 8 6 0
-32 4 28 0
9 -24 -14 0
27 31 26 0
-18 21 28 0
-4 17 -14 0
-18 9 7 0
30 6 -26 0
-30 -14 -27 0
31 26 -1 0
-3 -15 6 0
30 18 -2 0
-27 -20 -4 0
25 19 24 0
32 19 -16 0
-4 -29 -8 0
19 -22 9 0
-25 -14 -28 0
-22 21 -24 0
-10 -5 -9 0
-9 5 11 0
-29 1 26 0
-5 -31 -27 0
11 4 10 0
8 -24 14 0
1 28 10 0
8 -28 -12 0
5 -10 -26 0
17 9 16 0
-11 6 -17 0
-20 9 -13 0
-31 14 -25 0
-15 -17 3 0
-21 15 -10 0
-18 2 20 0
-32 28 -26 0
-17 23 -27 0
31 -4 25 0
