c instance by G2
c solution = 00011101111011001101000011111100101
c Known solution cost is 8803 
p cnf 35 50
w 217 36 160 366 271 283 366 293 84 455 425 25 475 269 173 224 165 413 117 229 54 56 450 91 441 483 44 193 163 70 347 493 317 367 188
-14 -25 26 0
16 5 -27 0
17 18 -19 0
-2 -20 30 0
-14 -26 -12 0
31 22 25 0
-6 -10 9 0
-10 -30 -15 0
-13 -15 25 0
6 26 -18 0
-33 -14 -1 0
18 -35 23 0
23 -32 -17 0
-2 -8 -26 0
-21 -33 32 0
21 -5 -16 0
-8 -4 -7 0
13 19 -31 0
22 -34 -35 0
-35 6 -17 0
25 15 -29 0
-10 23 35 0
17 -11 -21 0
-9 11 -6 0
28 7 31 0
13 -9 -27 0
-4 -24 22 0
-29 34 33 0
-8 20 2 0
29 1 -18 0
3 20 33 0
-19 -11 7 0
14 -17 -13 0
-34 -25 -13 0
2 14 -20 0
34 -22 -17 0
17 -6 -10 0
32 30 17 0
-27 -14 -31 0
30 3 -35 0
-10 9 19 0
10 2 15 0
4 -11 21 0
-6 -23 -10 0
-1 -13 15 0
1 -30 25 0
-19 35 -20 0
-3 -33 16 0
-18 -25 27 0
19 8 -27 0
