c instance by G2
c solution = 11000010100101110101111110101101111
c Known solution cost is 7522 
p cnf 35 50
w 354 75 0 382 51 290 11 123 362 236 329 311 48 51 462 480 93 313 208 354 100 258 149 139 15 132 438 1 262 147 238 57 323 451 279
21 22 -29 0
21 9 -2 0
-11 -1 -34 0
-33 18 -35 0
13 -35 -8 0
30 -10 -14 0
-8 -29 28 0
11 10 -8 0
-16 -22 15 0
17 -3 -25 0
31 6 -19 0
-23 -22 -19 0
-7 25 -1 0
7 -24 17 0
-34 35 -12 0
-4 5 3 0
5 -35 27 0
19 5 32 0
19 -27 20 0
-2 14 -12 0
-35 12 -25 0
-21 29 -15 0
-35 6 -13 0
-6 -27 31 0
34 -27 3 0
16 -33 -25 0
-32 30 -24 0
3 -30 16 0
8 10 -17 0
-27 22 17 0
4 18 11 0
9 -20 -24 0
-6 19 15 0
-10 5 -15 0
-13 10 -30 0
-28 -6 -1 0
18 -19 -6 0
21 -32 -20 0
-10 -24 -14 0
-22 4 16 0
2 -21 -12 0
-29 -26 28 0
26 -5 17 0
11 -27 33 0
10 -35 23 0
-31 -25 -9 0
20 -12 -30 0
1 -33 8 0
24 11 4 0
-20 -35 -28 0
