c instance by G2
c solution = 01010100011100011001110000110111111
c Known solution cost is 9590 
p cnf 35 50
w 169 322 223 322 27 383 206 308 302 83 18 487 214 57 412 348 327 357 205 247 366 457 393 313 286 270 132 216 138 438 439 245 391 468 21
3 -22 17 0
1 -22 30 0
10 -34 -17 0
14 16 5 0
-9 24 -28 0
-28 33 -17 0
-7 19 -28 0
-24 35 12 0
-12 -28 -8 0
-35 -26 -30 0
-20 35 -27 0
-33 -19 23 0
-18 -26 -19 0
-22 15 2 0
21 -14 -29 0
23 -15 13 0
23 11 -20 0
3 12 -4 0
-28 -3 -20 0
-4 6 28 0
-23 -24 13 0
-8 5 -6 0
-18 -33 -10 0
34 -28 8 0
10 24 -5 0
18 -34 33 0
-27 24 31 0
23 -4 -13 0
-33 -11 -5 0
-27 -35 -14 0
-31 34 -10 0
34 16 -23 0
-35 -23 -12 0
-35 -3 29 0
28 -11 15 0
-24 -11 -31 0
14 -29 -34 0
15 17 24 0
-35 -27 21 0
-28 1 27 0
-17 22 -16 0
-29 2 -20 0
4 9 -30 0
-30 -24 -31 0
23 6 1 0
-27 32 -16 0
-1 -14 31 0
-1 -31 29 0
-33 -25 14 0
14 20 29 0
