c instance by G2
c solution = 11011110100000011100100001101010001
c Known solution cost is 9548 
p cnf 35 50
w 149 410 417 414 258 355 249 386 195 486 202 371 300 51 408 154 423 65 220 458 354 123 417 468 367 41 115 417 107 6 131 279 464 241 47
27 22 -17 0
-22 30 19 0
33 -2 -28 0
5 19 -31 0
12 -15 -22 0
-10 33 -8 0
-22 -19 -26 0
-14 -5 -2 0
23 7 4 0
16 20 -6 0
28 -32 15 0
-13 16 2 0
-27 14 35 0
26 11 20 0
-21 -23 12 0
-3 33 10 0
-16 1 -26 0
31 -16 -9 0
22 9 3 0
4 6 2 0
23 21 20 0
-15 23 8 0
-5 -27 -30 0
7 -18 20 0
-16 2 34 0
23 -11 -18 0
-24 12 -35 0
-5 -31 17 0
11 -5 -8 0
34 18 3 0
19 23 5 0
-13 -16 -9 0
-28 -27 -29 0
28 -12 23 0
-16 29 31 0
-18 -30 22 0
25 -33 32 0
26 -7 -34 0
-10 23 -26 0
-2 -9 -3 0
29 13 -1 0
28 16 -5 0
-19 14 -5 0
6 24 30 0
-26 10 4 0
-34 22 28 0
-20 -4 -5 0
11 -14 29 0
-9 14 -25 0
-6 -25 11 0
