c instance by G2
c solution = 01011010000001100111001001110110011
c Known solution cost is 8475 
p cnf 35 50
w 432 56 321 369 233 160 349 191 5 98 325 78 146 498 426 290 217 200 78 19 142 324 478 96 170 243 258 428 109 172 271 413 469 176 235
-28 -19 26 0
-4 33 28 0
-27 -31 34 0
-26 10 -11 0
-28 -19 -24 0
-35 -24 -22 0
1 -19 26 0
-32 13 -19 0
-6 29 24 0
6 11 7 0
19 -27 -2 0
17 23 -28 0
-20 32 -9 0
24 -14 31 0
10 -12 17 0
-26 25 5 0
18 13 10 0
-8 -29 -24 0
-25 -34 6 0
20 -23 -4 0
-19 26 1 0
22 35 -1 0
-27 -16 24 0
-28 -35 20 0
29 -2 -21 0
19 7 21 0
-17 16 -18 0
15 -33 -9 0
-31 -8 -7 0
11 1 -13 0
16 6 -10 0
29 14 9 0
28 -18 2 0
23 2 -3 0
-13 6 -15 0
32 4 6 0
2 9 25 0
-5 -3 -25 0
12 -34 30 0
12 35 -14 0
-5 -14 -1 0
-15 -6 -23 0
32 -7 -33 0
13 20 6 0
-18 24 -29 0
-30 15 24 0
-28 27 17 0
-5 -24 11 0
-31 -3 24 0
-22 -30 11 0
