c instance by G2
c solution = 01011010010001101101100001011111110
c Known solution cost is 10361 
p cnf 35 50
w 243 407 158 217 161 117 118 194 264 57 357 1 59 232 477 116 461 164 388 210 464 208 245 451 429 486 444 464 487 490 393 289 303 335 472
16 17 24 0
21 3 11 0
-18 14 -5 0
-11 -4 23 0
-19 -17 -12 0
35 22 -9 0
7 -18 -29 0
-27 12 -31 0
-35 -7 23 0
27 26 -10 0
34 22 -10 0
-29 -23 25 0
3 -34 10 0
-11 -14 22 0
-28 30 -10 0
15 13 -26 0
-8 -30 -18 0
-5 32 -29 0
27 35 -6 0
6 -27 -33 0
30 18 -33 0
12 -1 -31 0
-34 19 31 0
-32 29 8 0
15 -12 -17 0
-30 -24 -1 0
-19 -14 -33 0
6 11 -12 0
2 27 -7 0
23 20 19 0
11 -12 2 0
-14 -16 35 0
-34 -20 28 0
-20 -25 -32 0
-13 -32 -33 0
1 35 -8 0
1 33 -20 0
23 -4 7 0
-18 -4 -22 0
18 -20 3 0
28 12 -4 0
11 -13 -8 0
-31 32 -10 0
13 -33 -24 0
8 22 5 0
25 -3 -33 0
-23 -2 8 0
16 4 -18 0
-33 -24 -5 0
6 -1 19 0
