c instance by G2
c solution = 01011010100011111010100001000110101
c Known solution cost is 8086 
p cnf 35 50
w 11 436 370 444 24 388 32 463 258 201 381 116 236 317 29 194 145 22 283 213 101 194 407 96 379 44 481 37 173 182 228 108 127 471 495
27 -25 3 0
-9 3 -23 0
-28 -26 8 0
-14 9 24 0
-29 -2 32 0
32 -28 12 0
17 3 25 0
-18 -15 6 0
1 12 35 0
4 -15 -30 0
-31 10 -3 0
18 2 -30 0
-35 2 27 0
-11 -13 -35 0
20 -13 14 0
-28 -32 29 0
-9 -2 -10 0
-32 -25 35 0
-12 28 -19 0
3 18 -6 0
29 20 -34 0
-13 -22 28 0
-23 26 -18 0
-14 21 18 0
22 8 -1 0
29 -12 22 0
13 11 1 0
26 29 -4 0
2 24 -7 0
7 -17 22 0
-4 -30 5 0
20 -18 -16 0
-9 19 25 0
-19 -8 12 0
12 -17 -28 0
-19 12 33 0
18 32 30 0
-6 -14 18 0
-7 -27 6 0
24 -11 3 0
-31 -24 6 0
15 -16 -4 0
4 20 -5 0
-2 -4 -32 0
27 3 16 0
-6 -26 -2 0
-20 34 22 0
6 4 25 0
-34 30 14 0
20 -19 31 0
