c instance by G2
c solution = 11111110100111110100101100010010000
c Known solution cost is 7863 
p cnf 35 50
w 230 290 454 126 164 406 254 242 286 184 60 118 181 164 267 2 277 427 323 98 152 125 496 28 77 147 128 498 22 156 364 339 147 136 495
17 5 -6 0
-2 17 -32 0
29 21 22 0
-12 21 11 0
-14 -7 -19 0
-27 34 10 0
-31 -30 -9 0
13 -28 -16 0
-9 -11 -20 0
-31 6 27 0
-25 -9 -1 0
16 -24 -33 0
-5 12 -1 0
33 15 10 0
29 23 -7 0
14 32 -9 0
-3 -2 -29 0
-13 4 29 0
-34 -31 29 0
12 4 13 0
-33 25 -6 0
-17 22 20 0
19 4 -5 0
-32 -15 30 0
29 -6 7 0
-1 4 31 0
34 -32 -5 0
-20 -6 17 0
-26 32 10 0
22 11 -35 0
1 30 -16 0
12 13 35 0
-1 -17 22 0
-24 18 -14 0
-9 33 -10 0
20 -24 1 0
25 9 17 0
25 29 3 0
24 -15 8 0
31 -7 33 0
2 -34 3 0
-18 -16 28 0
22 -1 -8 0
26 -11 -21 0
19 -33 -23 0
11 17 16 0
19 13 -12 0
-15 2 -21 0
-22 35 -14 0
-23 -27 -28 0
