c instance by G2
c solution = 11010100000101000011000001001111011
c Known solution cost is 10354 
p cnf 35 50
w 460 284 430 421 103 316 265 260 30 337 400 363 396 248 234 162 234 258 363 312 331 487 69 444 424 118 361 198 179 296 221 454 337 241 318
-30 -10 25 0
5 11 -24 0
23 -33 28 0
-8 27 -35 0
-18 -6 33 0
-13 -31 -34 0
12 -14 8 0
17 -30 34 0
4 23 21 0
21 -14 -9 0
23 -2 4 0
28 30 -1 0
27 35 22 0
-12 9 -11 0
-14 1 -19 0
3 2 14 0
29 -31 7 0
-28 -7 -32 0
-23 16 22 0
-2 35 23 0
16 -20 -25 0
-26 3 2 0
-32 -29 -10 0
-12 14 -6 0
16 -13 -26 0
18 -5 23 0
-32 -4 -3 0
-15 9 -6 0
-4 -16 11 0
-19 -4 20 0
-7 21 3 0
-8 -29 35 0
-30 -27 9 0
5 -33 -19 0
6 33 -2 0
23 15 -25 0
-34 32 -29 0
-32 11 -28 0
31 18 16 0
1 34 -20 0
-32 33 19 0
-10 13 -34 0
-4 35 23 0
-22 -6 18 0
22 -21 9 0
-35 -17 8 0
-35 11 26 0
11 3 -24 0
-27 -32 24 0
-24 -35 27 0
