c instance by G2
c solution = 10011101110111111100000001000010000
c Known solution cost is 9764 
p cnf 35 50
w 450 115 308 57 45 235 221 306 341 172 32 482 423 334 434 252 86 395 376 42 390 396 345 89 477 492 459 261 130 213 390 435 127 400 54
34 -4 26 0
27 31 -9 0
-1 -23 -25 0
25 28 6 0
35 18 19 0
8 -31 27 0
-20 33 -1 0
22 -11 -15 0
15 -34 33 0
-33 -14 -8 0
16 -10 -8 0
19 12 3 0
-4 -35 28 0
24 32 13 0
-16 -29 -26 0
-1 -34 28 0
-29 17 21 0
-27 -6 21 0
-1 26 6 0
23 14 -4 0
-34 21 -32 0
32 15 -17 0
-16 7 -32 0
19 33 31 0
30 -2 35 0
-10 35 -3 0
35 32 -23 0
22 1 33 0
8 -15 2 0
7 -12 -25 0
-8 -29 22 0
-15 -1 9 0
-19 -18 24 0
23 -14 10 0
2 32 -24 0
-17 -22 -15 0
-13 -7 -9 0
-30 -5 24 0
-26 -21 35 0
6 28 -14 0
-9 28 4 0
-26 2 9 0
-16 33 -28 0
11 -15 -24 0
-10 -17 9 0
-4 -28 27 0
-25 -31 -29 0
-12 15 10 0
17 2 23 0
19 -6 5 0
