c instance by G2
c solution = 00101010100011110001011010100000000
c Known solution cost is 9066 
p cnf 35 50
w 147 407 235 472 102 355 337 45 365 408 293 413 146 52 129 279 408 435 51 294 317 388 429 74 299 348 426 18 74 78 157 442 223 177 243
25 -7 -32 0
32 -2 -5 0
12 18 5 0
-23 24 9 0
27 12 -14 0
-19 -31 -24 0
25 29 11 0
-22 -31 26 0
-9 -6 19 0
-8 -27 28 0
1 -17 32 0
-5 33 -28 0
-30 -1 -31 0
-1 9 -11 0
8 -29 1 0
10 33 13 0
27 -23 17 0
35 -30 -5 0
12 -9 -24 0
30 20 8 0
-27 -11 31 0
-4 -33 -27 0
-6 -12 -24 0
-4 18 30 0
19 -10 -13 0
-5 16 15 0
-28 20 4 0
8 -35 24 0
-12 10 2 0
6 11 14 0
21 10 -34 0
10 4 20 0
-2 34 35 0
2 3 -20 0
2 -3 23 0
16 19 35 0
19 2 -26 0
-9 -18 -13 0
-5 2 -32 0
29 -33 4 0
8 35 22 0
15 -16 35 0
-8 4 11 0
8 -27 -35 0
-23 -1 31 0
24 -26 -27 0
30 28 -21 0
-9 -20 7 0
-27 -22 -29 0
-22 -9 -19 0
