c instance by G2
c solution = 10011100011011000010000101010011100
c Known solution cost is 8591 
p cnf 35 50
w 28 169 391 398 18 90 101 329 460 228 321 60 246 408 441 165 316 433 428 304 90 197 394 282 245 150 195 177 101 251 1 144 227 450 353
-12 -5 -33 0
27 -8 7 0
-34 -33 23 0
25 -9 24 0
28 21 -27 0
30 6 -24 0
-30 29 -28 0
9 -28 -29 0
-19 30 -20 0
-24 -15 25 0
-15 31 -19 0
2 -3 24 0
19 -14 -13 0
-6 35 -2 0
12 6 21 0
-28 -25 -7 0
-11 -7 -31 0
34 -32 -3 0
-32 -9 16 0
16 -17 -28 0
4 18 23 0
-11 30 -16 0
2 35 28 0
23 12 -20 0
19 -22 -20 0
-20 -3 13 0
31 35 12 0
-10 -19 -22 0
-26 -35 -14 0
-19 29 10 0
20 -21 -13 0
8 13 -10 0
35 -24 11 0
-4 -25 2 0
-6 14 34 0
-17 23 2 0
-18 -26 -19 0
-11 33 -31 0
32 7 29 0
-13 -16 -20 0
27 24 -11 0
-22 -7 23 0
-28 -15 33 0
16 5 8 0
-5 -4 11 0
-30 -14 15 0
-14 -27 -31 0
26 23 2 0
1 -4 -32 0
-23 -1 12 0
