c instance by G2
c solution = 00111011101101000000010011000110010
c Known solution cost is 10464 
p cnf 35 50
w 96 333 319 423 272 443 493 194 199 236 152 279 478 336 461 391 277 371 213 48 311 413 159 145 289 371 233 447 424 204 48 493 439 453 21
-2 20 -30 0
34 -30 -13 0
-2 -20 -28 0
17 14 -12 0
-35 -32 -22 0
11 19 6 0
-35 -24 17 0
12 -9 2 0
-25 -29 -4 0
-31 27 -33 0
-24 -27 -16 0
-23 -8 24 0
6 26 -7 0
-11 27 30 0
29 -15 -22 0
-19 28 8 0
26 2 16 0
13 -28 -26 0
24 -11 4 0
8 17 -25 0
20 -26 -24 0
13 32 -18 0
33 -7 5 0
35 -1 32 0
-9 -27 -8 0
-20 17 6 0
17 7 21 0
-16 -34 28 0
-10 -31 19 0
-31 -17 -34 0
25 29 19 0
18 30 13 0
-5 2 -19 0
17 22 27 0
34 17 -11 0
35 -8 -6 0
3 -14 29 0
24 -21 15 0
-35 27 16 0
-9 27 -21 0
33 -25 -10 0
-30 18 -13 0
26 -24 -17 0
-12 -4 31 0
2 13 -32 0
26 22 -12 0
-7 22 -2 0
20 -4 9 0
-14 24 25 0
11 29 6 0
