c instance by G2
c solution = 11111100001000000101001000101110010
c Known solution cost is 8262 
p cnf 35 50
w 243 133 8 264 267 173 405 254 258 179 325 89 386 30 295 133 351 13 423 290 39 261 334 238 254 466 431 269 271 224 264 229 12 251 200
-1 -31 23 0
5 6 -25 0
13 -28 32 0
-9 24 26 0
6 10 -20 0
-27 -19 10 0
2 -20 -3 0
-12 15 -34 0
16 5 -4 0
14 -12 -3 0
6 33 19 0
-8 26 -30 0
-32 26 28 0
-18 7 -13 0
29 -22 -10 0
-6 35 -28 0
27 6 -28 0
-6 -21 33 0
32 22 -8 0
33 11 28 0
21 -3 -13 0
14 -7 19 0
-2 28 5 0
-1 -4 18 0
19 -18 20 0
15 31 -5 0
4 24 33 0
21 27 14 0
-4 16 -22 0
-15 14 -18 0
13 29 -30 0
-14 -20 -1 0
7 1 -11 0
-25 32 -8 0
26 34 -19 0
11 -34 13 0
30 14 16 0
-35 33 19 0
14 27 11 0
-13 28 -8 0
12 8 -17 0
31 16 35 0
-3 -11 -10 0
25 3 32 0
15 -26 -3 0
-18 -27 -16 0
35 32 -33 0
16 -25 35 0
25 34 14 0
-24 -23 8 0
