c instance by G2
c solution = 00011101101111110101011011000101010
c Known solution cost is 7891 
p cnf 35 50
w 67 195 466 298 333 82 200 103 152 302 287 402 156 11 436 175 470 201 56 65 35 190 48 114 393 440 219 225 440 19 159 285 310 393 164
-21 -22 8 0
-22 -17 -20 0
-32 -7 29 0
-11 18 -13 0
-12 -28 -15 0
-26 28 20 0
16 -11 24 0
29 22 1 0
-21 31 -26 0
19 -1 -26 0
-11 33 -29 0
33 25 28 0
-13 8 -16 0
9 -5 -22 0
15 -8 -16 0
34 -23 33 0
1 16 -11 0
32 26 -22 0
20 -6 -12 0
-35 -30 -18 0
-27 -5 -26 0
-33 20 -17 0
-1 16 17 0
23 28 -34 0
-3 -9 -4 0
-31 -18 27 0
-24 5 6 0
29 19 26 0
-8 17 5 0
23 27 28 0
35 10 6 0
-16 10 14 0
33 19 12 0
7 -30 -33 0
30 13 19 0
28 -2 -14 0
31 30 35 0
14 15 -33 0
10 35 4 0
35 -23 -29 0
-31 -15 -23 0
1 27 32 0
-31 -11 26 0
-14 -23 11 0
-21 16 -34 0
25 -2 -22 0
-19 -16 24 0
-34 13 35 0
2 -24 17 0
-10 -30 -12 0
