c instance by G2
c solution = 00100101011011001000001111001110011
c Known solution cost is 8523 
p cnf 35 50
w 396 362 84 270 178 124 50 131 188 275 207 434 50 248 306 45 121 264 296 475 34 141 243 245 484 466 194 150 416 291 110 360 460 25 400
2 26 16 0
32 29 -25 0
10 -8 12 0
12 -33 -14 0
-29 -30 14 0
-5 21 16 0
-14 35 -24 0
21 -11 35 0
-26 -21 -34 0
-10 -15 -26 0
28 19 -16 0
-8 3 22 0
-29 -20 4 0
17 1 32 0
-31 25 4 0
30 16 27 0
-10 22 11 0
18 -15 -6 0
-3 24 -29 0
-9 -8 -28 0
12 5 -18 0
-27 -29 1 0
-25 -3 30 0
-31 29 -15 0
-9 21 -26 0
10 28 -16 0
7 -29 -28 0
-33 20 15 0
7 6 20 0
22 13 -24 0
27 4 -2 0
8 -14 -17 0
34 -30 -10 0
12 -8 -7 0
7 -18 15 0
-15 -5 -32 0
27 -1 7 0
-34 -7 1 0
-9 6 34 0
-32 9 -8 0
-4 -10 32 0
3 -4 -5 0
-10 -8 -22 0
-12 15 -34 0
-28 18 6 0
-25 -8 31 0
23 -30 -8 0
-19 32 28 0
20 14 -10 0
15 -30 3 0
