c instance by G2
c solution = 01100111000100100110101011010010110
c Known solution cost is 8899 
p cnf 35 50
w 468 290 204 299 460 360 220 186 125 193 277 442 203 172 207 338 397 336 175 342 267 118 175 413 376 368 22 189 203 173 253 207 4 126 311
-5 19 -34 0
-22 -23 26 0
5 -17 -33 0
-35 -7 -2 0
2 -6 10 0
10 12 4 0
-29 30 14 0
-27 24 -18 0
-3 -15 -10 0
-30 -3 -21 0
-18 -32 1 0
-29 -23 -21 0
-10 8 25 0
-19 -24 -2 0
-7 -24 -26 0
28 14 -33 0
-7 19 27 0
-13 1 20 0
-16 -33 20 0
-25 33 14 0
20 9 26 0
35 29 -9 0
-33 -7 6 0
6 7 -9 0
21 -34 -12 0
30 18 -7 0
-5 10 4 0
-15 32 25 0
27 -23 -4 0
28 -12 19 0
-2 34 32 0
-18 31 -28 0
-25 -14 3 0
17 20 26 0
-28 22 21 0
-22 -2 20 0
27 1 23 0
4 3 35 0
-23 -2 -24 0
5 -28 -20 0
29 8 -21 0
-21 16 7 0
-10 30 -23 0
-1 17 -31 0
32 -34 -14 0
-11 -2 10 0
17 -4 22 0
17 19 13 0
1 15 4 0
22 28 26 0
