c instance by G2
c solution = 01011110110110010110010110010011111
c Known solution cost is 8675 
p cnf 35 50
w 270 47 336 252 217 178 255 182 422 6 174 362 76 385 62 320 436 218 375 59 348 196 25 403 32 451 374 403 107 96 179 436 221 390 382
-2 18 30 0
-12 16 29 0
23 -28 22 0
11 -22 19 0
-10 5 8 0
24 9 4 0
8 10 3 0
6 20 -2 0
3 33 14 0
14 13 -5 0
2 -13 -16 0
20 -23 -25 0
9 -4 -16 0
24 -25 28 0
2 -16 30 0
23 13 8 0
-21 -13 16 0
-14 -25 4 0
31 21 -4 0
25 15 -18 0
-8 -22 21 0
-19 -20 -6 0
8 6 26 0
-31 32 3 0
-25 -21 -6 0
-11 1 -10 0
26 19 -4 0
-5 -35 6 0
-32 -31 -15 0
34 -19 -10 0
-6 8 28 0
27 -20 -22 0
-31 7 -9 0
-35 -30 -28 0
3 35 -2 0
3 -29 -31 0
-32 -6 7 0
-3 17 8 0
24 1 -33 0
14 29 2 0
16 14 -5 0
-17 -19 11 0
3 -14 -22 0
-20 -12 -25 0
-26 27 -35 0
4 -25 -32 0
12 -22 21 0
-16 -1 -25 0
-17 3 -28 0
-28 -27 26 0
