c instance by G2
c solution = 1111111010100010000010010100101010111
c Known solution cost is 8053 
p cnf 37 50
w 16 64 37 91 54 358 105 85 277 66 230 242 330 197 321 117 393 355 392 365 259 384 191 333 495 276 64 12 382 229 233 4 72 341 315 248 120
-1 -36 -10 0
-7 -1 29 0
-34 -15 22 0
-16 34 -29 0
25 26 -6 0
-19 17 22 0
-15 -6 3 0
23 -33 15 0
-1 12 -28 0
-9 -14 -2 0
-6 -26 -22 0
-4 -20 14 0
31 35 26 0
32 11 -9 0
-8 19 28 0
-9 30 35 0
21 26 34 0
4 -2 -9 0
-11 -15 -12 0
7 5 27 0
-36 -6 7 0
-3 -31 1 0
-4 -21 31 0
11 2 30 0
-7 -3 35 0
-1 -33 -16 0
-6 -35 -25 0
-7 18 1 0
24 12 19 0
-29 33 32 0
33 -15 -21 0
-23 30 -2 0
-32 19 -3 0
37 -15 23 0
8 -26 -27 0
6 30 23 0
36 23 -26 0
19 -15 -13 0
25 2 27 0
5 34 18 0
2 13 8 0
6 -33 -28 0
12 -37 -17 0
19 9 25 0
20 -29 -22 0
27 31 11 0
-24 4 33 0
-11 -7 -30 0
-18 -33 -29 0
19 -9 21 0
