c instance by G2
c solution = 1001101001111101000101111001000111110
c Known solution cost is 7370 
p cnf 37 50
w 319 150 173 149 1 262 280 318 355 62 123 498 41 119 437 4 37 218 120 231 66 289 247 44 251 194 392 360 66 157 355 60 332 167 333 122 38
21 29 11 0
-37 -33 -22 0
32 -23 -16 0
-15 29 -10 0
-6 -36 29 0
-25 20 -26 0
-17 -33 -5 0
28 21 -23 0
-6 -24 34 0
-22 4 21 0
-18 -12 -16 0
9 35 -16 0
-21 -27 -22 0
-2 -33 -24 0
-36 -13 -8 0
36 -8 -9 0
17 -21 9 0
22 -35 30 0
-16 -34 -3 0
20 25 35 0
-7 25 17 0
17 26 12 0
27 -18 7 0
-28 33 -20 0
-26 -25 -33 0
27 -13 -37 0
-28 37 14 0
20 -24 31 0
-6 -12 1 0
32 -11 2 0
-34 -19 6 0
-33 -12 24 0
16 -11 -36 0
12 -36 10 0
-11 -20 -37 0
-31 -7 -24 0
13 9 -12 0
-7 -30 -1 0
2 7 -34 0
-36 28 24 0
17 -9 -35 0
-4 -14 -29 0
23 31 -36 0
33 7 28 0
-25 -12 -27 0
-23 36 31 0
29 37 1 0
26 5 31 0
26 34 -24 0
31 10 -5 0
