c instance by G2
c solution = 0000010101110001001110101111100101011
c Known solution cost is 9950 
p cnf 37 50
w 425 344 442 312 236 302 61 73 464 394 406 208 457 429 90 130 491 65 152 224 371 38 93 441 117 186 204 66 16 470 322 6 328 375 490 411 311
13 -7 18 0
37 23 -20 0
26 19 -16 0
10 4 35 0
-26 24 -1 0
7 -34 -31 0
24 -29 -4 0
29 -6 -32 0
32 -27 14 0
8 5 -35 0
19 -8 22 0
-36 8 31 0
35 9 -30 0
-14 -10 -19 0
35 -4 18 0
32 20 -1 0
22 11 -16 0
-35 -23 -29 0
-25 1 37 0
-8 -5 4 0
35 12 -25 0
27 -11 31 0
7 32 2 0
-11 35 -15 0
36 -9 -28 0
-36 -29 16 0
-10 -14 -21 0
-21 -32 25 0
1 6 -11 0
-23 -18 -8 0
-8 26 -6 0
-24 2 22 0
34 13 5 0
-3 -12 -25 0
-27 36 -10 0
4 -36 -13 0
-22 -26 1 0
13 -6 16 0
7 3 -22 0
3 -37 -33 0
22 9 29 0
6 -12 -24 0
-25 14 21 0
1 28 -11 0
5 30 -9 0
20 2 17 0
4 3 23 0
-20 -32 -17 0
-36 -10 -2 0
-17 32 -11 0
