c instance by G2
c solution = 0000001001011100111001101111010010101
c Known solution cost is 9432 
p cnf 37 50
w 288 409 192 198 185 312 31 195 472 393 351 42 58 199 434 33 476 177 458 107 411 397 335 293 112 73 482 422 24 124 114 214 284 421 169 376 171
-2 -23 -27 0
-25 -27 -2 0
-16 21 -18 0
3 6 35 0
-18 -28 -6 0
-24 -10 -13 0
-22 -25 -8 0
2 32 -3 0
19 11 16 0
10 -35 11 0
-19 11 -20 0
6 27 4 0
-13 -9 -22 0
31 4 -29 0
18 -15 23 0
19 -2 -32 0
14 -13 -12 0
23 -26 -27 0
-36 15 8 0
21 -27 18 0
-5 34 -27 0
3 4 26 0
-24 -29 -30 0
31 -17 -32 0
-18 -11 5 0
5 30 15 0
-11 5 15 0
12 -7 29 0
-17 9 22 0
11 26 5 0
10 16 2 0
-22 -37 -31 0
7 -17 3 0
15 -14 37 0
34 -15 -14 0
36 6 -21 0
13 31 21 0
-19 -18 28 0
29 28 17 0
17 -33 -7 0
-28 -37 33 0
-17 21 -4 0
19 23 -24 0
5 -27 25 0
-35 -15 9 0
-34 18 15 0
-32 6 10 0
20 35 -30 0
-12 2 -1 0
-34 8 -19 0
