c instance by G2
c solution = 0001110101101110001011001000111110000
c Known solution cost is 9046 
p cnf 37 50
w 293 489 227 139 438 469 439 113 103 371 482 65 317 31 16 246 253 201 44 194 299 349 463 48 127 29 261 143 269 377 354 418 231 40 286 242 180
-31 -24 23 0
15 -10 2 0
3 -12 -17 0
33 -19 -29 0
-34 1 -11 0
-33 -36 -11 0
-13 7 33 0
-2 37 21 0
-27 36 28 0
28 -23 24 0
-22 -17 16 0
-20 -25 9 0
25 20 28 0
2 21 -33 0
-25 11 -22 0
-4 -6 -7 0
-9 -33 -6 0
-18 -10 24 0
-28 -14 -19 0
9 -21 -12 0
6 3 2 0
-28 11 -34 0
34 -2 -11 0
-3 12 -32 0
4 16 -21 0
5 16 -1 0
-5 18 30 0
25 -37 19 0
11 -4 3 0
-15 -26 -25 0
24 -37 -15 0
-15 5 -22 0
-1 24 9 0
23 2 32 0
18 26 10 0
20 -33 -35 0
-31 -3 -21 0
14 23 -10 0
-21 12 8 0
29 34 -31 0
9 13 -6 0
27 35 19 0
-11 -16 35 0
-28 -16 22 0
-19 -32 22 0
31 -13 37 0
-36 -23 -22 0
-16 -3 12 0
-6 22 -33 0
32 28 30 0
