c instance by G2
c solution = 0011000001110001010011101111100111011
c Known solution cost is 9803 
p cnf 37 50
w 353 10 22 416 72 117 227 391 214 78 483 475 114 344 367 433 60 402 50 39 397 43 232 165 332 433 473 481 31 153 457 431 494 119 54 396 445
-25 -32 28 0
-14 -34 -25 0
13 10 -21 0
19 14 29 0
-37 -7 -26 0
25 -37 -4 0
-28 18 -29 0
-36 -19 20 0
16 -33 1 0
23 -34 -16 0
31 -25 12 0
17 -16 -2 0
32 16 14 0
31 -24 -16 0
-12 -5 -35 0
-12 34 35 0
10 7 26 0
-27 -13 -11 0
-21 7 4 0
30 -36 -20 0
-31 -16 -11 0
32 -11 19 0
-6 2 -21 0
-27 20 -13 0
-23 11 30 0
14 -11 -15 0
-5 6 -33 0
26 2 -36 0
-4 13 26 0
6 -29 36 0
-35 29 -5 0
20 -30 8 0
-11 23 3 0
-26 -25 -8 0
13 22 -36 0
35 20 -9 0
-7 5 3 0
27 2 -12 0
20 3 -21 0
-5 -32 -11 0
-12 33 -3 0
15 -17 -10 0
14 16 -26 0
-36 -33 -35 0
-1 -36 21 0
37 -12 -10 0
31 21 6 0
20 7 -1 0
-5 -2 13 0
-28 17 -19 0
