c instance by G2
c solution = 1001111100111001000110011110001000100
c Known solution cost is 8363 
p cnf 37 50
w 261 151 62 227 299 474 58 428 444 218 269 44 453 20 80 227 107 287 264 83 205 337 147 272 251 32 137 397 320 148 427 356 25 212 5 461 175
-5 4 -33 0
27 33 9 0
-12 -15 26 0
-3 36 12 0
27 29 -6 0
-24 -36 17 0
14 20 -35 0
-1 -20 -28 0
-27 3 -18 0
-21 36 35 0
9 -17 34 0
22 7 17 0
37 -3 -8 0
23 -20 5 0
-33 17 -24 0
-30 34 24 0
11 -14 10 0
24 33 -29 0
12 -35 -31 0
-24 17 -14 0
25 -24 -20 0
6 9 10 0
-2 -4 23 0
30 -3 6 0
-9 34 -1 0
15 13 -11 0
1 -25 2 0
-32 -6 -25 0
-26 -8 -10 0
-35 28 21 0
-1 -24 4 0
-1 34 -19 0
-37 22 -26 0
-22 36 -8 0
-11 26 23 0
22 24 10 0
17 22 -15 0
-28 27 -6 0
8 30 -31 0
-20 35 30 0
31 -20 -13 0
-18 -27 -30 0
16 33 19 0
-1 11 32 0
4 -18 -8 0
-34 -4 2 0
-29 -24 2 0
-23 37 30 0
23 32 16 0
-25 -30 17 0
