c instance by G2
c solution = 1001101011111010000101110010010000111
c Known solution cost is 10511 
p cnf 37 50
w 132 430 148 415 337 468 495 274 373 489 224 281 492 8 371 295 369 363 276 152 375 286 84 260 391 40 65 274 201 288 264 377 482 147 406 126 53
37 -11 29 0
-9 -31 21 0
10 -7 -23 0
-27 -29 -36 0
14 -37 -34 0
14 -29 27 0
-7 -26 -10 0
12 23 36 0
25 27 33 0
11 28 -12 0
-17 -31 -10 0
-18 -24 -13 0
-8 21 -24 0
23 33 21 0
18 -26 -28 0
-11 -28 3 0
11 -10 -6 0
27 -29 -37 0
15 3 16 0
20 16 -23 0
-27 29 -32 0
-5 -20 36 0
32 -37 -16 0
33 -4 24 0
-33 5 -34 0
2 16 24 0
14 -19 -5 0
-23 -14 -7 0
21 17 9 0
-17 -13 -5 0
8 32 5 0
26 30 -7 0
-19 -36 -9 0
-25 -35 -30 0
7 -4 -5 0
-33 -7 31 0
17 18 12 0
16 1 31 0
14 35 34 0
6 28 -16 0
8 -21 3 0
30 1 33 0
7 -36 33 0
6 -35 -3 0
17 13 -15 0
-35 32 -2 0
-9 31 37 0
-6 -1 -27 0
22 -24 29 0
-20 4 -23 0
