c instance by G2
c solution = 0111010111101011001011110110001010110
c Known solution cost is 8971 
p cnf 37 50
w 86 34 375 145 192 63 21 394 196 175 233 233 170 28 57 294 194 497 27 423 425 205 404 484 88 413 252 460 423 53 415 488 459 4 406 130 25
28 -19 -14 0
2 25 -15 0
27 -23 30 0
13 19 -2 0
36 -13 31 0
-3 -24 -32 0
31 32 -22 0
-10 -4 24 0
-4 -9 -18 0
-5 -21 -9 0
28 15 -3 0
-28 27 -6 0
-11 -34 -36 0
-24 25 21 0
-2 -10 -7 0
26 1 32 0
-23 -36 -29 0
28 -27 31 0
11 -24 -13 0
-16 -27 9 0
-36 1 -17 0
34 35 -26 0
-12 -35 -4 0
-12 31 27 0
3 -20 9 0
28 -23 -1 0
-3 -28 14 0
-20 14 29 0
26 -22 -13 0
-36 -16 -37 0
25 24 -18 0
16 -3 -14 0
13 -26 17 0
7 -33 8 0
-4 -19 36 0
16 12 14 0
37 -30 -35 0
-11 -4 26 0
25 10 18 0
-26 33 18 0
8 24 30 0
34 -35 23 0
-23 22 5 0
-8 -26 6 0
-36 7 -30 0
4 -2 37 0
26 30 -33 0
-11 -31 -25 0
19 14 18 0
-11 -4 3 0
