c instance by G2
c solution = 1110101001001001010111110011110110110
c Known solution cost is 9612 
p cnf 37 50
w 255 444 10 498 72 333 330 150 71 244 378 420 409 161 278 272 192 330 148 307 465 292 305 263 402 175 397 16 147 108 314 402 133 96 164 415 216
-27 4 -9 0
-8 -16 -23 0
17 14 -6 0
26 30 4 0
-36 -2 7 0
31 -27 35 0
21 12 -36 0
26 36 -22 0
24 14 -26 0
-20 -31 -1 0
-13 32 -27 0
8 -18 -34 0
-36 -12 -1 0
23 -27 -13 0
27 -10 26 0
-29 18 12 0
-1 2 -7 0
23 -35 1 0
-23 17 -4 0
-13 5 -33 0
-3 20 -5 0
-35 -15 -13 0
-29 -21 -19 0
14 2 9 0
-26 15 -14 0
12 1 25 0
-33 -27 16 0
6 13 11 0
28 -36 -32 0
24 -26 13 0
17 22 26 0
-14 4 6 0
-33 11 18 0
-25 -23 -30 0
9 22 -24 0
3 14 -30 0
29 -18 26 0
-20 4 33 0
1 -27 -36 0
-17 -34 -8 0
-22 31 -37 0
30 -24 23 0
-3 28 4 0
10 -27 37 0
-15 -35 -24 0
-17 -13 -30 0
24 -18 26 0
-35 12 18 0
-27 37 -11 0
-26 12 -5 0
