c instance by G2
c solution = 0110010110001100011110101001011000001
c Known solution cost is 8131 
p cnf 37 50
w 29 4 125 161 225 113 78 181 243 133 90 35 180 307 83 469 90 490 227 353 167 27 363 364 99 247 49 1 388 466 439 369 406 463 269 75 323
-26 16 22 0
32 -35 6 0
-13 -16 27 0
-1 7 -18 0
21 16 10 0
-23 16 20 0
6 18 22 0
19 3 -10 0
22 35 -27 0
-20 -13 -17 0
15 10 3 0
23 -9 24 0
17 -25 8 0
-33 10 11 0
-36 12 -23 0
-19 -24 -23 0
30 10 -3 0
11 18 16 0
-13 28 11 0
24 -21 25 0
3 19 25 0
-33 -28 -2 0
-3 19 26 0
5 14 -13 0
1 -34 16 0
13 15 35 0
-2 31 -18 0
37 7 35 0
-22 -17 -15 0
-32 -8 -6 0
-9 33 20 0
7 2 14 0
-31 -4 -30 0
-5 -13 26 0
4 -35 -31 0
16 22 9 0
-21 -35 3 0
-3 -26 13 0
-12 15 -30 0
-9 5 -22 0
6 1 11 0
-29 24 36 0
5 23 -6 0
-29 23 12 0
-37 -11 -28 0
11 -18 -7 0
14 -26 -31 0
-23 -13 -10 0
-20 -18 2 0
-15 -2 -13 0
