c instance by G2
c solution = 0111101011100011000001001110101100011
c Known solution cost is 8068 
p cnf 37 50
w 258 387 154 181 78 253 54 120 407 196 61 0 78 429 122 63 497 266 304 378 376 406 400 350 188 336 266 184 91 1 202 180 295 91 247 8 161
37 16 23 0
-10 -31 -23 0
18 -35 14 0
18 28 2 0
9 17 14 0
-4 -6 -31 0
26 -16 21 0
6 22 21 0
-14 -16 21 0
-19 -33 16 0
-36 19 -23 0
14 23 -20 0
27 -15 -37 0
-29 35 -28 0
-23 -36 -32 0
-25 -23 -10 0
-30 14 -32 0
15 24 20 0
29 -37 -4 0
13 32 -1 0
-36 3 28 0
-22 11 -32 0
-10 -15 25 0
-34 -4 -36 0
-12 34 24 0
1 14 16 0
-8 -17 -12 0
19 32 -11 0
-17 -2 14 0
-31 -26 5 0
-5 -1 30 0
-18 -36 -16 0
-29 -11 -17 0
30 8 36 0
-5 -21 24 0
28 37 14 0
14 -33 -4 0
10 34 6 0
-24 17 20 0
13 -26 -19 0
-7 4 21 0
30 33 7 0
31 35 19 0
-8 -5 33 0
6 -20 33 0
-18 -27 -9 0
-9 32 -15 0
13 37 25 0
-7 15 30 0
12 -13 -7 0
