c instance by G2
c solution = 1010001110111000011101000011001111101
c Known solution cost is 10927 
p cnf 37 50
w 179 56 349 236 145 327 206 227 472 365 37 488 389 402 87 241 93 339 111 448 381 136 490 300 41 315 316 497 375 400 182 478 373 360 297 317 472
-29 5 30 0
17 35 -18 0
-7 16 1 0
-32 14 -25 0
7 12 4 0
3 -8 -37 0
33 36 17 0
-13 19 -11 0
-18 36 27 0
-17 -30 6 0
7 14 -31 0
4 -17 -9 0
-5 -27 14 0
-36 -18 -33 0
35 29 -5 0
-2 -34 -18 0
17 34 29 0
32 35 -14 0
-35 -20 11 0
-12 8 -20 0
-28 -30 -27 0
-1 15 13 0
20 -13 -12 0
10 -24 -21 0
4 6 -29 0
24 -19 -4 0
36 -2 -31 0
18 -32 29 0
-18 -21 -19 0
31 -32 29 0
36 32 6 0
12 -1 -35 0
22 -33 15 0
1 -34 6 0
14 -18 -16 0
-1 -33 -24 0
2 -1 9 0
-8 31 -22 0
-6 -25 12 0
4 12 30 0
-16 19 -21 0
2 -22 -14 0
28 -33 16 0
10 -1 -6 0
-15 16 4 0
-18 -26 14 0
-37 5 -10 0
24 37 -9 0
6 -23 14 0
-34 20 -25 0
