c instance by G2
c solution = 1111001001111010110101100101001101111
c Known solution cost is 8977 
p cnf 37 50
w 198 173 394 248 397 111 287 390 298 51 186 459 364 391 43 210 431 20 293 202 237 388 9 41 206 314 171 247 310 96 2 444 115 13 494 385 359
-32 -3 2 0
8 24 -5 0
-33 -34 5 0
-24 -36 14 0
-7 1 5 0
14 22 -3 0
8 -10 -21 0
21 27 31 0
33 -12 34 0
-14 17 -12 0
29 -31 37 0
-19 -20 -7 0
21 -31 15 0
20 19 25 0
36 -35 -22 0
-23 18 -31 0
12 -24 21 0
10 -15 8 0
-30 3 11 0
21 -34 -29 0
21 -1 -19 0
-25 14 -31 0
1 -10 -20 0
30 2 17 0
21 -2 23 0
-23 -14 -7 0
-20 7 -34 0
29 30 26 0
-3 13 -26 0
-9 -32 33 0
12 25 -26 0
-22 -23 11 0
9 10 36 0
28 8 -1 0
5 31 -3 0
-30 6 17 0
-7 4 33 0
32 5 -34 0
27 35 -26 0
-31 -3 17 0
-16 25 -7 0
-37 -27 6 0
-15 1 -17 0
-6 -10 -1 0
-12 -17 -8 0
25 3 -37 0
3 -36 20 0
-6 27 32 0
-1 14 -30 0
6 -9 -27 0
