c instance by G2
c solution = 0001011001101011111101100110101011000
c Known solution cost is 9328 
p cnf 37 50
w 425 190 82 22 410 325 479 275 230 446 205 471 463 460 148 368 294 67 35 162 235 300 160 39 184 13 196 161 370 332 87 284 136 42 490 267 475
34 25 37 0
-31 -7 4 0
1 -25 8 0
-1 24 -29 0
11 1 10 0
32 17 35 0
31 -16 -15 0
8 -26 16 0
28 -34 -30 0
36 10 -18 0
-17 30 -2 0
-26 -18 7 0
26 10 16 0
24 -34 -3 0
2 -15 -36 0
-8 -5 6 0
21 22 -20 0
29 35 2 0
-3 -15 -13 0
-32 -10 8 0
-6 -21 -22 0
-33 1 -35 0
8 -26 11 0
-13 12 33 0
36 20 28 0
-32 -10 -30 0
35 -8 -18 0
9 -8 -28 0
26 -33 14 0
-6 -10 27 0
-1 30 12 0
-22 15 -16 0
-33 -12 -11 0
1 -35 8 0
9 6 -19 0
24 -5 8 0
-7 32 19 0
-22 -26 -37 0
-11 18 36 0
25 9 -24 0
1 13 -16 0
-18 -19 -9 0
4 7 30 0
-17 -28 14 0
4 19 33 0
25 34 8 0
23 -27 2 0
-17 6 -5 0
2 -11 18 0
-19 -14 5 0
