c instance by G2
c solution = 0100111100100111100100010101111000111010
c Known solution cost is 9424 
p cnf 40 50
w 380 231 380 124 215 0 222 212 355 165 317 340 304 468 22 114 62 140 290 428 462 388 111 100 406 147 202 219 137 85 91 22 272 310 93 58 190 435 496 431
10 39 25 0
-16 -35 -1 0
-35 4 -34 0
-35 -12 -20 0
-27 -30 25 0
32 6 18 0
13 -32 22 0
12 16 -31 0
-24 22 -25 0
23 3 -9 0
34 -6 -38 0
25 15 -2 0
-1 19 26 0
25 16 34 0
18 -31 -13 0
-24 -9 -39 0
-24 13 35 0
27 36 -37 0
27 -12 34 0
-39 31 12 0
21 13 17 0
-10 28 -18 0
-8 6 12 0
11 -16 1 0
-18 24 -4 0
-18 -8 -16 0
20 -28 9 0
12 -30 -23 0
-6 28 18 0
-32 4 -5 0
12 -30 5 0
-10 27 4 0
-33 18 -6 0
-20 25 37 0
19 -14 2 0
19 -30 -40 0
-14 -36 8 0
17 -24 38 0
-7 9 -21 0
14 32 -11 0
-28 30 25 0
26 1 -29 0
-3 22 21 0
26 -11 -2 0
13 -6 7 0
-14 -4 -16 0
33 -20 29 0
-7 -22 -15 0
-39 24 -8 0
-17 -19 9 0
