c instance by G2
c solution = 1001100001011000001101010111110011000110
c Known solution cost is 10656 
p cnf 40 50
w 244 47 47 418 326 341 184 315 5 250 410 389 103 143 330 282 112 445 477 96 288 86 420 374 137 178 151 114 493 477 371 460 415 308 292 174 228 157 404 165
27 20 -35 0
36 -24 -2 0
16 -35 -10 0
-11 26 -14 0
-3 8 -10 0
-25 -1 40 0
15 5 3 0
36 -20 -23 0
37 -20 -40 0
38 31 -19 0
-19 -7 -22 0
-20 -15 -6 0
17 2 -16 0
-9 -33 31 0
-28 18 10 0
40 -5 -18 0
25 20 -5 0
2 7 27 0
-18 35 3 0
31 -9 15 0
6 -15 5 0
3 36 24 0
-36 38 -16 0
22 -5 32 0
-39 1 11 0
-22 -26 -31 0
-13 -9 -31 0
-1 29 17 0
-21 -19 -13 0
40 -36 -19 0
-1 -38 4 0
-5 9 -8 0
12 36 -39 0
7 18 -15 0
-10 -5 34 0
35 -11 25 0
-22 30 25 0
-6 16 -38 0
35 -17 21 0
19 6 11 0
-39 28 16 0
-1 -8 29 0
23 3 -14 0
39 25 32 0
-4 -9 -30 0
31 33 36 0
-26 9 -37 0
23 3 26 0
-26 16 -32 0
-33 13 -22 0
