c instance by G2
c solution = 1101011110000010101111001010110010110110
c Known solution cost is 9801 
p cnf 40 50
w 153 272 296 248 16 2 182 158 364 469 237 99 1 468 44 149 490 491 2 379 162 457 35 29 66 92 459 274 491 276 459 235 65 44 454 343 321 385 176 458
-30 -16 40 0
32 26 -3 0
-30 -2 35 0
-22 -21 6 0
38 20 -15 0
-40 -33 -29 0
-34 3 -17 0
10 -28 -20 0
-9 5 -32 0
32 -20 7 0
15 32 37 0
30 -39 -21 0
-17 -13 -30 0
-33 5 8 0
21 -1 -33 0
-1 -23 -4 0
33 -28 -16 0
19 13 37 0
31 28 -5 0
-26 -11 6 0
-25 -26 11 0
-31 -18 24 0
26 -7 25 0
37 36 14 0
-20 -9 -11 0
9 5 -36 0
28 10 22 0
13 -31 40 0
-18 -21 28 0
-1 2 40 0
-36 13 4 0
38 10 -35 0
25 10 20 0
23 12 1 0
8 19 31 0
17 -8 -23 0
-17 -10 -20 0
3 14 -37 0
5 29 -15 0
-9 14 39 0
-33 -36 15 0
31 -14 10 0
38 -29 39 0
32 17 3 0
20 28 34 0
-20 33 10 0
-39 -9 -12 0
-4 -10 -13 0
-24 26 11 0
27 -25 34 0
