c instance by G2
c solution = 0001011011111001100110001001000100111001
c Known solution cost is 9681 
p cnf 40 50
w 396 343 382 246 84 47 465 351 364 127 275 379 305 329 13 292 180 156 291 344 247 145 337 129 215 64 27 41 344 319 356 406 231 155 189 60 206 272 344 225
21 -31 -13 0
16 1 -40 0
-32 38 -8 0
40 13 11 0
-36 12 27 0
-13 -14 -21 0
-16 -5 24 0
-11 25 5 0
38 -35 20 0
2 -17 11 0
3 -35 -38 0
12 1 -7 0
15 -34 -13 0
34 10 -4 0
-10 35 19 0
-9 -3 -32 0
-33 -6 27 0
-5 14 37 0
7 -1 -33 0
-6 -4 -39 0
4 15 27 0
-11 13 -28 0
7 -40 -11 0
28 29 -6 0
-30 26 -16 0
15 9 34 0
-28 -22 -10 0
33 17 23 0
-15 20 -21 0
-23 31 -30 0
5 -36 -26 0
-40 -23 2 0
-19 -10 -16 0
-40 -29 23 0
-24 27 39 0
-30 -28 -14 0
26 1 -31 0
22 -17 -15 0
6 22 -16 0
24 30 37 0
-16 -27 22 0
26 21 38 0
-28 -1 -20 0
-18 -11 -6 0
-39 2 -20 0
36 39 -17 0
14 -2 18 0
23 22 32 0
-13 38 40 0
-34 18 -7 0
