c instance by G2
c solution = 1110110100110100110111001011100110011000
c Known solution cost is 8115 
p cnf 40 50
w 0 7 217 202 469 76 122 79 341 141 336 43 314 144 74 1 197 34 101 8 213 30 233 484 22 477 496 90 0 424 373 183 365 196 410 385 36 10 347 435
-21 17 -5 0
4 -26 -17 0
11 -8 16 0
-28 -19 -8 0
13 36 -28 0
3 30 23 0
15 -14 12 0
-3 2 31 0
38 -34 40 0
30 20 -25 0
38 25 34 0
14 -5 -36 0
23 -22 -24 0
-32 29 -21 0
38 -40 -9 0
-18 -38 -8 0
15 -21 18 0
-17 -25 33 0
6 38 -28 0
25 -11 35 0
23 -18 -31 0
-29 -32 22 0
-22 23 -35 0
10 34 37 0
21 -11 39 0
1 10 30 0
37 22 17 0
-15 -5 -20 0
13 -3 -40 0
-7 10 24 0
-25 -23 31 0
30 -4 23 0
4 22 -6 0
12 -30 -28 0
-16 35 -2 0
-29 -33 -10 0
-13 4 -36 0
2 9 -1 0
-22 -30 -5 0
-33 24 27 0
-13 9 -34 0
30 -14 -38 0
23 28 16 0
32 -11 10 0
-22 -39 4 0
-25 -5 -9 0
8 -22 -5 0
26 -20 5 0
-34 13 -29 0
-18 -11 37 0
