c instance by G2
c solution = 1010111100011110010101111101000101111010
c Known solution cost is 8364 
p cnf 40 50
w 328 75 157 20 66 330 226 305 89 40 430 223 114 216 300 248 152 49 57 216 31 40 282 58 140 322 450 358 184 364 368 317 53 363 198 276 444 123 27 325
22 38 2 0
-40 -13 -18 0
38 33 28 0
39 -35 21 0
20 -35 -8 0
-34 27 26 0
24 11 -12 0
-16 -1 29 0
-16 -12 39 0
5 -32 19 0
10 1 33 0
-14 -29 -6 0
7 -32 4 0
10 36 5 0
-7 -31 -6 0
-23 -4 -34 0
-12 37 -8 0
-8 -3 14 0
22 -34 32 0
-10 -28 -32 0
-26 -1 35 0
-18 -33 30 0
-12 17 13 0
36 14 -17 0
6 27 29 0
3 -25 30 0
1 -24 28 0
3 24 -36 0
-27 29 10 0
17 -11 -26 0
27 -19 -34 0
17 21 7 0
-30 -15 19 0
25 19 -5 0
19 -9 -1 0
15 -20 -1 0
-26 29 8 0
-23 34 -37 0
32 38 21 0
-40 -11 22 0
-31 5 7 0
-26 -38 -8 0
10 18 -26 0
-37 -21 -26 0
40 -7 -2 0
-13 -17 9 0
31 -32 12 0
-22 -24 -38 0
23 -3 31 0
10 -34 36 0
