c instance by G2
c solution = 1100111100110111111101010010101100010010
c Known solution cost is 11705 
p cnf 40 50
w 76 450 332 325 141 67 106 338 453 337 444 461 348 147 150 467 332 477 489 458 412 359 385 366 16 222 451 448 127 264 496 379 18 164 291 163 138 102 388 118
16 23 -6 0
25 -13 10 0
27 -2 26 0
11 -12 23 0
26 -4 21 0
-3 -18 -1 0
33 13 1 0
-18 26 -33 0
-1 -15 32 0
-34 37 -31 0
15 -14 -22 0
26 27 25 0
-14 -10 26 0
23 -16 29 0
-9 -23 25 0
-20 -7 -30 0
9 13 19 0
-6 -26 33 0
-12 -35 -11 0
-29 -19 -38 0
38 14 40 0
-2 -1 31 0
4 -17 -25 0
17 38 -29 0
-28 -29 -11 0
-39 -17 6 0
-12 36 40 0
25 18 -24 0
-32 20 -2 0
36 21 -5 0
-7 -6 16 0
-18 -17 19 0
25 21 7 0
-37 -39 9 0
-39 -17 -9 0
2 10 13 0
-11 7 21 0
8 -5 -29 0
39 34 38 0
-22 -21 -31 0
36 1 5 0
33 4 5 0
13 -23 -14 0
24 -31 -16 0
-35 22 31 0
-12 10 -40 0
-21 -28 -5 0
-18 22 21 0
-39 12 15 0
12 -15 -6 0
