c instance by G2
c solution = 1111011101000101010001101111001000010011
c Known solution cost is 9521 
p cnf 40 50
w 263 90 394 435 137 30 98 103 48 448 313 338 222 427 179 337 450 418 367 157 310 189 118 104 53 279 340 156 42 340 99 187 243 180 321 21 164 486 424 211
17 12 14 0
31 -34 12 0
-3 31 -18 0
17 -38 40 0
-28 -20 -13 0
-19 24 -36 0
32 8 -17 0
32 13 40 0
-10 -18 -24 0
6 15 -28 0
9 -21 -18 0
-2 -33 -10 0
-22 -13 37 0
-9 -8 -39 0
5 34 4 0
-6 -30 37 0
-26 -20 9 0
-7 -37 11 0
30 -14 -12 0
15 2 34 0
26 38 -40 0
-34 -3 35 0
35 -23 -15 0
-38 33 13 0
7 -28 15 0
5 35 40 0
-26 3 29 0
-7 -29 17 0
5 -11 -19 0
-1 -31 16 0
-25 8 -18 0
27 -4 19 0
24 -30 -36 0
-8 -40 28 0
35 36 -31 0
-39 -20 4 0
22 13 9 0
5 25 -31 0
19 1 37 0
-32 34 -26 0
14 -28 -5 0
-11 15 -6 0
-9 24 -26 0
18 -28 -8 0
23 -2 29 0
39 29 -8 0
30 20 -5 0
33 -35 -16 0
-17 -4 -23 0
10 -6 -8 0
