c instance by G2
c solution = 1011011000011101110001101010100001000110
c Known solution cost is 11251 
p cnf 40 50
w 288 483 110 255 17 160 361 399 248 22 248 325 275 330 216 215 144 406 407 459 5 364 167 339 274 351 192 392 452 470 162 485 363 486 287 362 342 280 9 101
16 20 19 0
35 -30 -13 0
-32 20 -39 0
-20 -23 38 0
24 5 -15 0
-31 -7 37 0
-25 -40 -22 0
28 13 -6 0
5 -22 14 0
-8 -38 11 0
6 -16 -39 0
-18 -10 33 0
6 -1 -18 0
32 -11 -40 0
9 -36 5 0
6 -3 15 0
-13 37 34 0
27 20 -26 0
36 23 21 0
10 -22 -5 0
39 21 -25 0
29 35 -1 0
27 30 10 0
32 -19 15 0
4 -13 30 0
-37 10 2 0
-26 40 32 0
25 -38 -13 0
-21 -3 -23 0
-35 -17 28 0
-1 -7 -33 0
-13 22 -3 0
28 -39 3 0
-11 -13 -4 0
8 21 7 0
-2 22 8 0
-24 26 -3 0
21 39 -9 0
37 40 12 0
-17 18 28 0
-21 -8 -23 0
20 19 -28 0
-29 -34 17 0
-34 -3 38 0
1 31 28 0
-5 -15 -25 0
19 -9 33 0
13 -33 27 0
21 -2 -39 0
-39 -20 -29 0
