c instance by G2
c solution = 1101001100100111000011010101100101011000
c Known solution cost is 9609 
p cnf 40 50
w 336 142 218 219 165 378 58 95 353 178 174 253 131 468 417 14 169 63 495 477 24 315 287 45 498 102 451 261 18 163 283 344 181 483 78 84 218 429 226 316
-9 6 -1 0
39 -35 23 0
8 25 18 0
29 9 34 0
18 30 8 0
12 2 -32 0
26 -2 35 0
-25 18 -14 0
1 23 -32 0
25 -22 7 0
20 2 -8 0
-19 35 20 0
31 11 13 0
-34 -5 25 0
35 -38 13 0
17 25 22 0
-4 -31 22 0
-36 29 39 0
30 -1 -12 0
-27 -1 -37 0
-10 -32 12 0
-40 -2 -22 0
40 38 32 0
4 25 -11 0
-4 23 36 0
-28 -18 -11 0
-7 -16 37 0
-26 -29 -23 0
-16 6 -30 0
-22 21 -40 0
17 15 40 0
-33 -7 -29 0
-8 -32 -17 0
-20 -28 12 0
37 17 -4 0
4 3 -8 0
-14 -39 6 0
24 13 39 0
21 -34 -8 0
-2 -14 -3 0
-24 -23 5 0
20 38 34 0
16 6 -24 0
-7 -24 14 0
-36 -31 5 0
35 -6 -1 0
5 38 15 0
1 -19 9 0
-32 -1 -13 0
-37 28 17 0
