c instance by G2
c solution = 1110001111011010100001110101101111000110
c Known solution cost is 8539 
p cnf 40 50
w 0 69 184 14 222 491 175 18 262 126 42 337 52 475 56 275 240 385 276 30 435 266 174 273 134 287 164 496 239 346 262 157 9 35 158 351 204 374 15 431
-17 -4 -29 0
-34 -33 9 0
-1 19 -18 0
-39 -15 -6 0
-21 -29 30 0
-8 -7 -37 0
2 39 9 0
8 -27 -18 0
-38 35 24 0
-32 6 -35 0
1 -39 20 0
35 18 23 0
5 -32 -20 0
-22 -13 -27 0
11 3 21 0
37 21 29 0
-32 7 -28 0
-36 -22 -38 0
30 37 15 0
-11 -7 -8 0
-26 -13 38 0
-32 39 -10 0
-16 -29 -7 0
30 27 -5 0
11 16 32 0
-7 -29 34 0
-13 26 -28 0
35 -39 -25 0
-1 -22 -35 0
-30 25 -9 0
-5 -30 12 0
-22 12 -33 0
-31 -29 2 0
28 -29 19 0
8 -22 -7 0
27 20 17 0
22 14 -15 0
-14 -7 37 0
6 -2 -40 0
-9 20 -19 0
-1 4 31 0
-26 -2 -14 0
-31 -26 38 0
12 -9 37 0
13 -8 36 0
-26 22 4 0
-34 24 -38 0
33 -7 -39 0
22 -21 -19 0
10 -24 -2 0
