c instance by G2
c solution = 0000111110001111001010100100100111111111
c Known solution cost is 10111 
p cnf 40 50
w 435 392 242 463 456 440 330 222 344 13 468 39 381 469 195 39 153 317 425 447 99 305 418 242 93 194 267 347 273 152 98 80 368 32 93 62 301 98 240 79
39 -6 -29 0
-31 -14 11 0
-14 29 27 0
2 1 -18 0
31 3 6 0
-27 32 31 0
-23 -21 13 0
14 -18 -37 0
-21 -23 -27 0
-26 18 -11 0
-20 2 -33 0
-38 36 11 0
7 31 -8 0
-35 -28 -8 0
24 38 -7 0
31 -15 -1 0
23 -35 -8 0
-35 -19 15 0
-31 40 33 0
11 18 -12 0
-5 -38 -2 0
-5 26 -19 0
31 35 20 0
4 3 -30 0
40 25 -23 0
-23 26 -38 0
-33 14 28 0
-17 -26 18 0
-9 -24 -7 0
-16 -6 -4 0
-36 21 27 0
-16 34 4 0
-37 29 12 0
-23 9 31 0
17 -29 16 0
2 -3 -37 0
-29 -38 -10 0
37 -40 -16 0
-15 17 19 0
-25 -6 -19 0
-18 23 28 0
-9 -22 30 0
-32 30 5 0
-16 20 -18 0
33 -35 -39 0
40 -36 -5 0
32 28 -23 0
-30 -8 33 0
6 -37 10 0
8 1 -14 0
