c instance by G2
c solution = 0110011111000010010101011101001011011001
c Known solution cost is 10583 
p cnf 40 50
w 189 436 304 300 1 313 263 374 214 189 362 468 136 454 454 30 427 69 350 255 287 449 293 40 194 43 417 348 454 380 28 226 274 384 106 21 459 238 102 252
39 -33 10 0
23 21 -39 0
26 15 2 0
-2 13 28 0
16 -14 -3 0
12 40 4 0
4 -11 -6 0
17 6 39 0
-15 -33 8 0
13 -12 23 0
30 23 -32 0
-11 16 7 0
-33 19 -27 0
2 19 -6 0
-2 -30 21 0
-13 22 39 0
19 16 31 0
-28 -15 -19 0
34 7 33 0
13 37 27 0
13 34 -10 0
23 -15 -35 0
-33 -1 21 0
30 40 1 0
26 39 4 0
-34 24 38 0
-25 26 27 0
9 12 -22 0
-40 -5 -2 0
35 20 -37 0
-3 -20 -11 0
33 -22 39 0
-2 -37 -23 0
36 -18 16 0
-39 -29 -16 0
12 -18 -13 0
23 19 2 0
21 19 22 0
17 14 -21 0
7 -36 37 0
-38 27 -6 0
25 16 23 0
7 13 1 0
-9 18 -20 0
27 15 -25 0
-17 -22 -10 0
17 21 -29 0
-16 -28 19 0
-24 17 -4 0
-9 1 3 0
