c instance by G2
c solution = 1011101111001101101111001100110001100011
c Known solution cost is 9184 
p cnf 40 50
w 405 37 384 1 295 436 293 237 362 467 304 11 346 235 265 132 17 47 496 170 472 390 6 5 24 141 207 111 65 272 367 20 402 376 217 392 29 81 498 169
-25 -13 26 0
18 -21 10 0
-27 36 12 0
15 5 -9 0
-3 -18 11 0
-30 4 -3 0
-21 -22 16 0
8 -16 -30 0
1 36 28 0
-29 30 32 0
29 3 -4 0
-10 -19 14 0
-19 20 12 0
-12 -25 -17 0
-38 -4 12 0
21 24 -10 0
1 13 37 0
31 15 29 0
18 -34 13 0
34 27 31 0
37 5 36 0
-2 -4 38 0
30 -15 11 0
37 15 9 0
34 -28 -15 0
-3 9 31 0
37 9 -11 0
-24 15 31 0
-29 -4 -23 0
6 25 29 0
-4 3 -40 0
19 -9 -21 0
-26 -35 -28 0
22 -10 -20 0
27 12 -6 0
35 -20 -3 0
-35 -17 -31 0
-11 28 -10 0
40 -26 -4 0
7 -16 -22 0
2 -32 -22 0
33 -35 -37 0
-40 25 -34 0
15 38 17 0
-33 -20 -16 0
-15 38 -3 0
39 36 -19 0
37 -15 -4 0
-36 11 -40 0
8 18 -17 0
