c instance by G2
c solution = 0100111111110101100110001000010101000000
c Known solution cost is 8326 
p cnf 40 50
w 245 37 61 457 191 96 235 36 374 375 208 82 238 80 194 230 344 43 87 326 100 357 107 423 355 83 226 385 477 37 127 375 59 396 148 131 242 46 139 174
24 14 15 0
40 26 11 0
35 -33 28 0
7 -9 -5 0
-18 33 -17 0
-20 -1 -21 0
21 15 29 0
37 28 -3 0
38 -7 25 0
17 -8 35 0
-12 -26 -10 0
4 -28 -17 0
-24 18 36 0
-15 -16 33 0
2 -16 40 0
7 -34 -37 0
9 4 -5 0
-37 -31 -5 0
30 -17 -10 0
-30 3 -13 0
-22 39 -11 0
-6 17 -33 0
23 -38 -20 0
-14 1 6 0
14 -35 -27 0
-31 14 28 0
18 22 16 0
13 -9 -19 0
-25 10 -9 0
33 35 -37 0
40 -14 25 0
-12 24 5 0
-5 -35 -10 0
8 35 3 0
34 -6 18 0
-2 13 -31 0
-4 35 -20 0
24 -23 -2 0
-27 28 1 0
4 -12 -29 0
-40 -27 21 0
26 -39 -2 0
27 32 15 0
-40 -11 -12 0
-18 -35 13 0
34 23 19 0
20 -6 -1 0
26 12 22 0
20 24 35 0
-36 -11 -34 0
