c instance by G2
c solution = 010101111001111011010101110
c Known solution cost is 7257 
p cnf 27 50
w 453 230 337 407 101 51 391 165 40 332 451 87 398 455 182 459 473 225 148 2 190 154 495 203 194 224 410
5 13 -8 0
13 -8 -4 0
7 -23 19 0
2 -21 18 0
2 -12 -1 0
-4 16 14 0
-17 9 -22 0
-16 21 -25 0
12 -18 -14 0
19 26 -9 0
27 -21 3 0
27 14 22 0
-13 27 -3 0
-10 19 -3 0
2 11 -25 0
-11 7 25 0
-24 23 9 0
-22 -17 -1 0
-18 7 27 0
24 -14 27 0
-25 10 8 0
22 3 5 0
15 11 -18 0
-20 15 -18 0
-16 -25 15 0
-27 6 -26 0
4 3 -13 0
10 -17 -5 0
22 11 14 0
13 -8 -24 0
-23 5 1 0
-2 -27 10 0
-20 5 -3 0
12 -23 11 0
-6 20 -4 0
25 -4 -7 0
11 21 15 0
-20 -17 -19 0
-22 16 17 0
-11 -7 -9 0
-11 -18 14 0
-7 16 -10 0
18 -6 4 0
-9 21 18 0
-26 -19 3 0
6 -20 -26 0
24 23 11 0
11 1 -16 0
-13 5 -21 0
-1 26 24 0
