c instance by G2
c solution = 011000100011111010110100111
c Known solution cost is 7157 
p cnf 27 50
w 458 234 313 24 365 153 27 320 474 40 435 494 35 401 213 52 397 427 398 392 342 268 277 78 31 272 237
15 24 5 0
19 -23 -10 0
-12 14 -22 0
-5 -6 -10 0
-6 13 -16 0
23 -6 18 0
23 -1 -13 0
12 24 6 0
-7 -13 20 0
7 -13 -22 0
5 -9 1 0
15 20 16 0
23 6 11 0
-19 12 -3 0
23 -21 1 0
2 10 -14 0
18 7 23 0
24 18 27 0
-26 22 8 0
9 -11 -23 0
-17 -12 3 0
11 1 9 0
-19 2 4 0
-12 -19 -8 0
-7 -16 23 0
-5 12 -19 0
-8 -2 21 0
-18 9 10 0
-4 -2 10 0
-24 -13 8 0
15 8 -18 0
6 19 10 0
-5 21 8 0
-17 14 1 0
-17 -16 -3 0
24 -9 -7 0
10 -12 14 0
-2 6 -21 0
23 9 2 0
3 21 1 0
7 27 25 0
4 -2 17 0
25 -7 5 0
18 -10 -11 0
20 17 3 0
3 1 -25 0
26 23 -2 0
21 13 10 0
-17 15 -2 0
22 11 21 0
