c instance by G2
c solution = 110110111000110000001100101
c Known solution cost is 6560 
p cnf 27 50
w 215 86 263 45 232 123 381 24 297 406 466 302 226 205 374 453 335 60 41 497 299 137 110 499 198 241 45
27 -19 17 0
10 -22 -19 0
-27 -26 -9 0
-25 19 4 0
-13 2 -24 0
-14 -20 -19 0
-7 1 4 0
15 25 -14 0
-13 16 14 0
-19 -3 -4 0
-11 25 9 0
-21 -23 -13 0
-21 13 24 0
-9 3 2 0
2 26 13 0
23 -2 9 0
-4 3 8 0
-25 10 -17 0
24 20 -16 0
8 26 23 0
-20 -14 -9 0
-9 21 -13 0
11 21 -27 0
-14 18 22 0
18 -12 -26 0
-4 18 25 0
-17 -1 19 0
-24 3 -7 0
-5 -10 -25 0
-7 25 22 0
1 6 17 0
-19 -1 18 0
5 19 10 0
-6 17 -5 0
-2 -11 -21 0
24 -13 -10 0
12 6 7 0
-25 14 6 0
-19 -7 -18 0
-2 -15 -22 0
18 -12 -2 0
-2 -6 -27 0
24 -10 27 0
16 -2 -23 0
8 -25 -19 0
-26 -5 10 0
-22 -18 6 0
15 -6 23 0
-3 -1 6 0
18 20 27 0
