c instance by G2
c solution = 011110000100100001111001101
c Known solution cost is 7349 
p cnf 27 50
w 188 234 453 34 159 309 414 29 251 383 371 107 288 157 360 494 254 282 364 490 293 135 49 477 132 204 438
-7 18 -23 0
24 -9 -25 0
10 20 22 0
20 -25 14 0
5 -20 -6 0
24 -2 8 0
-13 6 -7 0
4 6 13 0
17 19 -6 0
-9 -7 -16 0
16 -4 13 0
-1 -24 9 0
-1 -20 -18 0
20 -3 -6 0
7 -27 21 0
23 -21 5 0
-10 4 -21 0
-15 -14 -3 0
-13 18 -19 0
11 -17 6 0
6 -23 9 0
14 -18 27 0
-7 -24 27 0
-22 1 8 0
6 23 25 0
4 12 -19 0
-1 17 23 0
18 -8 -2 0
-12 -4 8 0
13 6 -17 0
-14 9 -10 0
14 -16 -20 0
-11 1 -27 0
-21 2 -3 0
-19 1 10 0
-5 21 -13 0
7 11 3 0
14 -9 -2 0
-11 13 14 0
-27 7 -6 0
-12 -9 11 0
-8 -10 22 0
19 -4 6 0
-4 -15 12 0
20 -3 6 0
2 25 -5 0
-24 11 3 0
-27 -20 -14 0
-20 -26 -24 0
19 13 -4 0
