c instance by G2
c solution = 110101101101001100100011101
c Known solution cost is 6281 
p cnf 27 50
w 370 194 330 85 489 395 212 398 82 250 154 336 145 65 436 19 129 264 261 44 176 120 471 27 62 394 373
22 -20 -10 0
-1 15 -25 0
-13 19 -10 0
24 3 13 0
22 -2 -5 0
5 -27 -8 0
-16 2 -23 0
2 6 -7 0
-8 23 7 0
-17 18 20 0
-2 19 5 0
12 -4 18 0
9 17 -4 0
-7 -11 -23 0
-18 11 -24 0
1 -2 21 0
8 -3 5 0
-15 -22 26 0
22 6 -7 0
23 -8 -15 0
3 27 20 0
22 16 -15 0
-16 26 -22 0
-26 -23 20 0
-24 -7 4 0
-13 -9 -16 0
21 -9 -17 0
-23 -10 25 0
15 -25 -4 0
-19 7 -27 0
-6 10 -4 0
-23 9 4 0
9 7 -22 0
-21 -15 5 0
-25 -17 6 0
-24 1 -4 0
-22 -12 25 0
24 1 20 0
-15 -3 14 0
23 8 -27 0
1 -11 -9 0
10 -24 -13 0
-1 -14 22 0
-2 -13 27 0
-24 8 -26 0
18 -15 27 0
5 -21 27 0
5 -11 -9 0
-2 10 21 0
7 -17 -24 0
