c instance by G2
c solution = 100100011010101011110100101
c Known solution cost is 6192 
p cnf 27 50
w 161 8 256 57 424 411 438 470 54 327 375 155 16 385 419 189 310 289 458 246 87 77 55 252 3 101 169
-12 23 -18 0
-2 -17 -27 0
27 -26 1 0
2 22 21 0
7 15 -9 0
-4 20 8 0
14 -11 17 0
16 -27 19 0
-19 -18 -5 0
1 -17 -9 0
-9 16 18 0
-22 9 26 0
12 -14 -17 0
15 -16 14 0
6 26 -24 0
14 -10 -13 0
-19 6 -3 0
-17 -23 6 0
16 26 27 0
9 14 -1 0
24 -17 18 0
-13 -15 -21 0
-5 -16 7 0
-19 -26 20 0
4 -7 -22 0
-18 6 -5 0
14 -19 27 0
-11 -8 -6 0
9 -11 -25 0
13 10 -19 0
8 -1 14 0
-27 1 -10 0
4 3 -22 0
-17 -11 15 0
24 8 2 0
3 -11 -7 0
-11 -12 -14 0
26 3 25 0
-20 -10 11 0
17 4 -21 0
-9 -24 -13 0
3 -9 -2 0
25 27 14 0
-26 -1 10 0
20 -1 -15 0
-13 17 -6 0
11 3 23 0
-16 3 12 0
8 -22 24 0
24 -21 12 0
