c instance by G2
c solution = 001011011111011010101010001
c Known solution cost is 7450 
p cnf 27 50
w 292 133 345 392 205 227 397 139 465 456 463 26 227 211 458 12 48 430 357 280 143 379 453 131 27 339 415
11 -5 -6 0
24 -6 -16 0
16 7 11 0
10 -1 11 0
-18 -16 4 0
20 14 19 0
8 18 -3 0
2 -18 23 0
7 -25 -3 0
6 -11 16 0
-9 -2 13 0
24 18 12 0
-8 26 -22 0
-16 18 -9 0
-5 13 9 0
11 5 12 0
-18 4 -23 0
24 -4 -6 0
4 15 2 0
-21 3 25 0
-5 -7 16 0
5 18 26 0
19 22 -12 0
-22 -4 -5 0
-10 26 17 0
-21 -22 9 0
10 -2 -18 0
-10 -8 17 0
10 22 13 0
-8 23 -10 0
-26 1 -5 0
-12 -13 24 0
13 -12 27 0
-23 9 -12 0
-27 -18 -4 0
-1 -23 -14 0
-13 9 22 0
7 -18 -24 0
-22 26 1 0
-8 -7 27 0
-24 2 -5 0
-17 15 2 0
-20 25 1 0
20 23 14 0
4 14 20 0
11 -9 -10 0
8 19 6 0
-9 7 -25 0
-6 21 -3 0
11 -4 -22 0
