c instance by G2
c solution = 000001000001101110101001101
c Known solution cost is 7697 
p cnf 27 50
w 383 124 437 445 274 223 4 58 450 384 149 295 94 340 135 366 331 328 364 268 256 137 405 393 413 432 209
-25 -26 -19 0
6 -21 8 0
21 -13 8 0
7 23 24 0
-2 7 23 0
-23 -12 -16 0
27 25 16 0
-21 5 -22 0
19 -9 -5 0
25 -4 -6 0
-11 -10 25 0
-16 2 -23 0
-12 17 11 0
5 17 10 0
-5 -11 16 0
22 20 -3 0
-3 20 2 0
-4 -21 27 0
-21 25 1 0
21 5 6 0
-17 -7 23 0
-18 -15 6 0
-22 25 3 0
14 -21 -8 0
6 21 -10 0
-9 10 7 0
2 -10 -24 0
20 10 13 0
-4 9 3 0
-21 -18 4 0
18 -3 7 0
22 2 -8 0
-14 -20 -11 0
26 -23 2 0
9 27 22 0
18 -24 -20 0
-17 -11 3 0
26 -14 19 0
9 11 -23 0
-14 5 -12 0
-22 2 24 0
7 -1 20 0
19 11 -13 0
18 12 -27 0
-18 9 20 0
13 8 -14 0
22 16 -24 0
-5 -22 -1 0
3 22 -5 0
8 9 15 0
