c instance by G2
c solution = 100111011011100011011100001
c Known solution cost is 5739 
p cnf 27 50
w 37 8 283 439 437 165 441 56 17 163 114 101 268 293 33 224 79 305 488 203 313 79 134 97 418 244 300
12 23 -9 0
-24 -18 23 0
-11 -8 -10 0
-6 5 25 0
-4 18 -26 0
13 -27 10 0
3 -15 -27 0
-10 14 -5 0
4 24 -23 0
-4 -18 -23 0
-14 11 -19 0
-17 -26 -6 0
-20 -26 7 0
9 25 -13 0
-18 24 -14 0
25 18 3 0
13 18 -7 0
19 4 24 0
16 19 -7 0
-4 27 9 0
26 -16 7 0
5 12 15 0
25 -14 -10 0
13 6 14 0
-13 1 5 0
11 19 -5 0
2 1 -8 0
8 3 -1 0
-5 15 -2 0
19 1 -11 0
-10 -14 -21 0
-5 16 27 0
-12 -22 -16 0
7 3 20 0
12 3 -18 0
27 -9 20 0
22 -25 8 0
-4 -16 -21 0
-5 13 12 0
-21 -14 -2 0
-8 21 7 0
-19 -8 16 0
-20 19 22 0
-5 -9 12 0
-25 -9 -8 0
-3 -9 -6 0
16 6 -21 0
-20 -10 -11 0
4 15 -22 0
24 17 2 0
