c instance by G2
c solution = 101101000110111000000010100
c Known solution cost is 6454 
p cnf 27 50
w 297 498 121 68 243 450 342 244 449 146 406 124 241 187 288 44 385 342 5 99 144 95 446 73 60 267 390
-4 -12 -15 0
14 20 17 0
-7 -23 -4 0
8 -20 2 0
12 9 -8 0
22 -20 26 0
-25 1 20 0
18 6 7 0
7 -21 -18 0
-13 -14 -26 0
-22 -25 27 0
20 23 17 0
-15 9 -19 0
22 -15 -18 0
22 -5 -9 0
-14 -16 -10 0
7 -25 -16 0
16 9 -24 0
25 -14 12 0
-20 -23 11 0
-21 1 -24 0
-4 15 -11 0
-15 10 -1 0
11 7 -1 0
-27 16 -10 0
-14 -2 5 0
-25 -19 22 0
11 -16 -27 0
18 3 20 0
-7 -22 -3 0
1 19 -15 0
-27 -6 21 0
-13 -6 -17 0
-3 2 -8 0
17 -11 -8 0
22 -7 -19 0
27 -5 7 0
20 -6 -21 0
-8 10 -2 0
-15 16 13 0
-19 -23 -16 0
13 5 22 0
-14 -11 -9 0
7 -8 -6 0
-9 -21 5 0
-20 10 17 0
8 4 26 0
-7 -15 -10 0
-18 24 5 0
-22 -6 16 0
