c instance by G2
c solution = 100011111001001000101111101
c Known solution cost is 6565 
p cnf 27 50
w 184 489 62 291 322 376 62 11 325 397 289 133 199 421 264 408 235 330 138 80 364 237 350 158 275 118 47
-27 9 16 0
-7 10 25 0
-18 -9 -6 0
-24 26 -14 0
1 -5 -6 0
3 -7 6 0
18 -25 -10 0
-22 -5 25 0
-2 -19 10 0
3 27 17 0
-11 16 -7 0
-25 20 8 0
6 11 19 0
7 2 10 0
14 -26 -1 0
-27 -21 -16 0
-8 -12 5 0
15 2 -13 0
25 -2 3 0
-18 22 -27 0
3 18 15 0
-15 12 -9 0
8 14 -16 0
-7 -23 22 0
10 -11 20 0
14 4 -11 0
24 -9 -20 0
-12 -22 -11 0
1 -16 -3 0
-27 -13 3 0
-12 10 22 0
1 -11 -27 0
-3 -15 -22 0
2 -19 23 0
19 -25 -16 0
11 8 -9 0
-13 -2 26 0
-25 11 -10 0
16 22 -23 0
24 13 -23 0
-19 20 -4 0
7 -13 16 0
25 -23 -27 0
13 11 19 0
-6 -20 -1 0
21 17 -27 0
15 5 12 0
-11 -3 21 0
9 18 -24 0
-17 2 -23 0
