c instance by G2
c solution = 01010001000001010110101110000100
c Known solution cost is 7466 
p cnf 32 50
w 137 287 17 321 59 88 349 2 187 308 289 248 147 239 370 192 416 59 289 333 390 314 328 113 364 189 136 445 210 450 135 55
-14 -24 -20 0
11 14 7 0
19 7 -25 0
32 -2 25 0
24 13 28 0
26 6 8 0
22 20 -31 0
-11 -30 -29 0
-5 -23 1 0
-11 -2 -30 0
32 21 7 0
-14 -30 8 0
16 31 -11 0
20 -24 -15 0
-29 16 -27 0
30 27 -12 0
4 28 23 0
-32 -22 -24 0
11 1 25 0
5 -10 -16 0
11 25 1 0
-7 -2 -14 0
15 -26 32 0
-22 -19 7 0
-18 7 16 0
-28 -22 -27 0
-4 19 32 0
18 32 -24 0
28 -17 7 0
-14 23 -21 0
11 -4 -29 0
-18 25 -10 0
5 28 25 0
9 8 22 0
-11 -16 -32 0
15 -1 29 0
5 -8 -28 0
-14 3 -5 0
-31 4 -3 0
6 11 -32 0
-9 31 -23 0
-30 4 11 0
-27 6 26 0
-16 29 30 0
28 17 2 0
20 -12 32 0
-13 6 -16 0
-30 7 -3 0
-6 -16 -30 0
21 9 10 0
