c instance by G2
c solution = 10011000101000000100111011101111
c Known solution cost is 9056 
p cnf 32 50
w 26 445 336 341 229 106 344 434 331 389 428 470 247 274 346 37 21 264 259 333 98 307 430 361 357 287 126 408 360 255 61 346
8 11 6 0
24 10 4 0
-24 28 8 0
9 17 -23 0
21 28 -29 0
3 -32 30 0
2 6 18 0
-5 32 -20 0
-25 -9 -3 0
-6 -23 14 0
-8 16 -27 0
18 -26 16 0
-2 -11 -4 0
9 1 25 0
26 27 -29 0
15 -29 -17 0
-3 10 8 0
22 -25 -31 0
30 5 14 0
-28 13 19 0
30 -9 -11 0
27 4 26 0
7 12 -14 0
-11 -25 -12 0
27 -5 -18 0
27 3 -21 0
32 19 17 0
-6 3 -15 0
20 12 -15 0
3 16 5 0
-28 -10 25 0
25 -32 -1 0
-32 1 16 0
-1 2 29 0
8 11 -10 0
4 16 23 0
-14 22 12 0
31 -5 17 0
-27 11 1 0
7 17 -10 0
5 14 19 0
-31 17 -7 0
26 10 12 0
28 -3 19 0
15 13 -20 0
-8 -6 27 0
17 -16 -29 0
15 -13 -9 0
-21 -19 28 0
-31 23 14 0
