c instance by G2
c solution = 10110101011111101000001101001111
c Known solution cost is 7401 
p cnf 32 50
w 234 86 392 161 203 90 342 271 211 6 492 182 303 402 4 191 436 45 339 103 284 339 66 338 393 54 343 126 398 235 288 44
-19 2 -23 0
-27 -23 1 0
11 31 -10 0
-4 26 22 0
13 2 7 0
-4 8 29 0
15 32 -7 0
-24 -25 -13 0
-16 23 30 0
18 -11 -20 0
-23 -10 4 0
27 22 3 0
8 22 -29 0
-4 14 -28 0
-11 -17 14 0
18 7 32 0
-3 -11 31 0
-4 -6 1 0
6 -11 16 0
-27 2 21 0
-3 -23 24 0
27 -9 -18 0
-1 29 -15 0
-15 -27 20 0
-4 -5 -17 0
-10 -12 -22 0
25 -4 -2 0
-3 29 -8 0
-12 23 -17 0
20 -11 12 0
27 7 11 0
10 -11 18 0
9 -21 5 0
-30 -32 -27 0
-6 26 -32 0
-5 26 -15 0
-25 -17 29 0
-13 14 -19 0
-15 -9 -31 0
-20 8 -24 0
-4 18 17 0
9 15 -23 0
19 31 10 0
-16 5 -31 0
27 10 -32 0
-18 -24 22 0
-7 -29 -26 0
-31 30 -4 0
31 -7 -22 0
-28 7 9 0
