c instance by G2
c solution = 01101100011110011100101001111010
c Known solution cost is 6694 
p cnf 32 50
w 156 243 238 337 79 149 233 75 216 405 451 161 279 478 353 92 22 103 301 34 85 107 376 154 191 41 61 288 372 407 10 197
-19 -2 -21 0
-5 14 13 0
22 -19 30 0
-8 -18 17 0
-31 -23 -20 0
20 19 21 0
9 -1 -18 0
-15 5 -2 0
-18 -2 27 0
-11 14 29 0
12 -5 -23 0
11 -23 -3 0
25 2 22 0
-9 -22 13 0
28 4 -32 0
27 3 29 0
17 -29 -23 0
31 14 4 0
-4 -25 10 0
-19 3 -12 0
4 25 -7 0
28 19 -23 0
-16 4 -25 0
1 -12 23 0
8 1 -25 0
7 -14 -12 0
-19 -21 -16 0
6 -3 20 0
-10 -4 -27 0
18 -27 30 0
-32 22 -2 0
-8 -29 25 0
10 -13 20 0
1 26 22 0
-24 -12 -26 0
-24 -16 22 0
-18 -9 8 0
-21 8 -15 0
-2 -11 -30 0
28 -21 8 0
23 19 9 0
21 -5 19 0
1 16 -5 0
3 -31 -28 0
24 4 -9 0
-32 -10 -14 0
-17 -22 -12 0
26 22 -32 0
-11 -31 6 0
5 -21 8 0
