c instance by G2
c solution = 01000111101011011101010100000000
c Known solution cost is 9096 
p cnf 32 50
w 180 377 498 283 414 350 219 156 256 171 241 407 272 159 399 320 102 443 434 340 419 372 177 334 130 145 363 252 252 350 232 49
5 -32 26 0
-12 -11 31 0
20 -17 23 0
-17 15 -3 0
32 20 14 0
26 -31 28 0
32 -24 -4 0
-28 -5 -16 0
-30 -18 -1 0
-15 32 3 0
25 -21 -7 0
-2 24 -21 0
8 29 16 0
31 -10 -22 0
-2 4 -19 0
-2 6 -11 0
26 7 -6 0
-14 31 16 0
23 11 -6 0
-8 -15 27 0
18 26 17 0
-5 -24 -18 0
17 3 -24 0
-7 20 19 0
-27 25 -10 0
-23 -7 28 0
-31 28 -13 0
25 12 8 0
21 -2 24 0
18 26 3 0
-1 13 22 0
2 -14 5 0
-17 -29 28 0
-13 9 -24 0
32 -13 -27 0
-22 15 -1 0
32 -2 14 0
-25 -6 1 0
11 24 -1 0
32 13 -22 0
4 -13 22 0
-10 1 9 0
2 -24 4 0
-26 12 10 0
-12 28 -9 0
-24 -31 -14 0
5 10 18 0
-9 -30 -17 0
15 24 -13 0
-20 -28 -7 0
