c instance by G2
c solution = 10001110000000100101101000001010
c Known solution cost is 8693 
p cnf 32 50
w 212 117 423 300 297 300 136 132 227 85 129 440 365 485 243 232 29 99 356 347 442 168 442 476 159 309 344 316 332 87 443 221
-31 -8 11 0
9 29 17 0
-8 19 30 0
-17 -22 -25 0
-5 20 -18 0
-24 21 -23 0
10 -32 -31 0
28 -31 -9 0
-9 25 -8 0
-2 -17 3 0
-27 -5 -11 0
13 31 28 0
21 -30 4 0
-1 -7 18 0
30 28 -2 0
4 21 -6 0
8 -27 -29 0
3 -16 -14 0
-5 6 -18 0
26 -16 30 0
8 -10 19 0
-30 3 -29 0
-20 -12 4 0
14 21 -2 0
14 -19 2 0
-21 15 -10 0
-14 25 9 0
21 5 -18 0
-20 -4 2 0
-24 -13 -16 0
25 7 -18 0
-17 -5 -1 0
-3 -11 21 0
-13 16 22 0
-24 13 -7 0
-21 15 19 0
-20 -23 5 0
-15 -1 -17 0
-7 -26 14 0
-14 -5 2 0
17 23 -15 0
12 2 1 0
-22 19 3 0
-20 -11 -23 0
30 -3 -5 0
-2 -19 -6 0
32 30 -25 0
15 -3 19 0
-28 12 -23 0
6 2 -13 0
