c instance by G2
c solution = 11001111001000011100100111101101
c Known solution cost is 8128 
p cnf 32 50
w 406 271 130 42 33 264 257 247 451 201 344 367 270 96 38 35 316 330 459 139 232 347 158 241 115 498 456 255 339 57 464 270
26 10 23 0
7 -31 11 0
-15 -27 -6 0
3 25 -30 0
1 13 -20 0
16 22 32 0
13 -16 -14 0
26 -25 2 0
-22 -18 -5 0
-2 3 -23 0
21 -25 23 0
7 -32 21 0
13 -18 8 0
13 -21 29 0
-19 15 -5 0
-30 -17 -28 0
9 -25 24 0
-6 -24 7 0
-27 -29 32 0
1 -4 19 0
14 -10 -27 0
20 18 -6 0
9 4 -13 0
-21 -4 -28 0
-24 -2 -14 0
9 16 -20 0
16 -8 -30 0
26 -17 -7 0
9 -31 28 0
17 -23 -10 0
30 -6 -5 0
-16 15 -12 0
4 -28 14 0
-24 20 1 0
27 -17 12 0
-32 -18 6 0
-20 4 -32 0
-23 21 6 0
4 -3 31 0
-6 -1 -4 0
18 -22 24 0
21 -4 28 0
29 -26 -27 0
7 30 23 0
17 -27 31 0
14 11 9 0
-6 -9 -16 0
2 -16 20 0
28 5 31 0
2 30 -7 0
