c instance by G2
c solution = 01011111110101111001010010101001
c Known solution cost is 6818 
p cnf 32 50
w 7 298 223 199 140 60 420 106 41 4 208 79 48 51 491 213 63 462 60 162 164 189 385 189 495 410 274 333 391 167 324 162
-2 -30 -20 0
-20 30 -3 0
10 3 -22 0
7 -30 -24 0
32 -15 -29 0
-17 26 25 0
-14 -1 11 0
-20 5 23 0
26 -24 30 0
16 1 5 0
-14 -29 15 0
11 -8 17 0
-5 32 -10 0
-6 16 14 0
20 -24 -1 0
-7 -29 -31 0
-4 -28 -14 0
3 -11 26 0
17 22 32 0
-15 -21 17 0
-4 1 -19 0
-29 -10 8 0
11 31 16 0
1 29 -6 0
4 1 -14 0
13 -8 -21 0
14 -20 -17 0
21 -5 -13 0
30 -8 -26 0
12 -8 -7 0
-1 -26 -5 0
-1 -16 8 0
19 7 31 0
32 25 3 0
19 31 6 0
3 -8 22 0
31 -17 -23 0
22 23 -10 0
-18 26 -15 0
10 18 -4 0
-27 2 30 0
31 20 -22 0
24 1 -21 0
3 -11 -2 0
-6 1 27 0
17 -12 -23 0
-10 26 9 0
-28 -14 13 0
-2 20 -12 0
-20 -30 15 0
