c instance by G2
c solution = 00011000010000010000011101010010
c Known solution cost is 8747 
p cnf 32 50
w 206 382 358 492 387 306 23 341 238 125 80 76 373 113 241 473 441 222 171 344 445 437 317 218 407 253 386 194 396 131 11 160
-18 21 20 0
-2 -29 4 0
18 -10 -2 0
-22 -13 8 0
-4 -20 8 0
-27 21 6 0
-1 30 20 0
26 -1 4 0
-25 14 16 0
-4 31 24 0
9 10 3 0
12 8 -9 0
9 -8 13 0
-16 30 4 0
11 -10 22 0
-17 -7 32 0
28 -5 -22 0
-30 -7 -26 0
5 30 -11 0
-14 15 26 0
-29 -5 1 0
-30 8 27 0
18 30 31 0
-7 -31 -24 0
17 29 16 0
19 -18 9 0
1 -14 19 0
-11 29 -10 0
-23 -12 32 0
-1 -22 11 0
-3 2 30 0
15 28 -23 0
29 12 -32 0
2 21 -25 0
5 18 30 0
5 -3 -17 0
11 21 -17 0
9 -13 -28 0
-5 26 -4 0
21 17 -12 0
-6 -10 17 0
20 9 23 0
10 9 -26 0
-24 -20 7 0
7 -24 -15 0
9 -19 12 0
-16 -11 -13 0
-21 7 27 0
-13 -17 32 0
1 27 24 0
