c instance by G2
c solution = 00111101011110000011000111101100
c Known solution cost is 8886 
p cnf 32 50
w 494 332 442 281 296 138 217 412 54 494 460 194 406 214 471 230 146 389 81 342 410 255 116 128 355 18 278 454 135 188 433 23
-6 27 7 0
-20 28 19 0
18 8 -25 0
22 -17 -10 0
-4 -16 19 0
1 -5 12 0
-18 -4 -31 0
17 1 -28 0
7 15 -31 0
-15 -9 24 0
-26 -18 2 0
-13 31 -1 0
-32 31 19 0
8 16 22 0
-26 -21 -2 0
24 16 -4 0
25 22 27 0
13 -11 3 0
-29 19 -25 0
32 17 13 0
-15 5 -20 0
23 -30 -7 0
-24 -25 20 0
16 -24 30 0
16 -11 -2 0
-21 -10 28 0
-9 -10 -30 0
-2 12 -11 0
14 16 20 0
-6 -2 18 0
-19 13 23 0
17 -16 -20 0
25 17 -6 0
7 10 -8 0
-12 6 -4 0
3 7 -4 0
28 25 -8 0
16 -26 -15 0
-5 -11 -23 0
-11 -28 -14 0
-26 -14 31 0
31 -12 29 0
26 -8 -6 0
28 -21 14 0
2 -4 5 0
18 4 -10 0
-3 14 11 0
4 -24 9 0
-22 14 -10 0
31 -3 -32 0
