c instance by G2
c solution = 00001011110011010000011110001011
c Known solution cost is 8185 
p cnf 32 50
w 207 172 182 271 155 91 421 117 352 314 466 392 12 142 279 475 217 125 68 13 447 423 374 163 368 81 454 268 322 75 496 243
-7 20 31 0
-6 -20 -29 0
-25 -15 11 0
5 -22 27 0
22 21 -31 0
-17 18 5 0
26 14 -29 0
-31 27 25 0
28 12 -1 0
-9 12 -20 0
-32 10 26 0
17 16 3 0
-5 2 16 0
4 -30 32 0
2 7 15 0
23 12 27 0
29 -24 -10 0
1 -24 32 0
4 -17 11 0
20 13 -9 0
3 -4 -5 0
-31 -8 -21 0
25 -32 22 0
29 26 17 0
-25 21 -30 0
-3 4 -25 0
-3 11 12 0
4 8 -16 0
23 5 -2 0
6 20 -30 0
-19 -31 27 0
17 24 -16 0
2 -31 -6 0
2 18 -28 0
-2 20 -25 0
-18 26 -12 0
23 -15 -12 0
-26 1 -14 0
-17 -18 -12 0
8 5 24 0
-1 3 -12 0
18 -32 16 0
-21 28 -3 0
27 -31 -30 0
-31 -25 -18 0
-12 15 -8 0
-27 -10 12 0
-30 -11 10 0
9 -23 -32 0
17 -9 -11 0
