c instance by G2
c solution = 10110000000011011000100100000011
c Known solution cost is 8005 
p cnf 32 50
w 368 257 381 107 308 4 302 299 14 6 451 466 431 215 49 362 452 422 399 28 224 208 417 62 135 480 71 135 354 144 178 276
20 24 -26 0
12 13 -24 0
29 -22 19 0
-24 -28 18 0
23 -11 7 0
7 17 9 0
-26 17 20 0
25 -27 21 0
7 4 22 0
18 -19 23 0
-12 21 18 0
17 -26 25 0
-8 -24 -14 0
14 1 10 0
-14 -25 1 0
-25 28 23 0
10 -21 -5 0
15 1 22 0
29 28 32 0
-29 -31 -24 0
11 31 8 0
-14 5 -2 0
20 10 -18 0
30 21 -14 0
3 29 -5 0
15 -23 26 0
18 -12 26 0
-1 -30 26 0
14 -23 -24 0
-15 11 5 0
-4 -9 10 0
15 3 26 0
2 7 -20 0
-21 24 12 0
11 -24 -10 0
30 -9 29 0
-27 -4 26 0
-32 26 -5 0
-17 -1 -2 0
-14 -32 -23 0
-32 -1 14 0
-17 4 -10 0
16 -32 20 0
-3 -17 -26 0
-5 -32 14 0
7 -6 22 0
17 -21 2 0
14 10 26 0
-20 23 -31 0
23 -16 -7 0
