c instance by G2
c solution = 11101000110001001111010111011100
c Known solution cost is 7920 
p cnf 32 50
w 315 268 470 484 215 57 405 188 221 154 367 353 55 114 392 362 45 61 2 313 174 253 147 313 2 425 57 141 456 425 365 321
1 -29 5 0
-5 -18 -27 0
29 -14 4 0
-17 -20 -4 0
-11 -14 -29 0
-19 28 -10 0
-24 -22 -31 0
7 -15 13 0
21 -20 18 0
12 -1 10 0
21 27 17 0
-14 -21 -27 0
-11 18 14 0
-30 16 -8 0
4 7 9 0
-25 -16 7 0
-17 13 -7 0
-18 -23 31 0
-22 -9 20 0
12 28 -7 0
-26 -32 -30 0
5 -14 -18 0
32 13 -6 0
-31 -4 -13 0
-30 -16 -19 0
31 -2 24 0
-9 -11 -29 0
22 31 -30 0
32 8 20 0
-2 -21 -28 0
32 31 30 0
-13 14 21 0
27 5 -29 0
15 -8 17 0
26 32 12 0
-17 2 -26 0
25 -18 -20 0
-20 1 -22 0
15 -26 22 0
-14 -5 3 0
-25 31 -16 0
32 -2 -21 0
-26 -18 19 0
31 -12 -28 0
-26 2 -24 0
12 14 11 0
26 15 24 0
4 27 10 0
23 15 -13 0
-5 6 20 0
