c instance by G2
c solution = 10111100011000100001110100010001
c Known solution cost is 6238 
p cnf 32 50
w 414 78 378 31 95 27 189 10 2 101 405 141 41 168 88 489 29 453 157 191 127 260 486 138 368 313 5 54 73 333 273 321
17 -1 -14 0
-27 -4 -24 0
20 19 -6 0
-6 28 15 0
-30 19 -6 0
-3 32 18 0
10 -28 23 0
-6 29 -17 0
16 -9 19 0
-23 -10 -4 0
28 -20 17 0
11 31 21 0
15 -19 28 0
22 8 23 0
-27 6 -26 0
31 -4 24 0
25 -32 -26 0
-10 24 29 0
-23 16 -9 0
-19 29 26 0
-11 -12 7 0
-16 18 26 0
-11 19 -12 0
-30 2 26 0
15 -6 -4 0
17 3 27 0
13 -26 -17 0
-29 7 19 0
-10 12 6 0
-21 -19 -32 0
10 -13 14 0
8 26 22 0
5 -3 8 0
-23 -5 -26 0
27 -13 29 0
-28 -31 23 0
32 -18 -24 0
25 30 -19 0
-5 4 -32 0
11 -32 -24 0
21 -5 -10 0
-8 14 7 0
7 -24 1 0
-27 -1 12 0
-4 -7 19 0
13 -18 -1 0
-25 13 9 0
-23 -25 9 0
-16 -27 -15 0
-28 30 -2 0
