c instance by G2
c solution = 01100011011101000011101111001110
c Known solution cost is 7320 
p cnf 32 50
w 105 150 218 195 230 223 159 154 462 438 272 232 238 220 251 450 295 230 140 43 200 137 100 286 45 233 200 46 174 484 234 476
-7 12 5 0
-16 -31 4 0
-7 1 -27 0
27 -8 -15 0
-8 18 29 0
-10 12 -7 0
21 28 29 0
15 -13 -20 0
31 1 27 0
-4 -2 21 0
9 32 19 0
-25 -22 32 0
2 -8 -26 0
-14 20 32 0
-6 17 -3 0
32 -31 30 0
-26 4 21 0
-8 -3 -32 0
-26 -18 30 0
24 -3 -11 0
19 -26 -25 0
-2 -4 -8 0
20 -12 -29 0
-14 -18 -2 0
-20 26 -31 0
-20 -22 -23 0
2 -4 30 0
-15 19 -8 0
-2 8 5 0
4 -1 -25 0
13 25 -19 0
7 -23 -25 0
-12 23 5 0
4 -6 29 0
5 26 -31 0
10 25 -23 0
22 -5 9 0
14 -23 -29 0
2 -20 3 0
-28 -21 -25 0
-9 32 28 0
-8 -15 -26 0
31 -32 6 0
-3 11 17 0
-19 -16 -12 0
5 -17 22 0
-25 5 3 0
-9 -30 13 0
4 10 22 0
-12 -30 3 0
