c instance by G2
c solution = 11000011101100111001011010100101
c Known solution cost is 7911 
p cnf 32 50
w 439 405 119 420 379 206 58 336 22 164 134 66 118 131 383 237 170 430 418 372 190 488 317 389 53 149 424 217 108 75 41 453
-19 -16 -9 0
-8 -24 28 0
25 -2 -7 0
28 -4 21 0
-20 6 -26 0
12 6 -23 0
10 1 24 0
4 27 28 0
-21 4 5 0
21 -9 15 0
29 2 -16 0
-16 10 27 0
-28 4 -7 0
30 -27 -32 0
-7 20 -2 0
-16 19 -18 0
32 -9 4 0
16 -27 31 0
-19 29 -7 0
-17 -14 -9 0
24 -30 1 0
-7 -3 24 0
5 -10 26 0
-9 7 10 0
-29 -28 -31 0
11 -25 -15 0
-4 -20 -15 0
25 -26 2 0
17 -11 -23 0
-5 -15 10 0
11 3 -32 0
15 -7 -8 0
23 5 -8 0
9 6 13 0
-6 11 20 0
2 23 6 0
18 -27 -31 0
3 17 -30 0
13 22 -30 0
-28 -2 -9 0
-22 -13 -27 0
17 15 -4 0
8 -22 6 0
28 -6 -15 0
32 4 25 0
32 -12 28 0
13 -29 -22 0
9 30 -10 0
-21 15 5 0
13 -29 16 0
