c instance by G2
c solution = 01000101111010001011000111001010
c Known solution cost is 8898 
p cnf 32 50
w 269 275 241 123 351 304 250 360 197 219 466 51 360 384 321 284 432 140 199 38 480 434 344 275 281 220 416 103 264 358 190 269
-18 21 5 0
1 -18 19 0
-25 10 -9 0
-6 -25 -7 0
-31 -6 -28 0
8 2 -31 0
14 -1 23 0
12 32 -21 0
11 14 21 0
-2 -22 -9 0
7 23 29 0
9 -31 6 0
-27 -17 4 0
-15 -6 -29 0
31 1 -26 0
9 -1 -13 0
1 4 9 0
4 -1 -21 0
2 -5 -9 0
-5 -25 -20 0
32 -22 16 0
-10 13 18 0
1 24 9 0
-13 -4 -29 0
-29 19 27 0
-18 -22 4 0
16 -3 -25 0
-21 -31 22 0
8 16 27 0
5 -16 18 0
20 -19 -25 0
-8 -30 21 0
-5 -2 7 0
-22 -21 14 0
17 -24 12 0
-10 6 -8 0
16 24 -17 0
-6 -32 -31 0
-19 26 -13 0
9 32 1 0
3 11 17 0
2 -11 32 0
-29 -25 -23 0
-20 -12 -13 0
-1 18 -3 0
23 -14 16 0
31 25 -7 0
25 -12 23 0
25 16 -10 0
32 25 12 0
