c instance by G2
c solution = 11000111100011110111000000110010
c Known solution cost is 6908 
p cnf 32 50
w 102 260 96 321 67 176 425 390 475 328 131 148 84 6 261 99 194 210 74 107 88 203 372 192 385 192 248 121 286 164 205 498
29 17 19 0
11 22 13 0
31 21 -27 0
-26 -9 10 0
-6 -7 20 0
21 -19 9 0
23 31 -1 0
-15 29 20 0
14 -7 17 0
-31 4 -21 0
-5 31 -30 0
-13 5 15 0
5 -4 11 0
27 11 29 0
-22 -31 -15 0
21 7 -1 0
-22 19 -4 0
-14 27 -31 0
-1 12 8 0
-15 -27 -17 0
-8 -16 -32 0
7 -13 24 0
-28 -13 -11 0
25 -5 6 0
23 10 -30 0
-3 -19 25 0
28 -13 22 0
-5 9 -16 0
3 1 -13 0
5 -25 -28 0
-14 12 -10 0
12 5 13 0
-29 11 23 0
11 27 3 0
26 -3 22 0
9 -22 -17 0
29 -1 6 0
-24 -28 -16 0
-12 -20 26 0
-5 -14 -1 0
-27 -23 -31 0
-31 5 -21 0
16 24 12 0
29 1 4 0
-4 31 11 0
4 -11 19 0
-8 21 -3 0
-20 -6 2 0
-23 14 -19 0
18 -20 -9 0
