c instance by G2
c solution = 11111011010100101000000001010000
c Known solution cost is 6987 
p cnf 32 50
w 464 266 177 218 63 16 173 72 388 67 481 435 109 178 8 72 39 275 148 60 392 286 58 494 127 179 346 259 50 458 383 246
30 17 32 0
13 9 -29 0
10 21 23 0
-10 -27 -17 0
7 14 32 0
15 -22 -7 0
-12 -26 2 0
32 -12 8 0
22 11 -20 0
-7 -31 19 0
28 -5 22 0
-11 -7 32 0
-23 9 13 0
12 24 18 0
28 -11 25 0
-14 -18 -9 0
-28 3 -23 0
-7 -1 -25 0
-30 23 20 0
27 3 21 0
-7 -16 25 0
23 5 -3 0
25 30 1 0
-9 14 27 0
-18 -7 -26 0
-5 -13 -10 0
-5 -17 -13 0
-20 3 17 0
23 -27 -7 0
-7 -19 31 0
31 -14 20 0
-7 -17 15 0
19 -22 -26 0
32 4 19 0
13 4 21 0
-1 -22 17 0
-14 -12 -19 0
16 26 31 0
-13 21 -32 0
-8 5 21 0
14 -21 19 0
-15 20 -24 0
-6 29 32 0
20 -23 -29 0
-6 -27 -18 0
9 -32 20 0
-27 28 25 0
5 10 4 0
10 -6 2 0
-10 -5 8 0
