c instance by G2
c solution = 00111111101101111101010010111101
c Known solution cost is 6093 
p cnf 32 50
w 71 43 136 32 324 7 86 245 48 392 47 425 374 305 496 353 258 60 399 20 110 319 168 214 201 154 173 46 264 40 191 92
-12 -2 23 0
-18 -20 32 0
-14 -16 -24 0
27 1 25 0
10 25 -27 0
27 -16 21 0
23 -31 -8 0
-26 13 -3 0
16 -6 -12 0
-31 -27 -8 0
-13 -27 -11 0
12 -3 -30 0
5 -23 -10 0
32 -18 2 0
3 -32 10 0
27 23 -1 0
30 -22 -6 0
-1 -8 -9 0
10 29 -32 0
13 18 -12 0
-11 -30 -24 0
-15 31 -21 0
17 -29 26 0
20 -6 -32 0
5 -6 11 0
-12 17 -28 0
-8 22 31 0
15 -7 -29 0
-8 -19 -14 0
19 -32 7 0
-10 31 -3 0
-1 -17 -16 0
20 -30 17 0
-12 9 1 0
32 -18 15 0
-32 4 -7 0
-28 -26 -24 0
5 -30 -6 0
-8 -24 26 0
29 12 32 0
19 28 -22 0
23 29 -26 0
6 -5 21 0
-17 -5 -23 0
-16 7 -29 0
13 14 -9 0
-5 11 2 0
4 -2 -26 0
-16 8 26 0
-13 11 28 0
