c instance by G2
c solution = 11000101111010011111011110101101
c Known solution cost is 6617 
p cnf 32 50
w 109 134 478 123 11 94 76 229 34 273 389 157 432 308 116 178 231 118 93 179 318 272 61 238 123 375 87 308 241 155 321 356
15 17 5 0
-27 30 -20 0
27 22 24 0
-12 -27 31 0
26 11 28 0
5 22 -30 0
-25 22 -17 0
2 15 4 0
-14 4 -1 0
26 -24 6 0
-6 23 14 0
16 -19 -25 0
5 15 18 0
-23 -26 14 0
5 19 -8 0
-6 -23 -28 0
-27 1 -16 0
28 -31 -22 0
-10 -9 1 0
-10 14 27 0
-8 9 -23 0
14 22 -30 0
6 19 -32 0
-6 -15 -13 0
-23 5 -21 0
24 19 10 0
-31 5 -21 0
-10 11 -5 0
2 23 20 0
-20 -21 -25 0
25 -16 7 0
-4 -13 -17 0
-8 -10 -7 0
32 6 22 0
8 -13 3 0
30 21 -20 0
4 -8 24 0
-5 26 -13 0
-31 -16 -9 0
29 26 -6 0
16 20 31 0
15 -9 10 0
16 -32 -17 0
-18 -3 -25 0
32 31 -2 0
-1 -24 10 0
15 31 20 0
-8 13 -6 0
13 -25 12 0
-31 -8 23 0
