c instance by G2
c solution = 10000110101101010101010111100011
c Known solution cost is 8103 
p cnf 32 50
w 9 48 249 357 471 1 310 412 402 64 491 180 61 121 102 117 336 147 168 278 433 419 264 269 148 60 233 420 447 392 274 420
16 -22 29 0
-5 8 23 0
14 -12 15 0
7 3 21 0
25 -28 29 0
-31 -2 8 0
-17 -16 5 0
-3 4 28 0
-16 -29 10 0
11 31 18 0
-24 18 -25 0
-22 26 -18 0
-13 -20 22 0
-13 8 17 0
-17 30 -25 0
13 -17 -10 0
22 -1 -18 0
-5 9 13 0
9 2 -31 0
23 -3 -25 0
21 24 2 0
-21 19 -14 0
5 13 7 0
-15 23 -16 0
13 -24 1 0
23 -8 30 0
-14 -28 -29 0
-19 -18 5 0
21 31 -12 0
-26 -28 -9 0
-25 17 -4 0
8 6 -1 0
27 5 -9 0
21 4 -28 0
-23 -18 -1 0
25 -27 -22 0
14 1 20 0
-16 28 -5 0
32 29 13 0
20 -12 -16 0
11 -12 -27 0
-27 19 25 0
-22 32 8 0
-30 -23 18 0
7 -6 11 0
-21 29 -1 0
8 -10 -18 0
17 12 -31 0
-30 -9 3 0
-32 -19 -31 0
