c instance by G2
c solution = 11011110001110010001101111000101
c Known solution cost is 6958 
p cnf 32 50
w 294 222 296 61 151 135 37 249 313 230 3 369 61 95 492 31 290 484 80 226 408 268 84 192 394 253 306 359 87 276 147 65
31 15 32 0
-23 -32 25 0
-32 -28 -16 0
-29 18 3 0
2 -24 -5 0
-14 -20 8 0
8 -18 -1 0
-27 -15 -31 0
26 -21 3 0
26 1 5 0
-18 -32 -7 0
-23 -13 -10 0
-26 -4 21 0
-16 7 22 0
-32 -22 4 0
-13 -3 -11 0
-20 6 -24 0
-12 -15 19 0
-18 -4 -9 0
9 5 21 0
3 -27 17 0
-19 3 16 0
-31 10 -7 0
-26 16 31 0
-13 -8 -32 0
-24 -17 -13 0
8 23 -30 0
32 -15 -12 0
28 -22 -23 0
30 10 -2 0
11 -1 15 0
1 -16 -19 0
-23 20 -16 0
27 5 9 0
-6 14 13 0
-6 -16 -19 0
-22 -2 11 0
19 29 -22 0
-3 23 6 0
11 -3 -8 0
-13 22 24 0
-17 -29 1 0
22 4 -7 0
5 -30 -27 0
-14 -19 -21 0
-9 3 8 0
-4 10 1 0
22 8 13 0
12 29 31 0
-21 18 12 0
