c instance by G2
c solution = 01110001010001000100100101000111
c Known solution cost is 7258 
p cnf 32 50
w 124 131 309 148 450 58 176 407 67 139 104 217 270 228 60 184 24 83 181 189 316 64 447 444 125 417 32 308 183 434 445 494
-29 -30 11 0
11 -27 2 0
-18 30 15 0
20 4 -18 0
20 21 19 0
-25 2 28 0
-3 -32 -22 0
1 -23 -14 0
-8 -16 5 0
-32 9 -5 0
4 -20 -24 0
9 2 -32 0
-2 -17 1 0
-9 12 -14 0
-3 -21 32 0
-16 8 12 0
-4 -10 26 0
10 29 -8 0
-18 5 -6 0
-31 -1 -22 0
13 -16 -32 0
-29 -21 -3 0
-20 -21 -32 0
14 12 9 0
6 -14 -13 0
24 -3 -32 0
-25 6 -10 0
-31 5 -28 0
-6 21 8 0
-22 11 -1 0
16 31 -3 0
-27 -30 12 0
3 -26 27 0
19 9 8 0
-15 -30 -31 0
14 2 -26 0
11 -5 -10 0
-7 -30 -32 0
7 16 -20 0
18 19 -32 0
-32 24 -8 0
-10 27 -19 0
-27 13 -2 0
-12 -18 -21 0
-1 17 -4 0
16 15 8 0
11 1 31 0
31 7 11 0
16 23 -11 0
-4 -23 12 0
