c instance by G2
c solution = 00100101001111010001101100101000
c Known solution cost is 8449 
p cnf 32 50
w 209 228 84 179 354 138 289 401 379 378 423 332 2 214 94 467 67 279 155 474 225 474 53 119 108 333 473 404 90 470 99 455
-31 15 -29 0
9 -10 -4 0
-2 19 -6 0
-13 -5 -12 0
-25 4 -11 0
11 19 -8 0
22 25 6 0
-24 -2 7 0
27 10 28 0
-29 -31 -14 0
9 -25 -13 0
5 16 25 0
-18 21 9 0
4 32 8 0
-31 27 -5 0
15 -19 8 0
24 11 28 0
1 -4 -21 0
-18 15 1 0
5 -23 -32 0
-20 -14 -7 0
-32 31 -9 0
-4 -12 19 0
32 1 12 0
-30 1 -4 0
-15 28 17 0
25 13 26 0
-22 -20 30 0
-2 4 5 0
14 -11 -5 0
-17 22 31 0
-20 10 -1 0
-10 25 15 0
20 23 27 0
-13 -26 -11 0
-24 -9 -3 0
28 30 29 0
-23 28 24 0
-15 20 -18 0
25 5 23 0
-20 -12 -30 0
-3 -28 -14 0
-5 24 -26 0
-11 14 19 0
-14 -23 -19 0
-1 -3 8 0
-3 2 21 0
3 -20 2 0
-19 8 32 0
15 22 20 0
