c instance by G2
c solution = 11111010011110111110100010000010
c Known solution cost is 7174 
p cnf 32 50
w 283 60 137 75 372 82 358 351 292 182 308 93 46 229 312 449 0 28 181 82 151 424 283 266 397 156 154 169 438 7 313 496
-16 26 11 0
9 23 12 0
16 -25 6 0
28 4 18 0
23 25 2 0
-17 6 -27 0
6 10 -2 0
17 -15 8 0
32 15 14 0
-14 23 -16 0
21 -5 -9 0
-7 -16 -22 0
2 10 -20 0
14 19 -16 0
-12 -2 10 0
-25 26 -32 0
24 -23 6 0
-5 4 -15 0
24 10 11 0
-11 17 15 0
-8 -13 -2 0
-18 -24 -7 0
20 25 3 0
-6 8 27 0
-3 -26 -13 0
26 -9 -2 0
14 20 -27 0
-22 -18 -6 0
-18 25 8 0
-1 -30 29 0
-5 2 14 0
3 -15 28 0
-1 27 19 0
7 14 -31 0
-31 16 14 0
-26 -16 -3 0
-20 -18 -10 0
-4 7 -6 0
-12 21 29 0
29 -19 31 0
-28 -4 -15 0
20 13 -4 0
32 -30 -25 0
27 -29 -7 0
18 23 -4 0
-22 28 -11 0
-28 -15 24 0
27 9 1 0
8 29 5 0
-15 17 -31 0
