c instance by G2
c solution = 00111101000011100101110101101111
c Known solution cost is 9038 
p cnf 32 50
w 369 450 131 199 497 212 244 258 464 80 257 133 36 393 391 410 355 496 113 334 325 475 84 354 90 261 171 458 293 166 314 225
31 -25 30 0
-19 -15 -16 0
-15 -19 -14 0
-19 -28 16 0
-10 15 4 0
12 -7 -14 0
-2 16 -14 0
-14 -10 23 0
-16 2 23 0
27 -9 -6 0
28 17 6 0
25 -9 19 0
-31 28 29 0
1 30 -18 0
29 -27 -22 0
-13 1 3 0
-18 13 -22 0
-30 9 31 0
-28 -21 -6 0
-6 13 -1 0
-3 -31 15 0
25 16 8 0
-6 -23 -31 0
28 20 -24 0
21 -24 23 0
28 -5 -12 0
10 7 26 0
22 -20 -7 0
-6 -16 -31 0
25 4 -29 0
2 -4 32 0
12 -20 21 0
-8 -21 -11 0
-15 1 27 0
10 1 14 0
9 -25 7 0
16 25 26 0
-20 -29 18 0
-24 -11 -27 0
-21 17 -25 0
1 5 -6 0
-17 -14 10 0
-31 2 22 0
-25 -18 -27 0
23 16 -1 0
-23 -16 -24 0
12 -15 30 0
-21 15 -8 0
24 -27 -31 0
17 -24 13 0
