c instance by G2
c solution = 001010110011101001011001101
c Known solution cost is 5836 
p cnf 27 50
w 167 258 110 294 216 14 99 474 478 139 357 29 63 263 230 77 289 493 337 2 347 58 181 189 44 142 486
10 -6 -22 0
14 10 -17 0
-21 3 6 0
12 -22 -20 0
-17 -7 -24 0
26 27 2 0
-14 -5 16 0
-6 -21 -25 0
-25 14 -2 0
-17 -14 3 0
17 -21 -16 0
-18 20 6 0
-18 20 -6 0
-22 -18 14 0
27 25 -23 0
-6 -9 -14 0
3 -23 19 0
10 -13 7 0
19 -23 -20 0
-15 -27 24 0
19 23 -10 0
-11 3 -21 0
16 26 -23 0
18 -7 -9 0
-3 8 -25 0
-19 22 23 0
-4 27 16 0
-14 27 -5 0
-11 23 -26 0
-21 11 -15 0
5 -13 -27 0
22 -27 -2 0
-8 -3 27 0
-4 10 -24 0
-23 -8 24 0
23 4 13 0
-12 -25 18 0
3 26 -6 0
-23 15 -11 0
-5 15 6 0
-3 -25 12 0
13 27 -20 0
-9 19 26 0
-4 23 -16 0
2 12 16 0
17 6 3 0
-14 26 6 0
26 -8 -1 0
-8 -7 25 0
9 21 2 0
