c instance by G2
c solution = 111010111111001111101111111
c Known solution cost is 6384 
p cnf 27 50
w 211 229 149 326 424 34 91 287 23 491 200 373 227 97 217 23 24 33 297 380 272 308 435 321 372 313 227
-21 8 -2 0
-11 -9 19 0
3 -9 -15 0
-1 -27 2 0
-13 -17 7 0
22 -8 -23 0
-23 -16 15 0
13 7 -15 0
-5 16 18 0
-5 -21 24 0
13 -2 12 0
9 -13 23 0
15 -25 -17 0
23 13 -12 0
-10 -8 -20 0
18 8 19 0
-12 15 27 0
-4 2 15 0
8 4 6 0
-16 6 27 0
10 -2 20 0
8 -1 -11 0
-2 -5 -14 0
-18 16 14 0
24 1 13 0
20 -23 26 0
-24 15 10 0
-10 8 -3 0
19 -20 10 0
10 24 -5 0
-4 6 -9 0
9 13 -16 0
-8 25 -1 0
5 27 13 0
-10 21 -5 0
13 -22 11 0
3 14 -8 0
-12 4 17 0
-10 1 -9 0
12 -9 18 0
8 21 -3 0
-6 3 -1 0
15 22 -8 0
-21 -11 -6 0
-21 -3 8 0
-16 19 5 0
-21 -16 5 0
-19 6 11 0
-11 18 -7 0
-2 -13 14 0
