c instance by G2
c solution = 111110000100010110001101011
c Known solution cost is 6593 
p cnf 27 50
w 488 440 13 484 373 83 435 90 27 478 30 293 164 440 452 63 158 299 281 144 92 363 261 321 88 146 87
6 10 18 0
20 9 -6 0
-9 -5 -8 0
-24 -10 -8 0
11 23 17 0
22 13 -1 0
-3 -8 25 0
18 -10 5 0
-18 8 2 0
-22 -25 -27 0
-7 13 -15 0
8 -2 4 0
1 -24 -25 0
-19 -24 2 0
19 -7 -2 0
19 -5 -11 0
-9 -16 25 0
-15 -10 5 0
-10 8 2 0
20 1 12 0
7 14 20 0
-21 8 -18 0
-1 16 -22 0
18 20 -12 0
5 8 -1 0
21 -22 -26 0
19 26 -4 0
-9 -20 -1 0
-14 18 -19 0
-15 20 -9 0
-3 -24 -20 0
7 -13 19 0
-23 20 5 0
15 3 -24 0
10 -27 -19 0
25 24 11 0
2 27 1 0
-15 18 -3 0
-1 16 -19 0
-24 -11 -7 0
-2 -23 11 0
-20 -19 -27 0
24 -5 -10 0
-7 -1 5 0
9 2 3 0
9 -8 -14 0
21 15 23 0
-26 19 27 0
19 -22 2 0
14 19 -24 0
