c instance by G2
c solution = 001111100010000010011001001
c Known solution cost is 5833 
p cnf 27 50
w 8 405 102 447 469 205 58 27 261 98 317 271 7 91 424 40 218 413 32 351 42 217 424 320 491 84 11
-24 8 -26 0
-23 26 12 0
1 -8 -12 0
-6 14 5 0
17 16 5 0
20 16 10 0
-24 6 15 0
-15 9 -20 0
9 1 21 0
12 11 -3 0
-27 -14 9 0
-5 7 -17 0
-2 -1 10 0
25 -17 -10 0
23 -18 -21 0
7 26 27 0
4 -10 -5 0
16 -19 9 0
-16 -6 2 0
23 -10 -14 0
9 -25 -6 0
-5 -6 -13 0
-3 25 -8 0
2 -24 -16 0
1 -3 -8 0
-17 7 6 0
15 25 -1 0
-21 15 -10 0
6 -9 3 0
14 -9 -12 0
16 23 3 0
8 16 4 0
16 4 2 0
24 6 -17 0
-25 -18 24 0
-7 -19 18 0
18 -16 -6 0
-17 14 24 0
-3 -22 25 0
-12 26 22 0
-25 -15 20 0
8 16 -2 0
-27 2 4 0
18 -3 27 0
-27 23 -9 0
27 10 -15 0
9 -15 4 0
16 17 22 0
-18 -12 -20 0
-8 -10 21 0
