c instance by G2
c solution = 110000000110010111111000101
c Known solution cost is 8854 
p cnf 27 50
w 438 302 347 436 56 61 460 384 21 412 325 382 145 278 373 364 415 290 400 489 472 246 232 410 454 217 445
26 -2 27 0
25 10 20 0
-24 4 9 0
10 2 -24 0
15 -5 3 0
-2 -8 19 0
-4 -21 -11 0
-16 20 17 0
9 -17 19 0
-18 -6 5 0
24 20 -11 0
8 -15 1 0
-2 17 8 0
-15 13 -19 0
-10 -23 19 0
-5 -20 18 0
-5 -1 4 0
6 23 -12 0
1 4 23 0
24 25 3 0
6 25 11 0
-16 14 -17 0
-12 13 25 0
-23 -19 -9 0
-11 -23 26 0
2 22 -1 0
-20 10 -25 0
-20 17 -16 0
20 -7 -16 0
-17 13 -8 0
18 -17 9 0
6 -27 16 0
-18 21 15 0
11 3 -25 0
2 -16 21 0
18 20 -26 0
-17 -10 -7 0
-23 -26 20 0
24 -13 15 0
-2 -27 -8 0
-11 -20 -22 0
-26 -14 -19 0
9 5 -13 0
21 -4 -17 0
-2 -9 -27 0
-16 25 -9 0
12 -3 23 0
-1 -25 -6 0
11 24 17 0
26 -24 7 0
