c instance by G2
c solution = 010001111111110011000000111
c Known solution cost is 6430 
p cnf 27 50
w 53 78 54 92 42 360 202 148 117 371 164 273 439 106 479 249 199 232 383 47 240 462 341 474 404 134 287
12 27 21 0
-27 -24 -3 0
7 -18 -14 0
23 14 -13 0
11 22 21 0
-7 -15 -4 0
-14 17 -13 0
-22 4 -1 0
-6 12 23 0
10 -16 -17 0
-13 -1 -14 0
14 -13 -18 0
21 -27 9 0
6 -12 21 0
26 -22 19 0
-7 -4 1 0
25 -17 -2 0
-14 -9 -5 0
-12 -21 5 0
-18 -14 -20 0
-11 -20 3 0
-25 -7 -22 0
19 -15 -4 0
-11 20 -23 0
4 10 -14 0
10 -25 21 0
19 -4 -14 0
19 23 2 0
26 -17 -14 0
-14 -17 27 0
-8 -4 26 0
-27 -7 -4 0
-22 -10 -6 0
21 -3 -17 0
-10 -25 -23 0
26 -7 -22 0
18 -26 9 0
2 10 20 0
-15 24 -9 0
-9 -26 -16 0
1 -3 -27 0
-19 -25 -26 0
1 19 -24 0
12 3 4 0
18 -7 24 0
24 27 23 0
5 15 13 0
4 8 -9 0
-10 13 26 0
-5 -8 -3 0
