c instance by G2
c solution = 100000001101000111000001100
c Known solution cost is 7057 
p cnf 27 50
w 377 231 59 265 422 170 308 133 316 326 431 82 235 191 486 28 389 393 217 354 23 435 422 248 375 127 14
-19 -25 21 0
21 -14 -24 0
18 3 26 0
20 -16 -7 0
-23 2 26 0
6 -3 2 0
24 18 -16 0
7 -14 -24 0
3 7 12 0
-1 23 -4 0
-11 12 -18 0
-14 -12 11 0
-17 -12 -5 0
-12 -11 13 0
-1 3 24 0
-14 27 -12 0
8 -15 14 0
2 -26 -16 0
19 -18 16 0
-18 7 -27 0
26 21 -6 0
17 21 -9 0
22 10 5 0
-5 -20 -10 0
-18 -8 7 0
14 18 23 0
3 -6 -19 0
5 -22 -9 0
-20 3 -17 0
-17 -25 -13 0
3 18 -20 0
-6 2 -1 0
-7 21 -4 0
-20 -23 13 0
-18 -20 6 0
-15 21 -16 0
9 6 -12 0
27 -22 -17 0
27 11 -5 0
1 3 8 0
16 -25 -12 0
-27 -1 -14 0
15 -23 -10 0
22 8 9 0
-25 -16 17 0
8 -21 -10 0
25 2 26 0
20 3 -2 0
-9 2 -3 0
13 27 -6 0
