c instance by G2
c solution = 010110010100010011110110011
c Known solution cost is 7323 
p cnf 27 50
w 484 173 278 347 483 289 119 484 37 233 352 435 360 169 273 67 420 291 395 473 65 102 227 57 267 6 437
-18 -11 13 0
3 5 -18 0
-23 8 -10 0
11 -1 -20 0
-9 15 -27 0
-13 11 1 0
22 -14 -23 0
-19 3 17 0
-16 -21 -1 0
-26 -5 -1 0
4 17 -6 0
-8 -20 26 0
-22 -18 27 0
-22 20 1 0
13 -6 -18 0
-2 4 19 0
-18 -12 24 0
5 -11 15 0
-24 -20 -8 0
-18 23 -24 0
4 15 -17 0
12 27 -8 0
3 19 -5 0
11 14 -19 0
-23 -14 10 0
19 -24 -8 0
26 20 16 0
-7 11 -10 0
-6 -26 7 0
-22 -16 7 0
-27 18 -19 0
10 -24 14 0
11 19 21 0
-26 -10 17 0
21 7 23 0
-12 -16 11 0
25 -14 -21 0
9 11 -3 0
26 4 -11 0
-26 -15 -12 0
16 -25 7 0
-20 14 -8 0
-7 -26 -2 0
14 1 -25 0
-4 -20 2 0
9 13 -25 0
6 10 13 0
15 -17 -3 0
-19 3 -15 0
8 10 5 0
