c instance by G2
c solution = 010100100011010010100100100
c Known solution cost is 7606 
p cnf 27 50
w 365 27 334 352 245 416 144 159 314 473 8 459 227 79 250 436 297 438 456 262 283 200 80 389 278 278 357
-13 -11 18 0
15 -13 26 0
13 -8 1 0
-25 -4 -20 0
-4 11 -16 0
22 -6 23 0
25 1 26 0
-25 -16 5 0
26 -23 -15 0
-5 22 -26 0
-24 -12 -11 0
-6 10 26 0
-18 20 21 0
13 -22 -5 0
-26 13 -22 0
-14 -27 23 0
-9 24 20 0
14 6 -11 0
16 27 7 0
3 -26 -19 0
13 -19 22 0
12 27 -14 0
-21 -27 -18 0
-16 -22 -3 0
-22 20 -6 0
-14 23 -1 0
-17 -16 9 0
4 -19 9 0
7 16 13 0
17 16 9 0
26 11 20 0
-9 -16 10 0
-14 -21 -2 0
13 -23 -2 0
19 -9 -6 0
1 11 14 0
11 24 16 0
20 5 4 0
17 25 24 0
-7 -14 -24 0
-14 -5 24 0
21 -15 -4 0
18 9 -3 0
-15 18 23 0
17 13 26 0
3 2 -7 0
19 -25 21 0
23 -10 -2 0
20 -1 22 0
-7 -27 -19 0
