c instance by G2
c solution = 101100110001000111010011010
c Known solution cost is 8874 
p cnf 27 50
w 412 428 180 384 499 477 301 423 243 186 50 142 493 371 425 201 346 352 180 496 210 388 268 231 308 427 453
-21 -13 17 0
17 21 23 0
9 22 -25 0
7 -8 -24 0
-20 -27 19 0
-17 2 -19 0
-17 4 14 0
3 2 10 0
20 -7 -18 0
24 3 4 0
-11 2 5 0
-25 11 -21 0
23 10 26 0
21 -14 13 0
-1 -6 -3 0
2 -24 23 0
21 12 2 0
8 17 -13 0
6 -24 8 0
3 -8 -24 0
6 -7 4 0
24 27 9 0
6 4 27 0
19 16 -1 0
10 -23 -22 0
-10 -8 -1 0
-21 9 -12 0
-18 -24 -2 0
-10 4 -26 0
25 23 8 0
-18 -6 4 0
14 -17 18 0
-5 25 -3 0
-6 16 3 0
-23 -3 1 0
5 14 -21 0
-9 -23 2 0
22 21 -9 0
2 -15 -24 0
26 -17 13 0
-25 -8 -17 0
-8 12 10 0
9 -13 10 0
12 15 5 0
5 17 -3 0
-18 21 20 0
-14 25 -6 0
17 -20 25 0
-11 2 27 0
14 9 -5 0
