c instance by G2
c solution = 000110110000110001101001100
c Known solution cost is 6038 
p cnf 27 50
w 117 473 102 34 411 277 385 232 139 28 444 166 65 230 171 38 69 362 329 266 34 72 132 479 324 186 473
21 10 15 0
-24 21 25 0
-17 15 -8 0
6 -4 5 0
4 -8 17 0
-4 -12 24 0
10 -18 -3 0
2 7 1 0
24 -19 -25 0
-26 20 10 0
-12 -24 15 0
-26 6 -2 0
-11 22 20 0
15 -14 -16 0
6 27 18 0
16 -25 21 0
10 9 -11 0
14 -18 -13 0
18 -9 19 0
-21 -22 2 0
-1 6 -24 0
9 -5 -2 0
-15 4 3 0
27 23 -15 0
-20 6 -19 0
12 8 1 0
-13 -12 -25 0
15 -27 20 0
3 -22 -1 0
21 9 -5 0
-10 22 18 0
17 -18 25 0
-23 6 9 0
15 -11 -20 0
-23 26 -18 0
6 11 -22 0
-16 26 19 0
-9 15 6 0
-6 -8 26 0
-16 -24 -3 0
4 -26 -20 0
11 -10 -8 0
12 -5 13 0
17 -18 -11 0
-3 26 -22 0
24 -9 6 0
19 22 2 0
15 10 8 0
-17 -12 -8 0
27 -15 26 0
