c instance by G2
c solution = 101101011110011101011111011
c Known solution cost is 7725 
p cnf 27 50
w 485 212 408 439 11 20 313 486 153 376 368 114 122 307 498 344 490 387 383 295 258 59 262 13 290 473 159
19 9 5 0
-5 -27 -4 0
21 23 27 0
-20 1 17 0
10 3 -12 0
21 1 -5 0
-4 6 -20 0
25 -8 -13 0
7 4 25 0
-24 -16 21 0
21 23 -1 0
20 12 13 0
-27 -24 23 0
27 14 24 0
22 -21 8 0
15 17 -24 0
-23 11 1 0
-2 -7 9 0
-18 -19 9 0
-14 -2 13 0
-12 -22 7 0
12 1 3 0
19 14 -9 0
-25 12 -3 0
25 -20 -7 0
12 19 22 0
-14 9 -5 0
-22 -15 16 0
19 10 -1 0
11 -23 -9 0
-15 2 27 0
-14 -5 -12 0
12 -11 24 0
20 24 -10 0
-25 9 -15 0
1 17 9 0
14 -9 -21 0
15 26 13 0
-15 8 -26 0
-14 -2 -1 0
-6 4 21 0
-18 -19 -16 0
-11 -9 21 0
-17 -10 -27 0
17 26 25 0
20 -7 22 0
18 -6 -15 0
3 -4 -24 0
-13 9 -26 0
8 7 18 0
