c instance by G2
c solution = 000001100000100000101101110
c Known solution cost is 6358 
p cnf 27 50
w 175 206 58 138 321 84 376 178 241 288 419 173 56 134 412 435 271 293 247 200 20 409 83 62 435 232 412
-20 -15 19 0
-26 11 -18 0
9 -13 22 0
22 -7 2 0
-10 24 -12 0
-21 10 -23 0
-27 -22 8 0
23 -25 -10 0
14 23 21 0
-6 -26 13 0
-26 -1 18 0
19 -6 -24 0
8 -13 -4 0
-26 10 24 0
4 -5 -13 0
-17 14 -19 0
5 11 -14 0
-13 7 5 0
-5 -7 -12 0
10 1 -20 0
1 19 23 0
-19 25 14 0
-4 3 1 0
19 8 3 0
-21 -3 -15 0
7 16 -10 0
-3 10 -6 0
-11 -13 4 0
-16 -13 8 0
-12 -13 -25 0
20 -13 -8 0
8 -2 17 0
-10 16 -9 0
8 -13 25 0
8 3 -15 0
3 -16 24 0
-9 -4 22 0
-18 15 1 0
-17 -8 -11 0
6 17 -2 0
23 -22 -12 0
-2 5 17 0
9 -25 26 0
-17 23 15 0
-22 19 -18 0
18 -8 -26 0
27 -13 -9 0
20 -3 16 0
10 4 6 0
18 26 -25 0
