c instance by G2
c solution = 100011110111110110001000010
c Known solution cost is 5818 
p cnf 27 50
w 101 317 207 278 398 420 463 52 421 82 349 114 11 370 39 235 229 243 23 153 82 287 93 16 122 446 267
15 9 13 0
1 -18 8 0
-19 -16 20 0
-20 -19 7 0
14 -11 -7 0
-21 -17 1 0
15 -7 16 0
-26 17 -16 0
-17 -1 -9 0
-26 -18 -6 0
26 -16 27 0
2 -6 -27 0
-16 13 -12 0
15 -19 1 0
-2 18 25 0
19 -24 15 0
5 2 24 0
8 -1 -6 0
-14 -11 -9 0
-21 -20 -17 0
15 20 -25 0
-8 -7 -4 0
-26 8 19 0
-6 -3 -21 0
-10 -3 -27 0
6 -7 -13 0
24 -22 -8 0
-19 -3 22 0
-2 -26 11 0
12 -9 5 0
-25 -5 9 0
-14 27 11 0
25 7 18 0
9 8 -23 0
8 5 6 0
-15 4 -21 0
18 14 13 0
13 -17 -19 0
12 9 2 0
18 1 7 0
4 9 21 0
27 -25 16 0
-6 3 10 0
11 10 -6 0
-19 -11 4 0
-22 -10 -3 0
-24 -6 -12 0
-23 -11 20 0
9 12 4 0
-19 -6 -1 0
