c instance by G2
c solution = 100001000000110110001000011
c Known solution cost is 7483 
p cnf 27 50
w 246 44 246 494 309 170 453 367 456 185 235 79 297 64 490 128 208 100 405 72 421 347 366 435 273 220 373
-16 24 13 0
-8 -14 5 0
-20 13 5 0
1 -13 8 0
17 -19 4 0
4 21 11 0
11 27 -18 0
16 -1 9 0
-2 9 -11 0
-9 23 -1 0
1 22 7 0
-16 9 -22 0
-15 3 -11 0
-11 -19 -21 0
20 -1 6 0
-26 -13 -5 0
-1 -26 17 0
3 19 26 0
9 -2 -27 0
-9 17 -20 0
-6 -16 -18 0
-10 4 -13 0
23 13 -26 0
25 -13 -20 0
-10 2 15 0
3 -11 15 0
22 16 -9 0
-5 -25 23 0
5 17 24 0
4 5 27 0
-24 -3 -23 0
-2 1 17 0
14 7 -16 0
-23 11 18 0
-19 -11 -16 0
-16 -3 12 0
-16 -14 -19 0
-12 24 23 0
-23 25 -5 0
-7 11 -17 0
19 -21 -15 0
-23 -10 15 0
-6 -13 -24 0
18 -11 10 0
-19 22 4 0
25 -4 12 0
-19 4 2 0
11 -20 22 0
19 12 -10 0
-1 -25 7 0
