c instance by G2
c solution = 001110011001110010000010111
c Known solution cost is 6509 
p cnf 27 50
w 233 234 264 350 445 350 464 345 477 17 303 12 261 340 189 346 20 260 281 92 292 144 92 87 76 247 288
18 -8 3 0
1 15 27 0
24 -17 -6 0
-3 -4 -22 0
12 7 20 0
-3 24 4 0
-20 16 4 0
-4 19 14 0
-9 17 -12 0
-21 11 1 0
19 5 7 0
-12 26 2 0
-12 -15 8 0
-11 21 19 0
21 9 5 0
19 -9 -20 0
22 27 23 0
-25 -18 1 0
-20 21 1 0
10 13 -14 0
19 -16 -4 0
-5 15 -19 0
3 -10 -27 0
-24 22 1 0
27 -21 8 0
2 19 9 0
22 -3 -10 0
-4 -7 15 0
15 -22 -14 0
15 -1 24 0
23 -13 5 0
7 14 -8 0
-5 -15 -13 0
-6 -26 -8 0
9 21 -11 0
5 15 14 0
-2 -9 -27 0
-24 -26 1 0
24 16 26 0
2 -24 -13 0
6 17 -1 0
-3 23 -17 0
-3 9 1 0
-3 8 22 0
-1 9 -14 0
-4 -1 -17 0
10 7 -24 0
-26 -14 -19 0
-25 19 -20 0
25 -8 -12 0
