c instance by G2
c solution = 111101100010110101110000000000
c Known solution cost is 6958 
p cnf 30 50
w 75 391 109 459 9 452 21 11 452 263 270 476 138 445 177 181 456 113 122 260 468 236 7 80 172 98 40 336 373 268
-17 18 2 0
26 14 -11 0
30 28 -12 0
-20 18 10 0
28 -9 14 0
5 1 30 0
28 9 7 0
-18 -26 21 0
-11 -9 17 0
28 9 19 0
-24 18 9 0
30 17 20 0
10 -30 25 0
-14 -16 -23 0
22 1 -13 0
11 -7 21 0
-7 -17 -2 0
20 30 -13 0
17 -1 2 0
-10 21 -19 0
-16 -3 4 0
-27 -11 -14 0
9 1 7 0
-3 4 29 0
30 -25 -18 0
27 -29 -2 0
-9 -15 3 0
23 14 -20 0
-20 -26 30 0
3 17 9 0
16 12 -21 0
-11 -17 -13 0
-8 1 20 0
26 11 30 0
-12 -11 -13 0
7 30 24 0
-22 -1 10 0
5 24 -8 0
26 -5 -14 0
28 26 -15 0
-20 -24 29 0
-11 9 13 0
16 21 5 0
-28 -25 -21 0
-16 4 -5 0
-7 28 20 0
26 24 -21 0
-1 6 22 0
-28 -2 -7 0
22 -29 27 0
