c instance by G2
c solution = 100010101110100111010000010010
c Known solution cost is 8304 
p cnf 30 50
w 339 93 54 31 327 449 374 402 378 138 248 451 459 437 445 254 140 4 263 170 213 427 434 431 410 256 15 377 155 130
-20 17 -10 0
15 -22 28 0
16 28 7 0
27 24 10 0
-10 -6 18 0
16 21 -17 0
-8 -10 -17 0
-20 -23 25 0
10 17 -28 0
20 -17 4 0
1 -17 30 0
-28 4 -19 0
16 -3 22 0
28 20 -29 0
-10 -4 -5 0
-28 -8 -21 0
-21 22 -20 0
22 9 12 0
6 23 -28 0
-6 -17 4 0
-28 7 -25 0
16 14 -2 0
26 -13 25 0
11 -21 -23 0
-13 7 19 0
5 -18 19 0
-3 -29 19 0
-18 -11 13 0
-15 -17 30 0
-28 4 15 0
25 -20 -14 0
-25 30 -20 0
26 -16 3 0
1 8 -17 0
-2 -13 -11 0
-14 -1 7 0
-26 12 -19 0
-7 -30 25 0
-13 29 24 0
-10 11 19 0
13 -30 -2 0
-27 22 6 0
20 1 -14 0
17 -7 14 0
-24 -20 17 0
18 -5 -7 0
-18 10 -26 0
5 -10 27 0
-17 -12 21 0
-24 -1 -7 0
