c instance by G2
c solution = 011001110101101110111100001101
c Known solution cost is 8291 
p cnf 30 50
w 89 428 383 496 202 199 412 149 294 23 458 1 390 176 33 453 312 496 358 436 354 249 375 381 223 21 286 98 291 225
-8 -3 10 0
-2 -24 -16 0
-25 -15 -19 0
11 15 26 0
29 -4 -7 0
30 -28 8 0
24 27 3 0
3 8 -24 0
-6 -11 -8 0
-15 28 -30 0
-26 24 -16 0
17 1 -20 0
-4 -8 16 0
25 6 -10 0
-11 -19 -23 0
9 16 21 0
17 24 14 0
2 -14 -25 0
28 -6 -1 0
-19 2 24 0
-20 22 -30 0
12 24 25 0
-29 11 4 0
18 27 -6 0
-21 20 24 0
14 -20 -5 0
13 -21 30 0
-15 1 19 0
-23 -8 -30 0
7 -16 25 0
12 -19 4 0
21 24 29 0
9 -1 -19 0
-18 5 26 0
30 2 -3 0
28 -23 14 0
-27 24 10 0
-15 -5 21 0
16 -2 -27 0
8 -28 -22 0
30 18 -19 0
3 -6 -22 0
-21 -23 -2 0
-18 29 26 0
23 13 -9 0
-9 5 -21 0
23 13 -2 0
-16 14 22 0
-30 8 -9 0
-14 -3 4 0
