c instance by G2
c solution = 010101000111010101111101011101
c Known solution cost is 7288 
p cnf 30 50
w 464 242 271 451 329 132 335 348 338 163 336 464 55 141 276 49 491 254 165 92 95 94 110 257 65 108 275 184 262 442
18 -21 -10 0
12 -25 24 0
-21 -8 -27 0
4 8 7 0
2 17 -30 0
25 3 20 0
24 -16 -26 0
5 11 -27 0
13 -18 6 0
18 -25 -22 0
-4 -14 -17 0
14 5 9 0
-28 -23 13 0
23 -6 20 0
2 -26 27 0
27 -10 -18 0
-23 -12 30 0
-28 -15 -27 0
-6 7 18 0
16 9 -19 0
-3 10 1 0
-25 -11 -24 0
-21 5 10 0
-30 12 -22 0
-21 4 1 0
-22 11 -20 0
1 -29 9 0
5 -13 -14 0
15 7 28 0
12 -6 -8 0
11 15 -22 0
-29 -26 -4 0
18 30 -14 0
3 19 -30 0
-15 6 28 0
-5 17 -22 0
28 -12 21 0
-11 -21 26 0
17 -24 30 0
-28 -1 -26 0
20 14 5 0
-3 13 25 0
1 -7 -2 0
-2 -6 4 0
-15 -2 13 0
-2 -9 23 0
-20 22 -4 0
4 18 13 0
2 -15 -16 0
17 21 -22 0
