c instance by G2
c solution = 101010100001101100011001011101
c Known solution cost is 6906 
p cnf 30 50
w 126 47 201 429 213 357 48 191 118 440 115 397 497 100 270 171 65 36 360 165 72 337 343 420 285 330 330 204 88 151
13 23 8 0
-23 6 -5 0
17 15 -13 0
-29 5 -11 0
-9 -28 17 0
-5 6 7 0
-22 10 6 0
2 17 20 0
-24 14 27 0
-22 11 27 0
4 10 -9 0
16 17 22 0
-29 -17 -4 0
-28 18 27 0
-3 -5 -22 0
-22 -12 -15 0
-17 25 -20 0
19 -6 -20 0
-7 21 -3 0
29 1 22 0
29 -25 18 0
-9 -2 -1 0
3 22 19 0
-5 28 23 0
-15 25 12 0
-12 -7 -4 0
8 26 25 0
-8 -25 18 0
13 -25 19 0
24 5 13 0
9 -2 -27 0
-7 -24 -4 0
-20 5 22 0
-19 -24 9 0
4 5 17 0
4 -14 8 0
21 4 5 0
-11 10 9 0
-15 5 -6 0
3 -19 11 0
-22 -21 15 0
-30 -29 -12 0
13 -19 -1 0
24 -27 17 0
-24 -16 -10 0
-7 -27 -8 0
29 -12 -18 0
-21 7 9 0
-25 -11 18 0
-3 30 -13 0
