c instance by G2
c solution = 000010100001001111111111001000
c Known solution cost is 7765 
p cnf 30 50
w 453 494 186 136 408 17 392 371 425 448 118 364 53 80 94 387 97 330 365 256 244 273 161 91 155 480 71 183 448 185
11 28 -4 0
-3 29 -7 0
1 13 -26 0
22 4 28 0
17 14 4 0
27 -14 2 0
29 -18 -11 0
5 -9 19 0
-26 14 -29 0
-23 -1 11 0
28 25 -4 0
-27 15 28 0
13 12 29 0
14 -9 -19 0
-5 13 21 0
13 -21 -25 0
13 5 -27 0
20 9 -23 0
4 1 -14 0
1 -18 -2 0
-6 13 -16 0
16 9 3 0
-29 -22 4 0
-20 2 22 0
21 28 -18 0
8 17 1 0
11 -14 -18 0
-14 6 5 0
3 10 27 0
8 -4 -17 0
10 -8 3 0
-28 -24 4 0
-30 28 6 0
-13 -7 -16 0
-23 -11 20 0
-27 10 -26 0
-13 -19 17 0
28 19 9 0
-23 13 24 0
16 -1 9 0
-11 -24 8 0
-18 7 13 0
29 18 22 0
-10 13 9 0
-15 -16 23 0
-20 16 12 0
11 -23 27 0
-29 30 -23 0
4 -22 18 0
3 -5 -25 0
