c instance by G2
c solution = 001010100010101100101101000010
c Known solution cost is 8658 
p cnf 30 50
w 250 197 122 25 238 467 498 287 168 271 427 95 342 212 493 6 13 303 69 418 453 221 434 435 56 440 492 314 497 415
26 28 -6 0
-19 -30 7 0
10 5 28 0
-24 14 7 0
7 26 19 0
4 30 3 0
20 -12 30 0
19 -18 9 0
-5 9 24 0
-30 -16 3 0
3 1 -14 0
-23 10 20 0
-15 -24 -18 0
-19 18 -17 0
19 22 -18 0
19 -4 28 0
27 -9 10 0
17 -10 18 0
18 -20 9 0
21 2 -13 0
-10 -6 3 0
14 12 19 0
21 27 14 0
-4 9 -15 0
-14 -5 -15 0
-1 22 12 0
23 9 -1 0
20 13 -1 0
18 -16 -26 0
10 -8 -5 0
-8 17 -23 0
-30 -7 -11 0
1 20 11 0
26 6 -28 0
-22 7 -24 0
6 16 27 0
-20 8 12 0
-14 17 4 0
-10 27 12 0
1 -30 -4 0
23 6 -2 0
-14 16 -19 0
20 13 -6 0
-27 -5 14 0
-29 -15 13 0
27 -11 -25 0
22 -29 18 0
29 23 20 0
-19 15 -16 0
20 10 -8 0
