c instance by G2
c solution = 110110000100111111100111100111
c Known solution cost is 7167 
p cnf 30 50
w 389 459 272 384 19 136 260 209 299 266 202 157 497 458 117 222 460 23 488 56 232 372 273 32 371 25 119 206 101 63
-18 -19 -8 0
27 -25 5 0
-1 -18 -6 0
-30 23 -13 0
10 -1 -18 0
19 -2 11 0
12 -14 28 0
12 23 -29 0
21 1 -24 0
30 -13 -24 0
28 2 -17 0
10 -5 -15 0
-1 -4 -8 0
25 11 3 0
23 29 -10 0
21 -4 13 0
-13 5 20 0
28 20 -17 0
-9 -22 2 0
6 16 3 0
-11 -23 -2 0
5 21 27 0
7 -10 -21 0
15 -2 12 0
-12 -16 -28 0
-18 -20 -5 0
-3 -1 -22 0
-7 24 -10 0
29 -16 26 0
9 8 24 0
-29 -25 18 0
11 16 -1 0
-3 -18 -23 0
-30 15 -16 0
-14 4 7 0
-5 27 14 0
-2 -27 -15 0
-17 -11 21 0
-1 -12 20 0
-22 23 -20 0
20 -22 -3 0
-10 -7 -25 0
-18 8 -26 0
22 -15 12 0
-29 25 12 0
2 -14 -22 0
-29 2 -18 0
21 -2 -9 0
-5 -30 17 0
-10 14 6 0
