c instance by G2
c solution = 001110110101011001101100110000
c Known solution cost is 6189 
p cnf 30 50
w 385 14 177 493 176 223 460 88 343 26 274 404 363 261 250 6 263 257 85 13 225 354 253 96 44 83 130 255 55 133
-29 28 -8 0
8 7 1 0
18 17 -27 0
3 7 13 0
-12 26 9 0
-17 -18 -7 0
-19 -16 1 0
-16 -1 3 0
-7 -10 -9 0
29 21 13 0
12 16 -8 0
14 20 -17 0
6 4 -26 0
20 -27 16 0
3 -21 -19 0
-3 -6 9 0
6 15 24 0
11 -12 -29 0
-3 -24 -19 0
1 22 -15 0
-25 9 -23 0
-22 -20 -26 0
16 -11 2 0
-15 8 9 0
30 23 -2 0
20 19 -26 0
-13 3 -6 0
14 1 30 0
29 -30 -23 0
8 30 26 0
-5 -14 10 0
-22 23 7 0
-16 -5 -10 0
-9 -25 30 0
3 -19 10 0
-11 29 -22 0
-1 -28 -6 0
29 11 -28 0
30 28 25 0
-25 -29 -15 0
2 -1 -8 0
-14 11 -23 0
-20 -11 8 0
1 -12 -23 0
9 5 28 0
-13 2 -15 0
25 28 -2 0
15 -20 22 0
-4 -30 -18 0
-25 30 18 0
