c instance by G2
c solution = 101111100000110110110111010010
c Known solution cost is 7560 
p cnf 30 50
w 87 274 142 438 91 246 428 455 159 36 35 346 341 296 55 463 432 487 164 10 435 213 108 421 148 209 364 246 428 3
-26 21 5 0
26 -22 -24 0
-30 -22 11 0
-12 -18 21 0
9 -14 -8 0
18 3 -16 0
-10 11 -22 0
19 -7 -13 0
-28 9 -14 0
-11 -19 12 0
30 -20 26 0
17 -1 25 0
8 14 16 0
-25 -29 -5 0
5 18 16 0
-3 -7 6 0
-8 -15 30 0
-17 -29 -28 0
-1 7 -16 0
28 -13 4 0
-14 -9 11 0
2 -27 -3 0
-9 5 7 0
-30 27 14 0
13 -26 -3 0
30 1 21 0
6 -3 11 0
-2 -29 -26 0
13 -2 19 0
29 -7 -1 0
22 -24 12 0
8 -21 -10 0
25 10 -12 0
25 -21 -20 0
4 5 -13 0
-4 -22 23 0
2 24 28 0
14 -29 -22 0
-25 -26 9 0
-11 12 24 0
-25 2 -29 0
-7 9 3 0
-1 -29 -21 0
8 20 -24 0
-10 -4 -15 0
25 16 -6 0
-22 13 18 0
-1 -20 -18 0
-26 -1 -15 0
15 11 -18 0
