c instance by G2
c solution = 011010010111111110010110100001
c Known solution cost is 8181 
p cnf 30 50
w 61 316 273 413 362 335 329 440 33 358 22 292 258 373 312 345 217 408 54 291 279 472 227 315 257 285 499 121 75 159
-12 -30 11 0
-24 -12 -3 0
1 -2 14 0
18 -30 3 0
26 -7 -3 0
10 -3 -15 0
-16 18 -26 0
-18 -14 -5 0
-24 -5 -23 0
-7 11 -17 0
-12 -28 -23 0
26 19 2 0
11 -25 7 0
1 7 3 0
19 12 -17 0
-6 21 -17 0
18 -3 -4 0
18 -9 6 0
5 -2 -15 0
-7 -13 24 0
-19 24 -25 0
30 -23 -10 0
-1 4 3 0
16 -17 -13 0
13 -12 -16 0
-12 20 14 0
-8 -3 20 0
25 4 -13 0
-14 17 -13 0
7 23 19 0
29 15 -17 0
-5 2 -25 0
-23 17 -12 0
-6 -9 5 0
27 4 25 0
-3 -29 -20 0
-14 -27 -2 0
22 -15 29 0
25 29 3 0
8 -11 -10 0
27 24 -19 0
-11 -16 -1 0
-21 -1 -3 0
8 3 -21 0
11 17 -14 0
-5 15 28 0
29 -7 -30 0
-17 15 4 0
8 -10 -3 0
29 -13 -21 0
