c instance by G2
c solution = 101010001000111010101001011101
c Known solution cost is 7836 
p cnf 30 50
w 491 183 197 236 119 233 266 398 102 143 484 342 98 238 99 170 370 42 150 442 336 274 261 447 274 439 411 1 484 106
18 23 -2 0
-28 -21 17 0
10 -14 -16 0
-9 -11 18 0
7 13 -21 0
-6 -12 -11 0
22 18 14 0
-13 11 -20 0
-21 25 1 0
-26 -1 -11 0
-14 -15 -7 0
23 -19 -22 0
-21 4 5 0
9 23 22 0
-30 26 14 0
-13 17 12 0
11 -14 -22 0
-13 26 2 0
-7 4 -21 0
-15 20 -10 0
-11 15 -10 0
10 -4 -28 0
-10 26 7 0
19 -17 -21 0
-25 -30 29 0
18 2 3 0
-6 -21 25 0
15 21 16 0
5 -4 -25 0
4 22 -25 0
-19 17 6 0
14 21 5 0
7 11 27 0
-18 12 -19 0
28 -26 -19 0
7 -8 -5 0
-23 -28 27 0
-1 -16 22 0
-12 11 -28 0
-1 15 18 0
22 24 6 0
16 -23 11 0
-1 15 16 0
21 22 18 0
26 -5 -1 0
-26 16 -10 0
-1 -29 2 0
17 -28 14 0
13 1 -27 0
30 -17 -13 0
