c instance by G2
c solution = 000100101001100111110001000010
c Known solution cost is 7032 
p cnf 30 50
w 157 236 1 498 48 176 51 398 330 87 232 113 491 292 364 297 278 331 12 89 107 442 245 29 491 393 95 174 202 373
30 14 24 0
-24 13 -22 0
30 29 26 0
25 -23 30 0
1 -10 -18 0
21 19 8 0
5 -10 -28 0
-11 -16 26 0
22 -3 -19 0
5 7 1 0
14 1 -25 0
14 23 -26 0
1 7 -6 0
22 -8 -9 0
22 24 15 0
-24 -4 -27 0
20 -21 -14 0
-9 7 -18 0
-28 -17 10 0
18 -5 14 0
-18 -14 -29 0
-29 -16 18 0
4 -7 6 0
-20 -4 -26 0
-19 12 -22 0
-29 25 20 0
8 6 -2 0
-1 -7 -13 0
3 10 -15 0
22 -30 3 0
3 21 -10 0
22 -16 9 0
-20 30 -23 0
8 -22 -18 0
-21 28 1 0
3 -7 17 0
15 4 -25 0
-18 -6 11 0
30 -21 24 0
4 -6 29 0
21 9 22 0
22 -17 13 0
10 -24 -5 0
17 -15 24 0
16 23 -24 0
18 11 8 0
12 -16 1 0
-15 23 -14 0
2 -4 24 0
3 -26 -23 0
