c instance by G2
c solution = 011000001001110101101101000001
c Known solution cost is 6952 
p cnf 30 50
w 234 320 376 173 108 359 468 448 3 236 115 400 0 14 121 219 480 19 311 346 467 145 4 181 124 131 12 442 499 197
-24 13 -29 0
-17 18 12 0
-29 -13 8 0
-21 23 18 0
24 18 -25 0
-3 -9 -25 0
-26 -13 4 0
25 9 28 0
-2 18 24 0
-15 10 26 0
-2 -12 30 0
-9 12 -24 0
24 -7 -30 0
19 12 -20 0
-11 27 1 0
-24 8 9 0
26 -27 -3 0
17 14 5 0
15 -2 16 0
-13 -18 -15 0
26 -30 -20 0
2 14 12 0
15 19 10 0
-28 2 -22 0
25 -7 -23 0
24 -1 -2 0
13 -8 12 0
18 -30 10 0
-6 -19 1 0
22 26 8 0
-13 -8 7 0
21 -14 -12 0
1 15 -7 0
-20 -13 30 0
8 2 -9 0
17 -13 3 0
-9 -4 5 0
-1 28 10 0
1 -2 -23 0
-5 27 28 0
7 18 -20 0
-21 13 27 0
-2 -28 27 0
24 23 26 0
10 25 -8 0
28 -10 27 0
-4 -8 21 0
23 -17 25 0
23 -15 13 0
6 16 -26 0
