c instance by G2
c solution = 101110010001101000100110100
c Known solution cost is 7090 
p cnf 27 50
w 130 393 171 151 46 391 224 483 307 444 353 81 340 209 182 439 192 350 456 42 249 398 102 61 435 187 274
22 8 -9 0
-2 -17 24 0
9 21 -11 0
26 25 14 0
8 -15 -11 0
19 -22 10 0
-14 -13 -21 0
27 -24 -3 0
2 19 21 0
-16 -11 27 0
-23 -27 7 0
27 -7 -21 0
24 15 26 0
16 27 -21 0
8 -26 -27 0
25 20 11 0
6 -17 21 0
-22 -26 6 0
13 24 -19 0
-23 -10 18 0
-15 11 4 0
-22 -2 -5 0
27 1 -23 0
26 -1 12 0
26 -3 -2 0
13 -5 14 0
20 11 -14 0
-14 -27 20 0
-11 -20 15 0
-18 -19 -8 0
-9 23 -7 0
-12 -16 14 0
14 19 -26 0
26 19 9 0
-5 -7 -25 0
-23 17 15 0
2 -5 -20 0
7 17 8 0
-18 17 16 0
20 -9 12 0
6 10 -18 0
-15 -16 19 0
-5 21 -9 0
15 11 -16 0
23 14 6 0
-15 -5 1 0
18 -6 17 0
24 22 -13 0
3 -23 20 0
18 5 10 0
