c instance by G2
c solution = 001001011110110110111100110
c Known solution cost is 7887 
p cnf 27 50
w 136 136 441 419 452 484 295 456 130 160 86 486 409 400 426 355 375 358 249 241 102 389 99 288 129 233 153
1 -9 19 0
-3 21 -19 0
1 11 -13 0
23 -13 -18 0
-25 16 6 0
25 21 27 0
7 -4 -21 0
15 -13 22 0
21 14 16 0
21 17 -14 0
5 -10 -15 0
21 16 -17 0
21 -10 24 0
-23 -4 -13 0
-7 -26 1 0
25 1 2 0
24 19 -22 0
-20 -13 8 0
2 17 23 0
-7 -16 -3 0
24 9 -17 0
20 25 -11 0
18 -27 -9 0
15 20 1 0
17 -4 12 0
13 -18 20 0
2 -8 20 0
-26 -23 15 0
24 -21 -23 0
-3 -6 26 0
-6 -5 8 0
-17 -25 -24 0
14 23 7 0
-17 -2 -13 0
27 16 -6 0
1 13 7 0
1 -3 -15 0
5 -27 -9 0
-10 -9 -2 0
3 -21 5 0
15 10 -9 0
-5 21 23 0
11 21 1 0
-2 4 -18 0
-1 4 -26 0
-14 -11 -12 0
14 11 -8 0
-17 -5 -14 0
16 12 -4 0
4 6 24 0
