c instance by G2
c solution = 010100111010101000100110101
c Known solution cost is 7313 
p cnf 27 50
w 488 357 420 331 460 53 180 444 62 0 181 52 292 488 159 327 352 44 453 465 318 266 91 163 308 430 129
-19 20 -12 0
7 14 16 0
8 12 -9 0
10 -4 -16 0
-11 18 -20 0
-2 -1 26 0
21 -25 -3 0
-22 2 10 0
-27 -2 -18 0
-13 -21 -22 0
-14 -22 23 0
-26 -11 -24 0
13 -17 10 0
10 13 -9 0
-5 -4 -7 0
-17 -20 -22 0
-12 21 -17 0
-1 -7 -2 0
22 -20 25 0
22 20 -9 0
-15 -10 -8 0
12 23 1 0
6 -7 15 0
-20 1 -4 0
22 -6 -7 0
-14 6 10 0
-12 13 14 0
-22 11 19 0
-7 25 -13 0
-19 -6 16 0
-22 -26 3 0
4 -8 15 0
24 27 -13 0
12 -4 -1 0
-11 23 -7 0
21 10 19 0
9 24 16 0
9 17 -24 0
-2 9 17 0
26 -13 -24 0
18 5 11 0
-19 18 -14 0
23 -8 -9 0
-16 -3 18 0
-5 -14 -20 0
21 -27 4 0
20 10 -18 0
26 25 -15 0
6 26 -17 0
19 12 27 0
