c instance by G2
c solution = 011011011101001000110110010
c Known solution cost is 5832 
p cnf 27 50
w 211 451 4 323 456 143 171 173 323 339 33 376 292 109 49 415 354 78 392 4 87 331 50 389 58 42 179
13 -25 7 0
21 -16 -3 0
20 11 -8 0
14 11 -21 0
-5 -6 -11 0
-3 -5 -18 0
-8 11 10 0
-17 19 6 0
-23 9 20 0
-18 -4 -15 0
6 12 -9 0
-3 -1 21 0
13 12 -10 0
-3 21 5 0
12 -11 -26 0
8 -20 11 0
18 11 -14 0
-22 -27 -15 0
19 17 -22 0
13 -14 -19 0
9 -22 11 0
10 -8 7 0
-22 2 1 0
-20 -4 -12 0
-22 -19 23 0
24 -27 18 0
13 -23 26 0
6 16 13 0
1 -17 11 0
13 8 5 0
-9 -14 24 0
3 14 25 0
22 -16 12 0
26 21 -3 0
17 -18 3 0
-1 2 -21 0
19 16 -14 0
15 7 -26 0
-9 -4 -3 0
-7 17 4 0
-6 7 -24 0
10 5 -16 0
-9 -25 8 0
-1 -9 -6 0
22 4 1 0
9 -24 3 0
17 -13 14 0
-4 -25 1 0
-8 15 -10 0
-5 3 -26 0
