c instance by G2
c solution = 000001110000111100100101110
c Known solution cost is 7246 
p cnf 27 50
w 463 323 146 419 19 418 455 214 472 31 299 107 463 359 348 317 71 329 256 279 120 184 294 147 249 166 298
-5 14 16 0
27 2 -18 0
-3 -16 -15 0
-5 -14 9 0
-10 19 4 0
-2 11 -8 0
-1 12 -8 0
26 6 5 0
7 -22 9 0
-9 2 -20 0
10 -21 -13 0
-8 -2 -5 0
19 -9 -18 0
4 -20 2 0
-7 -25 -9 0
22 25 16 0
-12 27 8 0
-24 18 8 0
-25 13 -6 0
2 1 6 0
-9 27 -7 0
-26 10 7 0
17 2 -4 0
-12 -16 -25 0
-19 14 5 0
16 -15 10 0
17 4 -10 0
10 -13 19 0
10 24 -26 0
4 12 -27 0
-19 3 15 0
-24 17 16 0
-1 4 -22 0
10 18 -23 0
-17 -24 27 0
-14 -19 -12 0
-9 27 -24 0
-1 -6 -10 0
-25 -11 -8 0
-16 -18 -11 0
-9 -2 23 0
-1 -26 15 0
-4 -26 -7 0
-8 12 25 0
-26 13 14 0
-23 -19 3 0
26 9 -19 0
4 -18 9 0
-9 12 17 0
3 20 22 0
