c instance by G2
c solution = 111010101010000000001001101
c Known solution cost is 6975 
p cnf 27 50
w 483 436 208 150 489 71 10 98 468 414 406 409 60 434 176 441 81 69 82 391 109 52 494 83 184 368 309
25 5 8 0
13 -5 -26 0
-27 1 11 0
-2 -16 26 0
-21 -13 -11 0
14 -15 12 0
1 8 21 0
-15 19 1 0
-11 -6 8 0
5 23 15 0
-7 11 2 0
12 -24 11 0
-2 -18 -1 0
11 4 -17 0
22 -12 -7 0
-20 7 -25 0
-1 -21 -14 0
16 4 21 0
-1 20 24 0
16 -26 8 0
27 24 -22 0
17 7 10 0
23 11 -25 0
-7 -13 -9 0
-25 22 9 0
-19 -7 -5 0
6 22 -17 0
14 -20 -27 0
6 25 -2 0
6 4 -10 0
-14 22 -13 0
7 19 10 0
-9 -24 -4 0
-23 8 -24 0
-21 -15 9 0
1 13 -26 0
1 4 20 0
4 19 27 0
25 12 18 0
-5 -9 -22 0
-23 -27 -1 0
-11 3 17 0
2 -9 6 0
12 -25 -8 0
-6 -18 -5 0
26 20 -19 0
1 -20 -9 0
-27 3 -2 0
16 11 5 0
23 -11 9 0
