c instance by G2
c solution = 100001100000111001010101001
c Known solution cost is 5687 
p cnf 27 50
w 168 271 474 178 337 17 107 486 406 192 399 64 176 239 3 15 59 22 338 20 459 222 188 182 358 295 12
15 -1 -3 0
-8 -26 25 0
21 6 19 0
17 12 20 0
-2 14 8 0
-25 -20 14 0
-14 -18 13 0
-12 -2 -20 0
23 7 -24 0
13 -22 -1 0
-24 23 -16 0
17 -14 24 0
2 23 27 0
7 27 -20 0
1 3 2 0
-26 -11 6 0
-25 -15 -18 0
-17 -10 -4 0
-1 -26 -14 0
-22 15 9 0
25 -2 3 0
-13 -6 -3 0
5 23 -4 0
-19 8 -24 0
-21 17 -27 0
24 26 15 0
-17 7 -18 0
25 -16 -12 0
19 -11 12 0
-22 -1 -10 0
-13 18 -2 0
-16 26 8 0
26 -13 22 0
-26 23 -10 0
25 9 -5 0
-22 17 14 0
21 3 -12 0
13 -11 15 0
8 -17 -14 0
-20 -23 4 0
-1 -20 -5 0
-23 -11 -22 0
-22 18 19 0
6 9 -20 0
7 -11 -27 0
19 4 -16 0
-9 -7 12 0
-10 -27 -14 0
2 -8 19 0
-10 18 -26 0
