c instance by G2
c solution = 010111100011110000001111101
c Known solution cost is 6747 
p cnf 27 50
w 116 120 129 224 240 457 109 476 370 329 121 456 451 150 273 141 238 272 284 168 249 301 410 111 94 84 374
27 9 -24 0
-22 18 24 0
-14 -19 7 0
-27 -22 -19 0
-19 -23 -4 0
16 -4 24 0
10 27 11 0
-17 9 -24 0
22 9 20 0
8 4 -14 0
15 12 -11 0
-9 -14 18 0
-20 10 -11 0
19 -3 -5 0
27 11 17 0
-21 -5 -18 0
12 -21 8 0
-7 27 21 0
-12 -4 5 0
12 -11 -17 0
-14 -1 -22 0
-13 19 21 0
7 25 5 0
-23 -20 -25 0
18 26 6 0
-15 -7 -4 0
-6 -8 1 0
-26 -4 -6 0
16 -7 11 0
12 -22 5 0
-6 21 16 0
17 -5 -10 0
-14 -11 -16 0
2 18 5 0
4 -20 18 0
-6 -25 23 0
7 9 17 0
26 22 -7 0
-22 25 -7 0
8 5 -22 0
-22 2 8 0
-14 10 -19 0
27 9 -1 0
-23 25 -24 0
15 4 16 0
1 24 17 0
-19 -6 -7 0
10 17 14 0
-2 6 -5 0
-2 13 -22 0
