c instance by G2
c solution = 101000010011010000110000010
c Known solution cost is 6482 
p cnf 27 50
w 274 480 261 444 305 189 232 67 133 211 259 345 116 232 208 78 236 217 25 355 296 195 364 332 188 419 21
9 26 18 0
-2 -12 18 0
5 -2 -1 0
-9 5 17 0
-26 1 14 0
-24 7 19 0
10 -26 8 0
7 -19 -6 0
-21 17 -18 0
-27 -11 -13 0
9 25 11 0
-11 15 -18 0
23 22 -5 0
2 -16 -22 0
-25 24 -9 0
-1 19 18 0
-10 -19 -13 0
-16 -11 -23 0
15 -10 -13 0
18 15 19 0
-16 -14 -12 0
27 20 21 0
-11 -12 -23 0
7 -14 -17 0
-16 -23 -24 0
18 23 -4 0
-23 24 -20 0
-15 -8 -26 0
-13 14 -23 0
-17 21 1 0
21 -8 -25 0
8 -7 -22 0
-22 13 25 0
21 -13 22 0
-26 12 -11 0
9 1 -12 0
4 -9 -8 0
-3 -20 -21 0
-13 8 -3 0
-27 21 4 0
3 7 -26 0
-7 -8 18 0
9 5 19 0
3 25 -9 0
23 1 -12 0
24 2 -10 0
-24 18 -11 0
16 4 14 0
21 -17 -26 0
-12 -25 -23 0
