c instance by G2
c solution = 101111001100010011111111111
c Known solution cost is 5923 
p cnf 27 50
w 80 252 198 462 7 306 223 402 107 307 302 243 180 456 139 347 248 254 403 0 20 63 289 64 499 72 0
25 -16 9 0
14 7 -3 0
9 -14 -4 0
2 5 -27 0
25 19 -24 0
20 16 13 0
24 18 -7 0
8 -21 22 0
-10 -7 -26 0
21 -19 11 0
-6 -3 20 0
1 16 21 0
-10 5 -23 0
21 8 -15 0
1 -6 -19 0
-6 26 24 0
-14 4 -3 0
24 -17 -18 0
13 26 15 0
-16 24 -18 0
12 -5 23 0
9 1 15 0
11 -1 -16 0
-2 6 15 0
16 -7 10 0
15 17 -10 0
12 -26 23 0
23 1 -2 0
-20 -15 13 0
22 -12 -10 0
1 -24 7 0
10 -27 -23 0
6 -3 -9 0
-27 1 -15 0
1 17 -20 0
19 13 12 0
18 -5 -27 0
16 -12 -5 0
-2 -10 -1 0
-5 12 -8 0
-9 6 -27 0
8 10 -23 0
24 20 -11 0
-6 13 25 0
3 -25 -9 0
-23 -16 2 0
-17 -21 -11 0
-1 27 -19 0
-6 -4 -13 0
23 3 -6 0
