c instance by G2
c solution = 000011011011001001100000101
c Known solution cost is 8014 
p cnf 27 50
w 341 379 437 212 313 121 295 386 355 372 344 434 120 493 325 108 370 443 182 280 175 178 202 478 417 110 144
14 27 -9 0
-9 -23 -8 0
4 25 9 0
12 25 8 0
5 1 26 0
24 -18 -26 0
-22 17 -11 0
9 -4 7 0
-9 -12 -26 0
3 -24 -19 0
-1 15 13 0
22 -19 5 0
-27 -2 -6 0
19 -5 -9 0
16 9 24 0
-3 -27 17 0
18 -2 -6 0
-11 -16 -25 0
-23 3 -6 0
2 -13 5 0
-4 17 2 0
22 -14 -12 0
21 20 12 0
-13 -19 14 0
25 -27 -9 0
-20 4 10 0
21 -20 -3 0
20 14 -10 0
-18 8 -15 0
18 3 23 0
20 2 -7 0
17 -19 -21 0
17 21 -1 0
5 -24 10 0
19 1 22 0
-26 -19 8 0
6 -11 23 0
-19 11 2 0
-26 -5 -25 0
-17 4 -20 0
16 -17 -12 0
-16 6 -27 0
-25 -11 18 0
-26 16 -5 0
9 24 18 0
4 -27 8 0
-15 14 11 0
-6 3 27 0
-18 17 27 0
15 -6 -5 0
