c instance by G2
c solution = 001000010110101111110111100
c Known solution cost is 7648 
p cnf 27 50
w 464 493 93 413 74 71 477 86 300 405 356 359 243 191 364 412 150 336 345 495 98 453 96 400 49 362 63
-17 -6 2 0
-17 16 -10 0
-12 -23 -8 0
21 1 -2 0
-15 1 -14 0
19 -3 -8 0
26 3 15 0
-17 -10 24 0
-16 -5 -17 0
-25 8 21 0
-13 17 27 0
15 -1 -26 0
-18 -27 -19 0
11 -10 4 0
-19 21 22 0
1 4 24 0
-15 12 25 0
1 -8 -9 0
-10 2 -21 0
-12 -11 -3 0
-17 18 7 0
1 -2 -22 0
1 -26 -27 0
-15 21 -1 0
-8 6 -27 0
-16 6 8 0
-25 18 27 0
-18 21 -14 0
-18 -27 -1 0
9 27 23 0
-12 15 23 0
-26 -22 -17 0
8 22 -13 0
-24 -8 -7 0
11 13 24 0
5 21 -4 0
-23 -24 15 0
-15 1 10 0
-17 -18 20 0
3 -24 2 0
17 1 24 0
-19 -18 13 0
25 -16 4 0
7 -8 3 0
7 23 -3 0
12 16 -11 0
-8 18 -10 0
4 -12 17 0
15 24 25 0
13 15 11 0
