c instance by G2
c solution = 001000101100100010010001100
c Known solution cost is 6405 
p cnf 27 50
w 475 388 281 323 484 21 124 38 233 147 62 246 368 245 212 271 242 280 124 196 334 428 20 264 157 60 382
-2 -22 5 0
-2 25 19 0
-2 14 18 0
-16 5 11 0
-5 -7 12 0
-27 4 -23 0
24 -17 15 0
1 -10 25 0
-14 -6 7 0
-25 -21 -13 0
-25 2 17 0
-18 2 16 0
6 -14 -7 0
22 -3 20 0
26 10 18 0
4 -23 21 0
-19 27 2 0
22 -4 8 0
-3 -7 -26 0
-3 -24 -1 0
25 -7 27 0
-9 -8 -17 0
13 14 5 0
-6 -13 -4 0
-22 27 11 0
18 -2 -27 0
19 5 -15 0
-22 -5 -14 0
13 -5 14 0
-9 -2 -1 0
-17 -5 19 0
19 21 17 0
23 3 8 0
15 -27 22 0
-25 4 -23 0
-5 -9 4 0
15 -26 -17 0
6 7 -13 0
-7 -5 -20 0
-24 -12 -9 0
-6 26 8 0
-17 -4 15 0
13 -19 -11 0
13 -6 -19 0
-25 9 -7 0
-11 15 5 0
10 -13 2 0
24 14 10 0
9 -25 27 0
-7 12 -18 0
