c instance by G2
c solution = 000000010010010111010110101
c Known solution cost is 6394 
p cnf 27 50
w 446 114 112 303 191 273 497 29 273 211 294 311 252 273 313 409 155 270 239 42 43 111 345 82 257 195 354
2 22 26 0
21 -12 1 0
-4 -16 12 0
23 -14 -8 0
6 21 -1 0
-6 9 -3 0
-8 -14 -5 0
-1 -24 -7 0
23 -25 -3 0
-21 3 7 0
1 23 -2 0
-10 1 -25 0
-17 25 26 0
-13 -11 3 0
-6 -26 -19 0
-1 6 4 0
-19 -24 -20 0
-2 -1 12 0
-3 22 24 0
5 17 -11 0
-13 -11 7 0
15 -6 5 0
2 12 27 0
18 -22 -4 0
-27 -17 20 0
13 -7 4 0
4 -22 -24 0
-22 -4 24 0
13 11 -16 0
15 16 13 0
-15 24 9 0
6 18 21 0
9 1 -21 0
-22 8 5 0
-25 24 -26 0
6 -9 -22 0
-23 -27 -3 0
4 21 14 0
5 -2 -23 0
-2 7 12 0
9 14 -8 0
12 -7 23 0
-11 5 -7 0
4 8 5 0
26 -17 -1 0
-19 -14 6 0
-6 -17 -1 0
-3 15 9 0
-22 17 11 0
16 22 -25 0
