c instance by G2
c solution = 000110111101010000110000010
c Known solution cost is 5568 
p cnf 27 50
w 61 337 158 448 15 141 152 17 18 332 336 283 380 115 41 239 99 341 99 91 119 371 6 431 143 314 481
-3 23 -27 0
-2 -4 15 0
-23 -8 10 0
17 -16 2 0
-20 27 9 0
-18 -4 -5 0
-26 -15 3 0
-10 -5 19 0
-15 27 -11 0
-7 -1 21 0
-13 -10 21 0
26 -17 25 0
22 -23 13 0
21 26 22 0
-13 23 15 0
-14 -3 25 0
16 -27 3 0
-6 -11 -2 0
3 -19 -18 0
22 -5 19 0
7 -6 3 0
-22 -12 -9 0
15 -25 13 0
-3 -20 -25 0
-15 -14 -11 0
1 23 -17 0
-9 1 -21 0
5 25 11 0
19 -14 -9 0
8 -7 2 0
16 -4 20 0
22 -12 10 0
-6 25 -10 0
-25 1 6 0
13 9 21 0
-2 -8 -7 0
25 -2 -9 0
-18 21 25 0
-23 -4 18 0
-4 14 11 0
7 1 -19 0
6 15 -11 0
11 12 15 0
-5 8 27 0
-26 16 -24 0
27 -20 -15 0
1 -11 25 0
4 1 25 0
11 -7 26 0
-18 15 -12 0
