c instance by G2
c solution = 1000111101001001010011000100101010010111
c Known solution cost is 9414 
p cnf 40 50
w 497 7 219 255 152 247 311 498 113 476 422 309 288 207 299 67 291 7 343 367 343 381 12 60 111 227 34 487 493 232 12 114 210 232 52 214 2 400 393 30
-31 -30 35 0
12 -39 21 0
-3 28 -39 0
-10 25 -15 0
7 17 27 0
11 31 -13 0
-9 15 14 0
28 12 6 0
8 -18 17 0
-23 17 25 0
-17 35 28 0
40 17 25 0
24 -19 26 0
-4 39 20 0
14 -27 35 0
11 -4 14 0
12 -7 -19 0
-31 -10 21 0
9 -25 11 0
1 -29 -38 0
19 11 -20 0
23 36 -38 0
-20 25 13 0
-5 -20 19 0
-37 19 9 0
-29 -38 -34 0
-13 -3 30 0
-33 17 29 0
37 23 -2 0
38 30 34 0
9 -1 5 0
-39 -28 14 0
-5 -32 28 0
26 2 -21 0
-13 -15 -22 0
-7 -35 9 0
-38 39 -36 0
32 -14 37 0
10 14 4 0
9 -24 37 0
15 -11 -40 0
-21 -29 -12 0
33 19 27 0
37 16 11 0
37 22 -16 0
-1 19 18 0
3 6 17 0
38 1 -18 0
13 35 17 0
25 -37 29 0
