c instance by G2
c solution = 1110101001011011101100110010010000100100
c Known solution cost is 10669 
p cnf 40 50
w 203 222 431 30 313 162 485 75 66 431 276 55 236 170 106 47 263 429 482 291 459 280 444 404 391 56 390 327 382 374 111 124 471 165 13 232 387 241 165 480
-10 8 -36 0
-29 -15 -2 0
-20 39 10 0
-26 27 34 0
-37 6 -15 0
22 9 -18 0
-14 -5 36 0
-23 16 -2 0
-11 14 25 0
21 40 -6 0
34 7 -10 0
-29 17 -15 0
-24 36 13 0
37 -33 -1 0
17 31 -27 0
-24 -3 17 0
-31 -15 39 0
32 6 -34 0
9 26 30 0
19 36 9 0
21 11 -25 0
-12 -4 11 0
-7 -12 -32 0
-23 32 20 0
12 25 31 0
35 -16 40 0
25 -8 -13 0
33 -15 -40 0
-21 40 26 0
-9 20 31 0
6 -22 -5 0
-29 -34 -4 0
17 39 9 0
15 36 34 0
29 -37 -38 0
-19 -30 23 0
1 37 28 0
36 -13 24 0
-35 -39 6 0
-15 6 -26 0
-13 38 -35 0
-18 12 -10 0
-28 -12 -2 0
-24 15 11 0
27 -12 -16 0
-10 -24 2 0
-9 -2 -35 0
-40 12 5 0
-19 -2 3 0
5 9 -20 0
