c instance by G2
c solution = 1001001011000001101101010001111101000111
c Known solution cost is 8569 
p cnf 40 50
w 413 66 385 189 323 254 162 31 76 438 92 91 258 116 294 231 290 164 312 166 140 328 237 84 318 219 120 131 99 490 128 435 15 67 91 379 167 318 377 75
-27 -29 35 0
22 7 32 0
29 18 35 0
31 -19 -7 0
-16 17 -7 0
15 27 30 0
28 -4 -5 0
-31 -10 39 0
15 38 23 0
-19 -2 33 0
-39 20 -17 0
-12 23 -19 0
4 13 -10 0
-18 -24 21 0
18 28 6 0
32 -1 -24 0
21 34 33 0
-14 -39 -4 0
37 19 13 0
-39 -28 -35 0
-31 -33 -4 0
21 31 -28 0
-33 -27 -21 0
-9 -37 5 0
-29 16 -30 0
-11 25 -1 0
29 30 -9 0
22 -7 11 0
-29 10 -20 0
-6 -19 -16 0
19 6 -29 0
-4 -16 -21 0
1 4 15 0
8 40 -29 0
-10 1 8 0
24 14 3 0
-5 33 25 0
-3 -20 14 0
-32 -29 -36 0
-29 -23 -20 0
-13 25 -38 0
36 -25 23 0
11 -35 25 0
5 23 -26 0
33 -25 21 0
9 2 12 0
-8 -20 -22 0
13 -24 -15 0
-13 -29 22 0
5 7 -22 0
