c instance by G2
c solution = 1100011100011000111110110111110100101011
c Known solution cost is 9404 
p cnf 40 50
w 95 246 454 45 53 239 11 470 36 455 274 231 151 71 394 220 332 79 108 40 345 356 153 240 233 63 116 87 10 327 364 210 365 154 422 449 159 474 481 392
21 -6 -28 0
-28 21 40 0
-40 -31 38 0
4 12 -17 0
36 -22 -13 0
-2 -4 15 0
-20 -30 -9 0
-15 -30 9 0
37 -25 -28 0
-27 6 -26 0
19 -13 -8 0
39 -40 14 0
32 -18 -20 0
-27 -6 37 0
26 22 25 0
31 24 -28 0
2 25 31 0
35 -20 3 0
34 30 10 0
-34 -17 4 0
22 -26 -36 0
11 -34 -36 0
29 15 3 0
-39 -38 10 0
-14 36 -18 0
-1 -15 39 0
10 -11 -24 0
-12 23 -28 0
-30 -3 -28 0
-21 28 -20 0
7 22 16 0
3 33 -10 0
-16 -8 10 0
36 13 -30 0
20 -18 -39 0
38 40 16 0
26 -38 -14 0
8 -20 34 0
4 15 30 0
23 36 10 0
22 -33 -24 0
14 7 3 0
-5 -37 38 0
-24 7 3 0
-35 18 -37 0
38 -1 -25 0
-8 -6 1 0
36 17 -26 0
-30 -18 27 0
-18 11 -10 0
