c instance by G2
c solution = 0111001110100000111001101111001111111000
c Known solution cost is 9547 
p cnf 40 50
w 306 271 228 314 53 244 73 188 429 212 58 260 216 411 466 4 319 394 456 157 354 300 116 263 139 232 160 241 341 238 78 150 391 23 4 171 371 172 454 290
-10 -15 22 0
-29 -24 -9 0
-37 24 -10 0
8 30 6 0
-31 18 -30 0
18 38 -22 0
-16 24 -34 0
-34 -8 -21 0
-26 25 20 0
10 -31 28 0
21 -28 -39 0
-26 16 7 0
15 33 8 0
27 9 -5 0
21 -8 -5 0
5 -20 -26 0
39 -4 31 0
11 38 -27 0
-4 34 -9 0
24 -19 23 0
-19 -4 -14 0
-24 4 1 0
36 -23 -7 0
5 -36 -29 0
40 -7 -38 0
19 38 -3 0
5 -24 -26 0
1 17 -28 0
-5 -3 -35 0
2 40 -33 0
33 -35 -3 0
-40 -4 16 0
-32 -15 -37 0
-34 -30 -8 0
-12 14 -17 0
35 -23 16 0
3 10 -28 0
26 -35 -28 0
-3 14 4 0
-19 -6 -18 0
-22 18 -26 0
-25 -13 29 0
-1 -19 15 0
37 -17 -27 0
-33 32 -25 0
9 -7 24 0
-9 27 14 0
-30 38 26 0
35 -36 -23 0
22 12 -9 0
