c instance by G2
c solution = 1111111101000010000101000001000000111000
c Known solution cost is 10714 
p cnf 40 50
w 179 380 183 254 322 347 208 365 59 37 432 398 176 27 247 495 296 338 87 262 46 376 131 257 214 340 260 466 142 200 18 341 84 408 382 497 494 197 292 477
-37 -17 21 0
-30 13 38 0
9 -19 27 0
-8 24 22 0
23 -28 -39 0
-3 33 37 0
-21 39 -6 0
36 11 24 0
24 6 12 0
-26 12 -37 0
4 -25 12 0
-5 8 29 0
21 -32 6 0
-9 -5 13 0
25 32 7 0
-39 23 40 0
11 40 4 0
-20 -35 -13 0
3 19 29 0
-28 5 -20 0
-18 26 14 0
17 -10 -34 0
-34 10 -9 0
-6 -29 17 0
1 29 30 0
21 10 -8 0
30 14 -16 0
2 30 -1 0
25 13 28 0
40 6 20 0
-38 -8 -27 0
-13 -9 -29 0
30 -14 -8 0
-24 -7 -1 0
34 -8 7 0
-28 38 -31 0
-2 -33 -3 0
15 9 -22 0
34 33 -12 0
-4 20 30 0
38 17 -40 0
16 -8 36 0
-6 -11 -20 0
-15 25 35 0
-32 21 13 0
31 13 -38 0
17 -25 34 0
-23 31 21 0
33 12 -27 0
-16 14 37 0
