c instance by G2
c solution = 0101110100011011011100110010011101001001
c Known solution cost is 11069 
p cnf 40 50
w 74 189 308 160 464 441 148 266 346 133 497 368 379 404 259 107 478 37 183 67 187 445 331 129 465 375 111 355 256 166 322 442 96 264 384 70 405 365 259 334
-35 -6 -23 0
7 31 -19 0
-38 -31 -16 0
37 -7 2 0
-24 17 20 0
3 33 6 0
17 38 -22 0
-24 32 39 0
38 -25 26 0
-36 -22 -31 0
-26 -34 19 0
-7 15 -37 0
-28 40 4 0
2 -4 25 0
37 21 -24 0
-34 4 -20 0
35 -27 -36 0
12 17 -40 0
38 29 -33 0
30 -20 9 0
-4 15 8 0
14 11 -7 0
34 -30 -20 0
38 -12 18 0
-27 26 19 0
-5 15 3 0
-2 16 11 0
-2 21 -14 0
-37 -23 -39 0
-23 13 -30 0
11 -28 17 0
-26 14 -18 0
-11 -32 39 0
13 -1 -40 0
-21 -20 -6 0
10 -17 -24 0
-32 -31 5 0
-1 -5 -30 0
-32 -30 24 0
-10 -12 26 0
9 7 4 0
-3 -16 39 0
-37 3 27 0
7 -11 -8 0
-2 -29 -27 0
23 21 -37 0
-9 -32 35 0
40 -27 -31 0
-33 22 -20 0
-31 8 38 0
