c instance by G2
c solution = 1011011000111010011001110111111110111100
c Known solution cost is 10873 
p cnf 40 50
w 117 478 460 456 348 251 446 256 497 348 193 413 365 161 5 403 231 102 499 439 327 121 91 341 107 321 117 204 329 92 58 480 84 134 383 340 123 306 292 155
34 23 5 0
-6 -35 -34 0
2 10 -16 0
-1 -32 22 0
-21 -13 -23 0
-31 34 -9 0
-29 -37 4 0
33 -24 -1 0
-25 5 -26 0
-13 24 9 0
21 1 5 0
31 38 -30 0
-11 -20 14 0
-18 -39 -3 0
17 21 19 0
-11 -36 3 0
21 39 7 0
-18 29 21 0
-31 6 -17 0
-23 -14 -32 0
-11 38 -13 0
-30 26 -18 0
-32 35 -2 0
8 -12 3 0
-27 -8 -32 0
38 -37 -2 0
16 -12 18 0
-15 -10 -27 0
-23 27 -1 0
20 -36 31 0
39 -7 31 0
30 -31 -7 0
16 -35 -17 0
-30 12 -36 0
-32 11 -15 0
-8 29 27 0
32 -29 25 0
-30 -4 37 0
-38 -16 -28 0
-22 36 39 0
37 36 31 0
21 -18 15 0
1 -11 -36 0
-13 -5 -18 0
-7 16 13 0
34 -28 6 0
35 -11 16 0
-33 -40 14 0
14 -2 -31 0
-13 28 14 0
