c instance by G2
c solution = 0010110010111010011100101110100000110001
c Known solution cost is 10323 
p cnf 40 50
w 75 86 163 335 424 105 479 236 154 113 142 186 421 252 50 424 87 100 172 418 116 360 483 308 268 297 315 202 498 375 396 366 13 423 477 142 63 444 300 55
16 12 1 0
1 13 24 0
-35 -4 39 0
-9 6 -29 0
39 11 -25 0
35 22 28 0
-3 34 -22 0
28 -12 -31 0
-34 32 1 0
-9 -32 37 0
-21 -12 38 0
-24 -20 -26 0
-27 19 14 0
-27 8 -16 0
-11 -25 -1 0
-28 -11 -27 0
16 -10 14 0
-39 8 33 0
22 28 -37 0
36 -12 -40 0
2 -36 -7 0
-30 -3 -6 0
-19 16 -33 0
-30 2 -3 0
-29 -25 -39 0
32 -35 20 0
-27 24 -2 0
37 17 9 0
-32 1 8 0
5 17 10 0
31 -18 26 0
28 -16 30 0
-22 -1 39 0
-18 -12 -38 0
3 -1 5 0
-14 8 -12 0
-6 -17 33 0
38 -20 29 0
-3 32 20 0
27 32 -3 0
-30 -39 1 0
-11 -8 28 0
-37 33 21 0
27 1 16 0
-27 25 8 0
-11 33 3 0
37 23 -27 0
30 15 1 0
14 31 18 0
24 40 30 0
