c instance by G2
c solution = 0001100010010110101100001010100001101100
c Known solution cost is 11016 
p cnf 40 50
w 134 340 111 495 391 412 80 350 310 388 490 483 303 485 111 314 24 471 496 116 142 285 335 193 59 87 415 96 176 339 485 92 263 288 118 291 497 335 169 47
-25 6 -23 0
-35 -1 11 0
-22 -28 -11 0
-15 27 18 0
-1 28 30 0
4 -14 26 0
32 -37 -39 0
7 36 37 0
17 13 5 0
18 16 27 0
13 -15 -24 0
-18 -5 -17 0
10 36 -8 0
-5 -37 -40 0
29 33 28 0
12 -4 -34 0
31 -10 26 0
10 11 5 0
16 32 -26 0
-36 24 -19 0
10 -19 -7 0
-20 13 -31 0
-21 3 -37 0
-25 8 -28 0
28 -15 -32 0
-35 -37 -11 0
15 28 13 0
-25 -29 -18 0
36 8 -13 0
2 19 -37 0
38 -12 6 0
8 2 25 0
-33 8 -34 0
-15 -9 17 0
24 36 20 0
31 -5 34 0
-30 -34 8 0
36 -19 -22 0
9 11 3 0
-36 13 -1 0
35 -9 36 0
11 13 -6 0
40 -33 20 0
-2 -34 18 0
-35 8 -3 0
-16 -12 -29 0
-2 22 36 0
-15 -23 -34 0
37 -22 -25 0
14 10 11 0
