c instance by G2
c solution = 0000010011101101110010001011010011001101
c Known solution cost is 10761 
p cnf 40 50
w 315 344 70 233 80 342 44 379 249 332 197 421 138 402 55 326 106 268 413 259 270 167 380 102 374 115 207 451 240 449 278 339 250 376 424 148 367 411 188 252
-21 -30 18 0
31 -30 25 0
11 -38 -13 0
8 1 -26 0
7 8 28 0
-28 6 35 0
-33 -23 -34 0
-21 -29 24 0
-23 7 26 0
35 -18 38 0
-27 12 -1 0
21 36 19 0
20 17 3 0
5 -19 1 0
2 -7 35 0
31 -5 3 0
10 22 5 0
-30 4 -20 0
-11 9 23 0
-28 25 31 0
4 -30 14 0
-19 12 -10 0
-30 24 16 0
32 -35 -13 0
24 -11 -12 0
-22 -21 4 0
20 -16 30 0
13 36 32 0
-39 2 -33 0
-25 32 18 0
-24 -11 36 0
17 -4 30 0
6 4 13 0
27 -37 5 0
-32 -11 35 0
16 9 36 0
-8 -17 3 0
-36 -25 29 0
27 3 23 0
-26 -33 -28 0
-31 -30 -14 0
-3 23 15 0
34 22 2 0
40 -30 -33 0
23 4 30 0
-27 29 33 0
-15 -18 -33 0
24 -40 -2 0
-16 35 -4 0
-6 -11 37 0
