c instance by G2
c solution = 1001011101100110001000100110101110000101
c Known solution cost is 11358 
p cnf 40 50
w 457 391 213 185 195 433 137 380 143 473 408 320 432 314 224 412 378 18 13 210 259 371 318 64 428 259 300 399 484 139 182 473 219 358 342 12 398 305 117 195
-22 10 17 0
-13 20 34 0
36 34 -35 0
-19 4 -16 0
15 -10 -22 0
30 11 2 0
16 18 -30 0
-40 -3 -11 0
6 -23 3 0
10 -14 36 0
-10 -31 29 0
21 38 -27 0
-20 -11 13 0
20 -39 3 0
4 37 21 0
22 26 -21 0
-8 -16 -1 0
13 7 28 0
-6 -30 -22 0
-38 -33 -12 0
8 -32 28 0
19 34 -32 0
34 -29 23 0
28 -37 17 0
-33 -29 -18 0
35 -22 37 0
18 34 40 0
32 16 28 0
18 12 33 0
-15 26 18 0
-24 -4 3 0
24 8 37 0
1 -29 -19 0
-9 -29 37 0
15 -16 -35 0
15 -14 18 0
22 40 -34 0
-33 -29 -34 0
-19 -2 -11 0
17 14 35 0
-26 19 -27 0
-17 -7 -31 0
31 5 17 0
-14 -8 -25 0
-36 -27 16 0
24 -28 17 0
39 18 27 0
-7 -33 -21 0
30 -26 -5 0
-30 15 38 0
