c instance by G2
c solution = 0000010101001111101110000011011110001100
c Known solution cost is 10342 
p cnf 40 50
w 400 341 111 327 424 106 136 282 164 15 215 144 213 471 46 471 53 499 128 338 314 95 280 280 16 0 379 270 347 385 166 311 84 441 330 291 470 378 418 203
40 13 -8 0
-10 -9 -17 0
20 -19 11 0
-5 39 34 0
-22 24 -27 0
2 -29 9 0
-17 -32 -7 0
2 -3 35 0
-19 16 -21 0
32 -17 -6 0
-37 -32 27 0
17 -12 -36 0
-11 5 12 0
17 1 -28 0
-32 -23 -8 0
-4 26 -30 0
-6 -2 -14 0
-35 -17 24 0
-37 2 -18 0
28 -16 -37 0
-17 -15 -39 0
-16 7 -18 0
-1 -19 11 0
29 -33 -22 0
-10 -12 -6 0
10 18 36 0
34 11 -25 0
18 19 3 0
-13 18 30 0
8 -13 -28 0
-34 -33 -11 0
14 34 39 0
11 -26 36 0
13 -15 14 0
38 36 -15 0
35 -18 9 0
-30 -13 15 0
-33 36 27 0
-11 -29 5 0
-30 -36 26 0
26 -31 37 0
5 29 -40 0
-34 10 17 0
21 -33 2 0
35 -8 31 0
-34 18 2 0
-30 14 -34 0
-20 6 9 0
23 -13 -24 0
9 -31 33 0
