c instance by G2
c solution = 0110010110110011110111000001100101011101
c Known solution cost is 9195 
p cnf 40 50
w 22 170 94 322 199 351 322 62 156 433 106 295 338 279 18 7 119 459 494 304 250 297 165 127 209 145 320 59 313 110 26 461 256 495 478 23 451 182 179 99
-32 -2 21 0
26 38 39 0
36 16 2 0
24 -27 30 0
27 -22 21 0
-23 -35 13 0
-9 -28 -7 0
19 32 -9 0
-26 4 31 0
20 -3 -18 0
-11 35 29 0
-8 18 33 0
-29 17 4 0
1 2 -38 0
7 -17 -13 0
-15 31 34 0
33 28 -21 0
16 -34 7 0
-11 -22 15 0
-28 11 19 0
36 -11 4 0
9 31 -15 0
13 6 -18 0
25 -21 -1 0
-32 11 23 0
1 -39 -28 0
-28 -25 -9 0
19 -7 21 0
-32 19 29 0
-3 -18 -35 0
31 5 20 0
-35 -20 29 0
22 -2 25 0
39 8 -36 0
-10 25 -29 0
-37 39 -33 0
-2 31 12 0
27 -21 40 0
31 -21 37 0
-9 -31 23 0
-16 -5 35 0
39 -37 3 0
-4 13 27 0
-3 -2 -14 0
-29 -24 -40 0
4 -19 -34 0
-38 -29 -23 0
-24 -36 -37 0
3 -36 27 0
-12 -37 -30 0
