c instance by G2
c solution = 0100101111100000110110000101011111011010
c Known solution cost is 10807 
p cnf 40 50
w 99 208 20 449 419 78 310 286 207 222 380 174 198 380 87 354 176 127 114 491 112 474 300 137 356 387 404 112 341 24 406 253 473 267 35 303 401 444 382 417
6 -9 -19 0
34 39 40 0
-34 -25 22 0
17 24 -12 0
13 14 18 0
-39 -12 29 0
-18 -30 -38 0
-35 16 -8 0
4 -24 -10 0
-30 11 -33 0
39 -10 -18 0
-5 7 -9 0
-37 -9 -23 0
-1 -21 22 0
6 14 9 0
-20 -39 8 0
11 -39 35 0
3 -7 -6 0
28 6 -21 0
13 5 -28 0
-22 -10 6 0
36 -7 26 0
3 19 -35 0
13 -18 -3 0
-33 25 34 0
-17 -34 32 0
17 22 -8 0
31 1 -5 0
-26 -40 -35 0
4 36 -37 0
-27 1 12 0
-36 -40 3 0
-20 -16 -39 0
-18 -11 34 0
-4 23 -36 0
33 3 15 0
3 10 -34 0
14 -11 30 0
-29 -2 25 0
21 -2 38 0
-36 -13 -20 0
22 -13 19 0
20 -39 14 0
-37 -15 -8 0
7 21 3 0
-5 22 37 0
-25 14 -15 0
-14 25 -9 0
19 -33 26 0
2 15 23 0
