c instance by G2
c solution = 0110101101101011011110010000101011000100
c Known solution cost is 9916 
p cnf 40 50
w 155 58 228 56 35 133 422 457 286 153 378 293 154 325 372 212 399 200 172 260 206 215 487 262 259 498 411 75 163 219 265 205 305 294 130 407 160 142 420 45
-39 22 -13 0
36 13 27 0
31 -2 40 0
6 -19 15 0
-33 4 29 0
24 -8 23 0
16 -21 1 0
-19 -5 -37 0
20 27 -31 0
-4 17 -18 0
-23 14 -38 0
32 -18 -36 0
9 14 -27 0
-22 6 23 0
16 12 4 0
17 2 -31 0
12 33 -21 0
28 26 18 0
-13 37 -14 0
30 17 -28 0
-25 -10 40 0
7 -15 30 0
28 35 -12 0
-24 37 -35 0
1 -24 8 0
-7 -24 -6 0
-7 -2 -26 0
34 30 1 0
-24 35 -17 0
22 3 9 0
34 -5 -8 0
35 10 1 0
-7 19 -21 0
-1 -2 30 0
-40 -2 30 0
17 -3 11 0
-13 -32 -15 0
36 28 -26 0
3 -28 -2 0
26 32 38 0
5 -3 28 0
37 14 -22 0
24 4 14 0
-33 -3 -30 0
12 -16 8 0
39 -9 -29 0
38 10 13 0
-39 -1 -29 0
36 21 12 0
-8 -29 -6 0
