c instance by G2
c solution = 1100001001010100011011001010111101011101
c Known solution cost is 10010 
p cnf 40 50
w 148 236 366 79 364 90 106 293 294 401 477 334 164 50 340 198 345 197 2 99 350 234 352 301 18 168 162 171 202 343 35 307 434 445 306 324 281 215 421 358
13 5 -28 0
-39 13 11 0
-27 -25 -11 0
30 -10 -38 0
35 12 5 0
-13 35 3 0
-20 15 -2 0
40 -38 13 0
-30 5 10 0
29 -31 23 0
26 9 34 0
-14 -25 18 0
22 1 -35 0
26 -15 16 0
35 27 -7 0
-21 -16 -32 0
1 -40 39 0
9 7 -2 0
15 -13 14 0
-40 -28 -32 0
38 -31 -1 0
-36 -9 -18 0
9 -29 -39 0
-15 -35 37 0
-1 -5 -30 0
3 21 -10 0
32 -14 -10 0
28 4 -33 0
16 15 22 0
-23 4 33 0
35 24 19 0
-11 -29 5 0
-8 -36 -31 0
-38 -30 -8 0
-35 -38 13 0
9 -30 31 0
-31 2 -18 0
28 -38 -3 0
23 -4 6 0
15 -14 -24 0
28 3 -26 0
37 26 -1 0
5 31 -29 0
-22 -17 -37 0
-3 19 -18 0
16 15 36 0
-10 -1 -6 0
-34 13 -5 0
-19 14 6 0
25 39 -12 0
