c instance by G2
c solution = 0000101010111001100010100101010000100000
c Known solution cost is 9922 
p cnf 40 50
w 420 39 156 408 250 117 248 277 108 406 464 400 96 257 215 301 7 34 16 78 498 410 99 280 148 404 457 393 16 60 452 279 181 25 300 391 462 362 332 76
-37 8 36 0
-13 -11 -36 0
8 -7 -39 0
26 -21 8 0
10 -11 16 0
32 -19 14 0
-30 25 -18 0
15 -3 -9 0
24 29 5 0
22 2 -4 0
-12 36 -14 0
12 33 39 0
-27 1 8 0
1 -5 11 0
-15 29 34 0
-1 -22 -28 0
-17 8 -32 0
-13 35 -21 0
17 -12 4 0
-8 36 -32 0
-25 27 4 0
-6 17 31 0
1 -6 4 0
-23 -34 24 0
-1 -12 4 0
-25 38 -17 0
13 33 24 0
14 -19 -40 0
-31 38 -30 0
-17 8 7 0
34 -8 -21 0
4 -38 27 0
25 -20 -21 0
6 -2 33 0
-40 33 -23 0
-13 8 -27 0
33 -24 -13 0
1 9 14 0
34 27 -33 0
1 -23 28 0
30 -17 15 0
-11 21 38 0
-23 -15 34 0
-7 40 23 0
-22 10 37 0
-9 -29 20 0
-8 28 11 0
-7 -10 25 0
35 -39 18 0
-25 -16 23 0
