c instance by G2
c solution = 0101111011011001001010011101111111110100
c Known solution cost is 9735 
p cnf 40 50
w 51 364 113 112 340 112 423 322 377 102 84 34 219 370 211 384 171 289 407 292 59 45 103 88 128 293 186 243 469 293 225 171 394 378 48 421 234 196 488 496
6 -31 -16 0
-2 -20 -25 0
31 -38 -21 0
-1 -36 17 0
-10 -31 36 0
-24 -20 -16 0
14 -40 -25 0
16 1 18 0
-9 7 -35 0
-26 -17 -21 0
-8 18 3 0
-18 30 -1 0
25 1 -34 0
1 10 -38 0
-31 5 -28 0
-25 -16 34 0
-6 -18 -37 0
2 20 -13 0
23 -7 33 0
-36 21 -2 0
-25 -9 32 0
29 -24 37 0
-1 2 35 0
1 19 -18 0
-7 -27 18 0
13 -6 27 0
14 -6 24 0
-18 -6 -32 0
-24 -13 -22 0
-38 20 12 0
-2 -15 40 0
23 19 -28 0
-26 17 9 0
-1 5 -22 0
-16 27 -14 0
-36 -11 -7 0
-31 -21 35 0
-35 -32 38 0
39 -29 4 0
31 -25 -39 0
-26 -31 19 0
-34 1 -23 0
-35 26 -33 0
-2 23 -37 0
-12 -6 -3 0
30 11 -34 0
-18 -26 17 0
24 25 -27 0
18 28 20 0
-29 -39 27 0
