c instance by G2
c solution = 1000001000110001000000100111011100111001
c Known solution cost is 9390 
p cnf 40 50
w 243 93 249 426 483 225 351 34 39 161 38 421 373 94 117 336 289 47 200 410 361 484 57 62 314 330 153 320 67 370 64 454 60 67 402 256 301 132 38 469
-23 31 22 0
-36 4 -2 0
8 -9 28 0
5 -37 -34 0
39 37 33 0
-14 -35 2 0
5 -3 34 0
-11 -25 24 0
12 24 4 0
-32 -28 -33 0
-32 34 -21 0
8 -28 -17 0
24 -1 32 0
30 15 -40 0
-25 -28 12 0
34 33 -29 0
-36 -15 6 0
25 -21 -33 0
38 -24 19 0
-5 2 6 0
-23 -36 16 0
-11 23 20 0
4 36 19 0
-19 33 38 0
13 7 4 0
21 -37 -9 0
20 -16 -8 0
17 -18 -16 0
34 11 -23 0
-38 -39 40 0
39 40 2 0
-30 34 -10 0
-16 1 -11 0
6 26 20 0
2 -37 -8 0
-11 15 -38 0
4 -15 -36 0
28 -37 -23 0
35 7 -15 0
-4 21 15 0
15 21 -39 0
12 21 4 0
-11 20 -22 0
30 27 -5 0
-40 27 38 0
-26 -30 -20 0
-27 -6 34 0
-37 15 35 0
25 -13 29 0
13 -40 32 0
