c instance by G2
c solution = 0000010000111100000010001000100111000111
c Known solution cost is 10056 
p cnf 40 50
w 9 255 280 479 347 106 196 204 75 131 394 364 320 266 212 53 363 487 385 284 366 474 10 170 235 365 5 314 214 382 73 394 106 372 16 190 497 18 307 338
-1 -32 -11 0
23 6 1 0
38 12 -7 0
-38 19 -35 0
40 1 -39 0
7 21 35 0
-25 -35 -34 0
-13 26 33 0
-12 -31 15 0
37 11 -7 0
37 -10 5 0
10 4 -26 0
16 -14 -27 0
-30 3 16 0
-37 31 35 0
15 -38 39 0
31 25 -12 0
19 -21 -24 0
-5 24 2 0
-12 32 39 0
-22 9 19 0
38 -32 17 0
-19 -20 -30 0
34 -17 -16 0
26 -34 -19 0
-13 2 -23 0
30 -40 -36 0
8 -20 -38 0
20 -9 28 0
-17 27 -14 0
-8 36 -25 0
40 -38 -30 0
32 -11 5 0
2 9 -7 0
27 -2 26 0
10 14 8 0
28 13 5 0
8 -28 27 0
34 5 3 0
2 -40 -3 0
28 -6 -16 0
29 27 31 0
2 12 -14 0
23 -29 -4 0
24 27 -7 0
-14 -21 -18 0
-8 9 -29 0
-15 2 24 0
23 -1 -5 0
11 -13 16 0
