c instance by G2
c solution = 0001011111001010101010111000011100101101
c Known solution cost is 9555 
p cnf 40 50
w 116 18 211 399 268 228 483 311 152 41 223 414 152 233 397 250 160 353 336 320 111 81 20 223 75 141 347 318 333 444 402 82 78 440 470 300 327 260 18 20
-8 -18 -4 0
-25 -27 26 0
-26 27 -5 0
37 -8 29 0
14 -15 17 0
-28 -33 -22 0
19 -38 16 0
21 11 -6 0
18 20 -11 0
33 -36 -32 0
-19 -38 15 0
6 -35 39 0
30 -28 8 0
-8 7 -23 0
-13 -24 -39 0
-26 -8 34 0
-24 -33 2 0
-17 -28 2 0
2 -17 35 0
-4 12 24 0
25 14 -35 0
12 10 2 0
18 31 -15 0
-37 -1 -31 0
11 30 -8 0
-35 12 -5 0
29 10 -15 0
-19 -10 40 0
28 9 -7 0
-15 26 -2 0
-3 -11 -34 0
-16 -21 35 0
-14 12 -38 0
38 36 -19 0
36 -34 -8 0
-16 -23 11 0
-10 23 22 0
32 36 18 0
3 13 -30 0
-23 -22 1 0
-31 24 -32 0
-15 -23 -20 0
-30 29 4 0
8 -38 -30 0
-35 -12 22 0
28 7 -17 0
-31 -29 -6 0
29 -3 18 0
-3 -11 -25 0
37 33 22 0
