c instance by G2
c solution = 0111001011011010010101100011111110001110
c Known solution cost is 9890 
p cnf 40 50
w 413 395 9 347 52 299 128 375 235 411 175 468 230 426 170 54 187 257 128 407 498 128 121 140 471 170 54 50 261 89 232 245 466 365 184 499 219 35 163 334
4 -38 21 0
17 28 11 0
-22 35 -25 0
-2 29 -31 0
-26 -31 -27 0
-36 -39 -29 0
-5 13 34 0
6 11 -8 0
-15 -13 12 0
8 35 2 0
-14 16 21 0
-22 -5 -27 0
27 5 -2 0
-11 16 -33 0
16 -24 -2 0
-32 6 18 0
-28 10 -12 0
-27 31 5 0
-12 34 -1 0
-27 35 38 0
-10 33 14 0
17 -37 15 0
4 -28 16 0
20 26 -27 0
-6 -29 -20 0
27 -28 -22 0
27 5 -35 0
-29 30 14 0
5 10 1 0
39 -38 -29 0
7 25 1 0
-23 6 22 0
32 -12 -13 0
-39 13 -3 0
-19 16 -32 0
9 -23 24 0
-31 -40 26 0
34 3 26 0
37 -4 -27 0
34 30 -15 0
-16 -37 5 0
16 31 32 0
-34 -31 11 0
-35 -28 -15 0
-21 -32 24 0
40 1 33 0
11 23 -2 0
-27 -14 -31 0
-4 26 -17 0
9 25 -27 0
