c instance by G2
c solution = 1110111010111110101110111011110010101101
c Known solution cost is 8977 
p cnf 40 50
w 286 202 432 212 120 147 103 312 328 140 358 365 176 167 123 349 25 188 89 290 247 440 496 7 401 491 4 175 47 85 180 370 376 416 356 20 230 8 193 23
10 -11 15 0
23 16 26 0
-17 -34 -35 0
-35 -25 -4 0
-7 18 29 0
39 11 -3 0
28 -3 16 0
-33 -39 4 0
-10 -6 -15 0
-28 37 -15 0
-36 -13 -29 0
-31 37 12 0
-7 38 40 0
18 -7 -22 0
-13 -20 -18 0
-16 -12 34 0
-3 22 40 0
-5 -13 17 0
-38 35 -19 0
26 -17 1 0
23 8 -40 0
12 -9 4 0
-2 18 38 0
18 22 14 0
-18 9 5 0
-19 -7 -31 0
25 -20 -19 0
-26 16 -15 0
20 -6 -33 0
30 -37 8 0
-9 3 -11 0
39 27 -13 0
-8 -14 10 0
24 -19 18 0
-25 19 -37 0
25 -37 3 0
7 -35 -24 0
29 -20 10 0
39 -30 6 0
-3 -32 -17 0
-24 -11 21 0
30 -24 -4 0
-35 -5 14 0
-1 -23 2 0
-2 -4 -14 0
13 -7 -24 0
-34 18 20 0
5 -35 16 0
-21 9 -1 0
-19 33 -13 0
