c instance by G2
c solution = 1010111001010111100000110010011001010100
c Known solution cost is 9158 
p cnf 40 50
w 109 341 12 144 454 222 420 116 279 448 278 367 481 14 334 412 447 442 157 33 41 42 133 328 240 496 297 105 15 296 282 233 174 82 99 109 7 267 311 91
-1 -20 -5 0
12 23 40 0
8 38 33 0
3 4 25 0
21 -30 31 0
34 -31 2 0
-5 -4 -17 0
4 -23 15 0
13 -3 -18 0
-26 -38 -34 0
-7 36 21 0
-28 -30 -14 0
9 7 -36 0
-40 28 18 0
-1 2 -13 0
30 9 28 0
11 12 -23 0
16 33 -12 0
-29 33 28 0
-25 37 -30 0
7 -21 35 0
-16 40 -33 0
-37 26 33 0
40 -15 -8 0
-3 1 9 0
-21 22 -20 0
-38 -9 -27 0
17 -15 -5 0
-39 4 18 0
-15 23 -24 0
4 -16 6 0
26 -21 -23 0
-3 24 -28 0
-31 24 2 0
10 -11 22 0
15 -22 -14 0
28 20 5 0
-14 -26 -37 0
-30 18 27 0
29 -19 25 0
-2 -34 -16 0
-10 -5 -11 0
22 -32 40 0
-35 -1 11 0
-24 39 10 0
-29 14 26 0
29 14 20 0
25 34 -17 0
9 -22 29 0
9 -11 35 0
