c instance by G2
c solution = 1011000111100111000011100010001011001101
c Known solution cost is 9975 
p cnf 40 50
w 391 157 168 272 427 483 429 101 210 254 57 55 392 492 317 221 65 148 251 214 22 445 157 420 338 126 478 84 22 350 164 473 141 16 410 14 494 66 452 199
2 35 27 0
-14 -25 -15 0
-27 -13 24 0
37 -8 12 0
-13 30 17 0
-22 -26 29 0
-14 -5 29 0
-17 -14 36 0
39 -28 25 0
-11 4 -40 0
-22 -37 -39 0
-34 32 33 0
10 -21 35 0
15 -4 -14 0
14 -21 13 0
-14 -19 17 0
35 -1 31 0
-8 40 -23 0
-31 -40 38 0
-18 35 17 0
-31 8 -16 0
35 10 3 0
-29 17 7 0
30 17 -24 0
-15 -21 37 0
28 -16 3 0
-23 17 22 0
-14 -29 -32 0
13 -35 -10 0
32 31 -11 0
-16 21 12 0
-6 -37 -1 0
18 32 -2 0
-23 2 -32 0
23 -37 -15 0
-5 26 -34 0
36 -30 2 0
-33 -7 -4 0
-40 12 -7 0
16 -40 36 0
32 12 15 0
30 -20 5 0
-36 -31 -1 0
21 -16 -6 0
29 9 5 0
-12 -38 28 0
11 -14 39 0
-40 1 19 0
-11 39 34 0
-11 -21 -26 0
