c instance by G2
c solution = 0100001000010100110000101001110111100000
c Known solution cost is 10046 
p cnf 40 50
w 485 231 296 382 219 155 124 442 166 424 117 66 469 202 269 269 9 116 190 6 173 337 422 339 394 381 280 75 60 131 289 473 475 52 39 22 202 493 353 419
6 -10 -25 0
-1 39 9 0
-8 25 29 0
25 -40 -4 0
-20 5 26 0
27 -30 -38 0
-7 36 -5 0
19 -16 -33 0
23 3 6 0
-22 39 37 0
-7 39 -36 0
-39 20 13 0
8 -30 33 0
20 38 33 0
-31 38 4 0
35 19 37 0
26 23 -32 0
30 10 9 0
19 -26 -14 0
5 18 9 0
13 -11 20 0
-6 13 -7 0
-29 31 28 0
6 37 -15 0
-10 37 -33 0
-13 31 40 0
1 -40 11 0
-8 -28 -33 0
-39 -18 -7 0
1 -28 12 0
12 -13 14 0
20 39 29 0
34 19 10 0
25 -22 1 0
-17 38 25 0
-21 -40 -35 0
20 -17 14 0
-14 19 2 0
-19 24 10 0
-4 22 31 0
-18 -3 -7 0
39 -27 -12 0
-9 -32 -25 0
17 31 -35 0
1 5 -37 0
7 -2 36 0
-24 20 -7 0
-30 -14 -21 0
9 5 -8 0
-33 16 32 0
