c instance by G2
c solution = 0011011011011110110101010101001100011111
c Known solution cost is 10520 
p cnf 40 50
w 105 494 371 326 412 313 282 5 310 238 491 350 390 379 140 424 312 308 144 10 443 282 457 391 418 114 34 176 44 218 488 74 144 81 99 436 29 121 342 325
18 -4 -7 0
27 35 22 0
-4 -6 28 0
36 -10 1 0
-10 -7 -33 0
-2 -26 -6 0
20 -21 -25 0
-11 -26 -15 0
-4 30 -35 0
31 -28 34 0
-22 38 34 0
20 2 33 0
-7 3 2 0
-32 -22 -27 0
-7 9 -37 0
35 -32 17 0
-32 -30 -40 0
-38 -34 1 0
26 -32 1 0
13 2 -20 0
14 -36 8 0
22 -38 -36 0
7 27 -22 0
26 24 31 0
-8 -4 -38 0
16 5 24 0
-19 -9 -7 0
-9 -17 -1 0
-5 -38 29 0
37 11 -39 0
33 -4 -23 0
-29 34 -7 0
-39 -33 30 0
-28 40 34 0
-26 -12 -27 0
5 -39 -21 0
33 15 -13 0
-34 -12 15 0
11 12 -24 0
33 37 -11 0
-30 18 -29 0
-28 1 -16 0
6 34 8 0
-25 33 -12 0
-4 32 25 0
25 39 21 0
-16 18 -38 0
-21 -36 -26 0
27 10 -17 0
-10 1 4 0
