c instance by G2
c solution = 011000100101110000001101101110
c Known solution cost is 7926 
p cnf 30 50
w 195 90 266 402 266 486 288 97 383 390 160 394 231 297 289 239 261 404 378 263 349 104 125 203 183 133 129 267 499 155
-9 -16 10 0
3 20 25 0
1 19 -15 0
30 6 24 0
-26 9 1 0
22 -5 8 0
11 19 2 0
11 19 -18 0
25 9 -29 0
6 -8 20 0
-24 13 11 0
-3 21 16 0
22 17 20 0
-2 -29 -16 0
-11 -14 -21 0
-5 7 -28 0
-9 -7 17 0
-28 7 15 0
17 25 27 0
-28 4 10 0
-1 -10 30 0
14 1 15 0
-6 10 2 0
-9 21 26 0
11 -28 -4 0
-26 2 12 0
29 -28 16 0
-28 -11 1 0
21 22 -3 0
-20 18 -3 0
17 -13 28 0
25 29 16 0
-10 -23 -13 0
29 -26 -27 0
-11 -2 -27 0
29 -21 3 0
-7 -23 -14 0
17 19 -6 0
-30 8 11 0
6 -25 -19 0
-24 -5 11 0
12 -14 20 0
-24 7 -11 0
-28 30 -17 0
-5 -26 20 0
-28 3 13 0
17 -15 18 0
30 3 1 0
5 -29 22 0
-29 6 27 0
