c instance by G2
c solution = 101011000110101111011000100010
c Known solution cost is 8014 
p cnf 30 50
w 438 142 381 260 445 296 270 28 473 482 149 261 196 309 351 117 160 463 0 458 213 96 231 237 97 283 246 264 172 496
19 -13 -23 0
23 19 6 0
-15 -30 -13 0
3 24 -6 0
-24 -5 22 0
-11 1 8 0
-30 -11 19 0
-26 -25 24 0
14 9 11 0
-15 -19 7 0
-13 23 1 0
1 -5 20 0
-28 -7 8 0
-28 -5 -13 0
12 -27 7 0
17 -3 -25 0
-17 -15 -2 0
24 -19 -1 0
-1 -22 26 0
-18 17 -26 0
-1 23 16 0
-16 20 -29 0
18 30 26 0
12 26 15 0
-4 27 22 0
-29 -13 11 0
-22 -3 7 0
19 -14 -15 0
-25 5 9 0
30 7 6 0
-28 -18 10 0
29 -5 11 0
7 17 21 0
12 -27 -20 0
-9 -29 2 0
21 27 4 0
6 -12 10 0
-18 10 12 0
-27 19 24 0
-9 25 16 0
7 -29 25 0
4 26 -22 0
-12 9 23 0
-26 18 6 0
-7 -18 -17 0
-8 -4 -19 0
12 13 14 0
22 28 13 0
-8 12 19 0
4 29 -21 0
