c instance by G2
c solution = 001111100100110001110010110101
c Known solution cost is 6922 
p cnf 30 50
w 306 32 184 71 370 101 125 351 208 120 308 443 225 387 111 330 441 295 161 317 149 308 55 141 61 235 493 131 9 454
-18 5 10 0
4 9 -13 0
-14 17 -12 0
23 -1 11 0
-13 -22 2 0
-5 16 -29 0
-16 29 -21 0
10 -26 -6 0
12 -11 -4 0
11 -23 -16 0
-15 30 -21 0
19 -4 -5 0
27 -4 -24 0
-6 13 -18 0
5 22 24 0
9 4 -8 0
8 23 -12 0
13 10 30 0
-27 -10 22 0
3 -7 -24 0
-28 11 -17 0
26 2 -14 0
-6 27 -24 0
12 3 -19 0
6 -5 -25 0
23 -26 -20 0
-6 -5 7 0
-15 -4 22 0
-14 20 4 0
18 16 9 0
30 22 11 0
-20 21 -12 0
-7 11 -21 0
-9 17 13 0
-6 -11 -3 0
25 15 22 0
-6 -29 -13 0
-3 12 20 0
-1 -17 29 0
-9 21 -20 0
10 -16 -29 0
-1 -3 24 0
-28 17 -1 0
17 -8 20 0
-6 -2 22 0
-26 -5 4 0
1 2 14 0
-8 -18 1 0
-15 28 -13 0
-25 -20 28 0
