c instance by G2
c solution = 100010010001010001001100011110
c Known solution cost is 9087 
p cnf 30 50
w 223 473 81 266 471 409 415 217 149 353 289 340 281 227 446 383 86 481 463 272 313 107 181 134 455 163 205 477 247 480
-1 -15 -21 0
17 21 -18 0
24 13 -30 0
6 5 -17 0
3 -17 10 0
6 -9 2 0
-24 -13 -22 0
28 6 30 0
-10 -21 5 0
29 30 4 0
-5 -19 30 0
16 -7 15 0
18 23 -8 0
16 28 -23 0
-8 27 16 0
16 30 -11 0
1 -16 19 0
-9 -18 4 0
-14 -21 -3 0
-22 16 -30 0
-13 -2 16 0
26 24 15 0
9 12 29 0
1 -22 17 0
-16 24 -14 0
5 19 4 0
-5 -16 -21 0
13 -4 11 0
-1 22 -8 0
6 20 -23 0
-14 -8 -6 0
-29 -27 12 0
-5 -21 -10 0
19 11 -16 0
6 8 -12 0
11 4 -2 0
-22 -10 30 0
-24 16 -1 0
-13 -21 -22 0
-1 -29 27 0
-9 26 18 0
-30 23 24 0
14 7 23 0
29 30 -19 0
11 24 -10 0
1 -26 25 0
-6 18 8 0
19 -25 9 0
8 -4 -3 0
-27 30 -20 0
