c instance by G2
c solution = 111000010010001010110110111100
c Known solution cost is 8327 
p cnf 30 50
w 399 353 425 139 483 427 307 56 447 373 34 364 22 458 115 457 147 113 172 495 205 387 142 74 97 492 142 345 206 451
-7 -22 12 0
8 -17 -1 0
10 21 -16 0
-10 -26 24 0
16 -20 22 0
19 -27 10 0
11 -16 -6 0
-28 10 -24 0
11 -1 21 0
-28 -26 23 0
-9 -26 13 0
-4 30 -23 0
-8 15 18 0
29 7 15 0
-13 16 -17 0
-18 22 -17 0
15 16 21 0
30 3 29 0
-4 -25 8 0
29 -20 -21 0
5 20 29 0
6 1 12 0
-14 10 -28 0
-9 22 -6 0
27 -29 -9 0
-25 26 9 0
27 18 -3 0
28 -10 12 0
1 18 -21 0
-23 -7 -24 0
-12 -25 -27 0
-14 27 13 0
-10 -27 20 0
-22 -11 -12 0
-26 -25 2 0
5 14 -18 0
25 29 -22 0
17 9 -25 0
-24 26 1 0
-12 28 -27 0
21 -26 -30 0
-6 5 10 0
27 25 -18 0
28 9 26 0
9 18 28 0
-1 28 4 0
-16 -22 -7 0
30 -26 -5 0
-29 5 4 0
16 11 18 0
