c instance by G2
c solution = 100010001011010101100101000110
c Known solution cost is 7036 
p cnf 30 50
w 360 78 231 193 420 467 161 193 245 151 449 78 72 383 54 380 179 277 107 155 307 179 1 312 300 238 303 275 127 361
-5 1 6 0
-18 9 -16 0
11 -1 7 0
5 23 17 0
-17 -15 21 0
2 -9 -30 0
-10 21 6 0
-12 10 22 0
-12 28 2 0
16 23 -26 0
-7 24 6 0
-21 16 18 0
21 14 15 0
-1 19 13 0
-28 -19 -15 0
4 -26 27 0
-19 -21 -16 0
-20 17 23 0
-20 12 18 0
17 29 26 0
20 -6 7 0
-26 -30 24 0
-3 -9 21 0
3 -12 -13 0
4 -15 13 0
-2 10 21 0
11 -14 -12 0
-14 -26 -19 0
17 -12 16 0
22 15 23 0
20 -2 -5 0
26 6 -17 0
-25 21 -22 0
-5 12 17 0
-8 15 -26 0
-22 23 1 0
13 7 -23 0
9 10 26 0
15 5 14 0
13 -4 2 0
-14 15 11 0
-6 -5 -24 0
-17 -8 -23 0
-16 -5 -27 0
-8 3 27 0
-11 -29 12 0
4 17 24 0
20 -30 21 0
25 -7 -24 0
30 2 18 0
