c instance by G2
c solution = 001000011100101101101000010100
c Known solution cost is 7353 
p cnf 30 50
w 183 475 156 102 192 339 75 433 93 336 266 83 157 322 300 318 427 207 414 251 156 32 392 63 116 145 469 429 133 289
24 6 3 0
13 24 27 0
-19 -18 9 0
17 23 -11 0
-4 24 -12 0
17 19 -8 0
14 -9 -5 0
1 -7 6 0
-14 -8 6 0
6 -7 5 0
25 -4 -3 0
-9 -1 27 0
12 -6 5 0
-13 -24 6 0
-27 3 -18 0
-13 26 20 0
-25 2 -7 0
17 -22 -27 0
2 8 20 0
5 -9 18 0
4 -6 -16 0
12 -19 -22 0
-10 -26 -27 0
18 24 27 0
-3 -29 -15 0
5 1 -23 0
3 -7 -28 0
23 -21 -2 0
-17 -10 -13 0
25 5 -20 0
-4 23 20 0
-9 -30 5 0
5 28 12 0
-6 20 -10 0
11 16 -13 0
-8 -13 -2 0
27 2 -24 0
15 5 -21 0
-13 17 -12 0
-7 29 18 0
25 -15 -1 0
-25 -16 24 0
17 10 -26 0
-5 1 23 0
-17 -13 1 0
8 14 24 0
5 8 -14 0
24 -9 21 0
7 2 15 0
-18 30 16 0
