c instance by G2
c solution = 000110011010101001110101111001
c Known solution cost is 8090 
p cnf 30 50
w 440 75 14 409 458 343 446 429 241 140 323 345 287 179 253 272 272 67 258 47 456 397 46 9 231 290 88 482 497 296
14 -8 5 0
-1 -8 -29 0
30 15 21 0
-11 29 -2 0
-23 -24 6 0
1 22 12 0
14 29 25 0
20 -21 -10 0
-18 16 27 0
-6 21 23 0
9 -24 -20 0
18 -20 -9 0
-3 10 16 0
27 -13 -5 0
26 23 -19 0
-15 -13 24 0
17 29 20 0
-21 7 2 0
23 -10 29 0
6 -14 -13 0
-22 -7 -27 0
28 -4 -12 0
28 6 8 0
2 16 19 0
29 24 -30 0
13 29 -18 0
5 -22 16 0
7 4 -22 0
29 -1 -15 0
-6 -9 26 0
-18 11 -4 0
23 4 -3 0
-25 -30 -7 0
-17 6 29 0
15 21 2 0
14 16 -17 0
-10 -22 14 0
8 -14 -17 0
-15 -3 -9 0
20 -4 13 0
6 10 30 0
-21 28 -14 0
-28 3 6 0
20 1 -27 0
-23 18 -10 0
-30 -19 -17 0
-13 11 -25 0
-30 2 -29 0
29 -16 21 0
-1 4 -16 0
