c instance by G2
c solution = 010110001110000000101111111111
c Known solution cost is 9637 
p cnf 30 50
w 413 190 129 282 489 351 462 198 79 125 459 365 453 422 262 299 206 286 367 399 299 347 242 444 430 317 395 213 444 270
-22 -7 16 0
8 -17 -10 0
-4 -19 -14 0
-23 -20 -22 0
-13 30 -18 0
-4 29 1 0
11 -27 -20 0
2 -11 20 0
-16 -8 26 0
28 -21 -23 0
20 10 -18 0
-18 1 -4 0
26 3 -9 0
-6 9 -11 0
25 -23 -30 0
21 3 -23 0
22 -24 -2 0
16 -23 24 0
-23 28 -22 0
26 24 -17 0
10 1 -25 0
3 4 21 0
15 6 30 0
-6 -23 -25 0
-30 20 -18 0
12 -2 19 0
6 20 -12 0
-15 -22 -9 0
-25 14 -3 0
4 -26 -9 0
-13 -10 -4 0
-27 3 11 0
-19 -27 21 0
-25 -16 1 0
6 23 15 0
22 13 -11 0
-18 -14 2 0
-10 23 18 0
-17 16 12 0
-11 -12 18 0
12 -26 5 0
-26 -11 -8 0
18 3 -1 0
26 14 -11 0
-17 25 4 0
-6 18 -11 0
-2 -27 -20 0
8 21 11 0
-11 9 17 0
12 27 -9 0
