c instance by G2
c solution = 011111001011001000001001001100
c Known solution cost is 6620 
p cnf 30 50
w 26 491 231 143 219 80 49 159 354 121 79 91 412 147 399 197 237 163 446 188 18 323 389 250 454 4 25 350 308 267
6 29 16 0
-11 24 7 0
28 14 -3 0
21 3 -4 0
-17 13 -23 0
-28 16 -22 0
27 23 25 0
24 -21 -29 0
13 -17 26 0
-13 -3 17 0
-23 -17 11 0
-4 -26 -27 0
5 25 27 0
-10 29 1 0
-1 -18 26 0
3 -5 -2 0
5 13 20 0
14 29 -25 0
30 -22 3 0
9 -18 16 0
22 -9 -8 0
8 -29 -21 0
-19 -1 10 0
-20 16 -3 0
-6 15 -28 0
20 1 9 0
4 -3 13 0
-11 -4 21 0
21 25 16 0
7 -13 6 0
-23 -11 -27 0
26 -17 4 0
12 7 16 0
-4 11 7 0
-7 -3 10 0
-14 22 -4 0
5 -1 -13 0
-29 13 18 0
15 -2 -12 0
9 -3 -21 0
19 -6 -14 0
-18 -9 10 0
-19 18 8 0
26 30 5 0
-6 2 17 0
22 20 -16 0
-22 -11 -21 0
-24 -9 -30 0
23 30 -1 0
-23 -30 -25 0
