c instance by G2
c solution = 010001101010010110011100111110
c Known solution cost is 7895 
p cnf 30 50
w 469 151 264 451 5 428 312 279 203 193 0 423 149 29 468 69 264 301 457 197 444 136 301 492 90 380 350 83 247 260
-6 -21 -4 0
-15 -28 19 0
1 20 -3 0
29 14 -9 0
-14 7 -21 0
26 14 -1 0
10 -11 -24 0
8 -20 -30 0
-27 28 -2 0
-25 -26 -18 0
-28 -13 -2 0
8 14 5 0
-28 -23 -26 0
-25 11 -6 0
30 10 29 0
-12 -14 -9 0
30 25 24 0
20 4 2 0
-25 -8 1 0
-27 20 8 0
18 -24 4 0
-6 30 -24 0
17 1 24 0
-26 -18 -11 0
11 -15 6 0
9 23 12 0
-25 6 -16 0
-29 26 15 0
-20 -17 27 0
-22 29 -14 0
16 -9 1 0
-23 -5 -15 0
15 -24 -16 0
-6 29 -15 0
10 -11 16 0
-29 18 22 0
3 24 -10 0
13 -3 -7 0
8 18 -1 0
-2 -5 7 0
-21 24 -19 0
21 -14 24 0
-21 27 -24 0
2 28 -21 0
14 1 -5 0
-29 10 22 0
-10 -30 -6 0
-25 -5 -9 0
2 5 1 0
14 21 -18 0
