c instance by G2
c solution = 111011100100011000100010110000
c Known solution cost is 6749 
p cnf 30 50
w 35 343 272 469 258 449 168 429 144 21 118 57 272 294 373 261 353 152 339 316 181 79 289 254 111 204 42 49 314 103
22 -2 -21 0
-27 11 -5 0
5 21 28 0
-4 -26 -25 0
-29 16 -25 0
-7 -12 17 0
-17 30 -14 0
19 -26 -2 0
28 21 26 0
11 18 10 0
-8 14 -26 0
16 -28 27 0
-16 -7 -30 0
-30 27 17 0
-28 -13 6 0
28 5 -6 0
-29 -23 3 0
-7 -25 -18 0
-10 -4 -16 0
-14 23 28 0
-3 18 7 0
17 15 -25 0
-10 -23 3 0
21 2 27 0
12 -17 -23 0
-23 -2 10 0
28 19 22 0
9 30 -8 0
29 -5 -24 0
-10 27 14 0
-20 -15 -10 0
-13 22 -16 0
23 -15 -20 0
17 11 1 0
15 23 19 0
10 -18 -4 0
-20 27 2 0
-13 -6 -15 0
-27 30 -10 0
27 -16 22 0
16 28 6 0
-3 27 19 0
3 -23 29 0
-2 -14 -11 0
7 28 27 0
25 -23 -19 0
-7 -9 -2 0
-11 27 13 0
9 11 23 0
17 29 -22 0
