c instance by G2
c solution = 001001001001110000101100011011
c Known solution cost is 7446 
p cnf 30 50
w 240 177 427 414 208 2 179 280 407 467 139 177 135 348 186 264 317 453 8 220 49 114 43 262 446 355 130 339 461 199
-24 -6 1 0
11 -23 19 0
-29 -24 16 0
-28 -15 -9 0
19 -6 2 0
-18 -2 11 0
25 29 -16 0
-4 -12 -13 0
2 -23 1 0
-30 -19 3 0
3 -24 -5 0
9 24 -27 0
-26 18 -11 0
4 -15 8 0
-14 27 -13 0
12 -3 7 0
18 1 -2 0
21 16 15 0
3 -24 -28 0
4 13 -20 0
-9 -22 -7 0
-13 -4 -11 0
-12 -30 -17 0
18 26 16 0
-29 -14 -28 0
4 25 12 0
30 20 15 0
6 8 -14 0
-25 -14 -27 0
21 3 -9 0
-9 12 16 0
10 7 -8 0
10 13 -29 0
20 -29 -11 0
-6 -12 22 0
25 -5 -8 0
-1 18 17 0
-19 -26 30 0
11 16 14 0
-6 -29 -2 0
-26 -20 -12 0
16 -10 -14 0
20 7 -18 0
16 -20 19 0
-9 -13 -8 0
21 3 7 0
29 7 4 0
-9 -16 -27 0
-18 8 15 0
10 -5 -13 0
