c instance by G2
c solution = 001101010010111101101001110000
c Known solution cost is 7990 
p cnf 30 50
w 82 260 379 225 267 300 3 82 140 382 286 407 325 25 18 469 255 452 56 398 420 416 487 139 91 250 194 446 289 447
22 -14 -7 0
-19 9 -28 0
-29 14 13 0
27 21 -13 0
28 -19 8 0
-24 5 3 0
-6 25 10 0
7 18 -21 0
10 28 -12 0
-21 4 23 0
-13 -5 2 0
-20 23 -18 0
30 -4 14 0
-22 29 -14 0
-1 -11 -26 0
-1 -9 -6 0
-1 3 24 0
10 -13 -28 0
2 20 -17 0
24 -29 -15 0
1 -6 -29 0
-14 -28 -27 0
-28 13 17 0
7 -30 -1 0
2 4 23 0
27 -23 -11 0
-5 28 2 0
-16 4 25 0
-27 -19 -4 0
-12 -16 7 0
-21 26 -15 0
28 8 29 0
16 -11 7 0
-24 15 28 0
-26 -30 -24 0
-18 -22 26 0
-29 12 -4 0
6 -4 23 0
-10 13 -11 0
30 -16 25 0
10 20 15 0
-26 19 -18 0
-16 -9 -15 0
11 20 10 0
-11 -10 -24 0
20 13 -6 0
2 27 24 0
-2 -13 -21 0
16 -19 -15 0
12 -1 16 0
