c instance by G2
c solution = 011010110011111001101011111
c Known solution cost is 7514 
p cnf 27 50
w 133 265 475 290 490 261 425 394 340 390 204 317 239 365 369 318 347 164 402 91 81 16 303 413 227 78 117
-17 20 9 0
11 6 1 0
-14 -22 -24 0
-4 2 -11 0
-3 -25 -6 0
-3 -9 -22 0
18 -11 1 0
-25 -12 -1 0
-18 12 -23 0
-8 -9 4 0
-27 -22 9 0
-3 21 4 0
-3 -2 11 0
22 4 27 0
-5 22 19 0
2 -21 -11 0
25 -23 -24 0
-14 -27 26 0
2 12 27 0
-10 27 -26 0
23 -8 -26 0
-4 -11 -7 0
-21 17 3 0
22 24 -18 0
6 -2 -20 0
-10 -24 19 0
4 10 -16 0
25 -20 10 0
-3 20 5 0
-1 -3 -19 0
20 22 14 0
-26 4 -1 0
17 -7 19 0
-26 15 10 0
-7 -17 9 0
26 12 -8 0
9 -11 13 0
-14 -10 20 0
19 -2 24 0
-9 1 -24 0
-9 -8 -24 0
7 -19 14 0
-4 -24 -16 0
-27 -19 18 0
-7 8 17 0
27 -8 -1 0
-18 -24 3 0
-25 7 16 0
13 9 -14 0
8 -26 20 0
