c instance by G2
c solution = 110000001001001100011100010
c Known solution cost is 5922 
p cnf 27 50
w 200 474 35 483 251 179 136 324 276 19 473 428 64 253 135 154 23 138 59 107 356 40 55 194 250 450 366
-2 -1 -23 0
-14 -20 25 0
14 6 -11 0
26 -9 23 0
-25 -26 23 0
-8 5 -15 0
18 26 9 0
25 9 23 0
19 21 13 0
12 11 -23 0
-16 -20 -17 0
8 -27 -9 0
6 10 -5 0
-21 5 2 0
20 21 27 0
20 -3 -22 0
14 15 6 0
11 -15 22 0
-7 3 -9 0
-25 8 -16 0
-17 10 12 0
-10 -26 3 0
-22 26 -8 0
7 -12 -18 0
27 1 -22 0
-3 9 23 0
-9 20 8 0
3 -17 10 0
-10 16 25 0
21 13 -20 0
16 -9 -1 0
8 24 26 0
1 -16 -12 0
3 -4 -11 0
11 21 2 0
13 12 19 0
17 -16 21 0
-12 21 5 0
-19 -26 7 0
24 -16 -6 0
-3 -2 18 0
-24 11 -16 0
27 -23 9 0
-9 -24 25 0
-4 -16 7 0
-9 -25 -11 0
19 -25 3 0
-5 -9 -19 0
-13 17 -22 0
8 24 22 0
