c instance by G2
c solution = 010011011100001011010101000
c Known solution cost is 6178 
p cnf 27 50
w 390 249 141 55 356 326 464 148 158 7 126 22 404 96 364 74 201 200 143 161 480 73 386 205 450 200 299
23 5 -12 0
-23 10 6 0
17 -2 -15 0
27 -6 -16 0
-2 24 13 0
4 7 -12 0
14 -16 -27 0
-17 -7 26 0
-20 10 -22 0
14 -11 27 0
-24 -14 3 0
-2 5 4 0
2 -7 25 0
14 23 6 0
20 -3 -11 0
-9 15 27 0
1 23 -27 0
3 -10 -25 0
14 -18 -21 0
25 -26 3 0
-13 12 -18 0
-13 14 11 0
-5 21 -19 0
-9 2 16 0
7 8 -10 0
16 -15 20 0
26 -20 6 0
-26 18 -24 0
-23 -5 -8 0
-16 -1 -3 0
26 19 -14 0
-10 -1 -24 0
-14 -27 15 0
-18 -13 7 0
6 23 -3 0
20 25 21 0
7 -18 -4 0
-8 15 1 0
2 19 11 0
-3 -18 -14 0
18 12 21 0
14 -3 19 0
-17 -15 22 0
26 -16 -4 0
26 23 -21 0
2 -1 3 0
15 3 -1 0
12 9 7 0
27 -18 -26 0
-18 -15 5 0
