c instance by G2
c solution = 010000101000100010001001101
c Known solution cost is 7213 
p cnf 27 50
w 199 336 84 360 391 315 169 492 463 233 105 401 311 228 416 290 102 381 243 21 210 21 153 249 139 456 445
4 -10 16 0
14 -10 -7 0
-2 18 -5 0
-23 21 -8 0
22 6 -26 0
-25 26 21 0
-27 1 24 0
3 -15 4 0
-25 -23 3 0
-13 -22 21 0
2 -9 -10 0
-21 -27 -5 0
5 -2 -1 0
4 13 19 0
20 -22 -7 0
14 -25 27 0
-13 -3 2 0
-27 1 -12 0
-17 20 -6 0
2 4 7 0
-9 -1 12 0
5 -10 -21 0
11 -6 -16 0
7 14 11 0
-23 19 25 0
-7 -20 4 0
18 -3 -11 0
11 -24 9 0
22 4 17 0
-18 23 -9 0
25 7 12 0
1 -4 5 0
-2 -8 19 0
16 -1 4 0
6 3 25 0
-18 -16 2 0
-12 9 -25 0
-16 12 -2 0
26 -14 11 0
2 -24 8 0
-24 12 27 0
-8 9 11 0
-19 -13 16 0
-22 -13 -18 0
-25 5 -11 0
-3 -21 -9 0
-17 -27 -12 0
-16 -20 10 0
-3 -17 12 0
9 1 -25 0
