c instance by G2
c solution = 110000000010100101101000100
c Known solution cost is 7260 
p cnf 27 50
w 468 429 292 254 81 352 93 314 325 324 125 325 395 100 310 71 334 404 326 396 181 158 252 376 77 344 154
12 -18 1 0
6 -8 -10 0
6 10 -14 0
10 4 21 0
17 2 23 0
-24 14 15 0
-20 4 -12 0
-27 -16 22 0
20 22 -27 0
-4 12 -19 0
-6 15 9 0
6 8 -7 0
-3 -6 -15 0
-11 -21 18 0
13 11 -5 0
-20 10 7 0
-21 -5 12 0
11 -22 -26 0
3 6 19 0
-11 -20 14 0
-27 14 2 0
9 -7 -25 0
25 26 -11 0
-1 22 11 0
-4 25 6 0
-1 -6 4 0
2 4 -16 0
-19 14 16 0
-17 -18 -1 0
-21 25 13 0
14 -10 -13 0
11 -1 22 0
17 -4 -21 0
8 26 -15 0
-23 -21 4 0
1 16 19 0
18 -21 -11 0
17 -12 10 0
-13 -22 24 0
-4 10 18 0
-26 14 -1 0
13 14 -18 0
-9 22 8 0
8 -3 5 0
-11 3 19 0
5 6 -8 0
25 17 -15 0
25 10 -19 0
2 22 -3 0
-22 20 7 0
