c instance by G2
c solution = 100111100101101001010101001
c Known solution cost is 5459 
p cnf 27 50
w 428 242 23 282 150 164 19 115 387 401 39 243 332 131 4 108 6 351 337 12 264 490 117 254 105 177 278
26 -24 -9 0
-12 -5 4 0
-25 -13 -1 0
17 4 -20 0
21 10 8 0
22 -27 20 0
-21 11 17 0
-23 -24 -15 0
2 1 -5 0
19 27 -20 0
-27 -22 -19 0
11 13 -22 0
-24 16 -11 0
-10 -9 2 0
-4 -17 2 0
-12 -19 -25 0
9 -7 15 0
3 24 -17 0
-20 -16 -5 0
-25 26 -21 0
-2 -18 21 0
-15 -1 -14 0
19 1 -10 0
15 -7 10 0
-14 17 -12 0
-6 -10 5 0
9 6 8 0
-13 -22 -23 0
20 4 -14 0
-13 6 17 0
2 9 20 0
15 -11 3 0
7 8 25 0
11 -1 5 0
-4 14 24 0
13 3 6 0
17 18 -10 0
-8 -12 -15 0
9 12 17 0
-3 16 17 0
-6 20 5 0
3 20 10 0
-7 -3 -21 0
6 -7 -12 0
18 21 -1 0
-27 -17 -13 0
11 -17 10 0
27 -6 -22 0
22 -12 17 0
17 -27 -26 0
