c instance by G2
c solution = 010010101001101110010111111
c Known solution cost is 6876 
p cnf 27 50
w 291 267 378 178 455 469 337 351 282 131 160 30 178 375 172 436 211 272 41 276 268 259 215 100 175 394 175
5 -15 8 0
-26 14 20 0
22 -5 -7 0
9 -7 -6 0
-10 4 11 0
-22 -3 -12 0
26 17 -21 0
21 2 25 0
-7 9 14 0
-7 14 25 0
8 -1 -15 0
2 -26 -21 0
-22 15 -9 0
13 18 -1 0
-16 -2 -18 0
-7 -9 16 0
27 2 -7 0
-27 -24 9 0
24 -13 -16 0
15 -3 -6 0
-21 -14 2 0
-5 -20 2 0
-12 17 -11 0
23 -22 21 0
12 18 -24 0
27 -15 8 0
2 3 -23 0
8 -14 -20 0
5 20 -1 0
9 23 -2 0
-16 -19 -13 0
-5 22 -19 0
26 -22 10 0
27 -19 3 0
-8 21 11 0
-17 -18 -7 0
7 -2 -24 0
5 -22 17 0
-21 -20 14 0
-6 -7 -17 0
-27 7 -2 0
-15 -21 -26 0
-11 -9 -7 0
-17 -10 27 0
-1 20 -27 0
-4 19 -13 0
-23 -16 17 0
23 -7 -9 0
-7 -21 17 0
13 11 1 0
