c instance by G2
c solution = 110101010111000100001010010
c Known solution cost is 6795 
p cnf 27 50
w 451 164 498 44 81 197 54 64 219 180 198 461 468 77 315 17 242 497 374 144 216 417 197 164 243 475 338
-8 -7 -11 0
15 20 -18 0
5 -14 -21 0
10 8 -12 0
24 -15 -16 0
-4 -5 6 0
-20 -4 24 0
-8 22 12 0
-21 -27 3 0
27 10 -1 0
10 27 13 0
18 11 9 0
22 24 -3 0
4 -22 -6 0
1 9 13 0
5 -4 2 0
-2 -4 -7 0
-5 -20 -17 0
-5 -26 14 0
19 13 -17 0
-13 -16 -26 0
-23 12 22 0
8 22 -2 0
6 17 -21 0
21 -14 26 0
-24 22 -26 0
-18 3 -22 0
24 11 -18 0
-20 13 -16 0
24 26 -2 0
-21 22 -18 0
23 -12 17 0
4 -21 19 0
-24 20 25 0
20 25 21 0
-26 17 16 0
13 -20 9 0
19 -17 14 0
-1 -7 -16 0
-19 11 13 0
-3 27 15 0
-27 -8 7 0
-22 3 -4 0
-19 27 -21 0
-12 -9 15 0
24 -22 16 0
1 -14 11 0
8 1 -11 0
-14 23 -12 0
-25 19 13 0
