c instance by G2
c solution = 011001000010100000000001101
c Known solution cost is 7403 
p cnf 27 50
w 303 458 307 452 215 277 100 205 382 222 98 22 393 259 322 74 495 383 278 473 116 427 228 161 304 118 331
3 21 -22 0
-22 10 19 0
-25 -17 -20 0
3 4 -6 0
-16 10 21 0
-4 15 -3 0
-26 -19 22 0
-6 -2 -26 0
-5 8 14 0
-4 9 -21 0
-10 -27 -6 0
-23 20 11 0
20 -2 27 0
-21 1 12 0
15 -17 -7 0
-5 -26 -11 0
-18 1 13 0
20 -2 11 0
4 -10 -27 0
5 -12 -3 0
-14 5 26 0
13 -8 25 0
9 16 -1 0
-7 23 -24 0
10 -15 22 0
9 6 -2 0
-27 25 21 0
8 24 23 0
4 -16 -27 0
-20 22 -19 0
15 -20 8 0
-16 20 -4 0
-12 -25 16 0
-11 18 25 0
20 24 23 0
-19 -6 -25 0
22 17 -20 0
-5 -9 -8 0
-18 16 7 0
19 2 1 0
-24 11 10 0
-2 -10 14 0
9 22 13 0
19 -10 27 0
-2 -17 -3 0
23 -19 16 0
10 -9 23 0
1 5 -23 0
-25 -3 -8 0
13 -20 -27 0
