c instance by G2
c solution = 000101001010101000110100111
c Known solution cost is 7036 
p cnf 27 50
w 298 430 472 146 381 392 313 455 118 99 200 263 295 256 156 450 31 404 36 217 120 273 284 341 195 30 381
15 25 -2 0
-22 -17 11 0
-5 12 21 0
14 -1 -6 0
10 -7 -26 0
16 -8 10 0
20 9 11 0
14 -1 15 0
24 -17 23 0
-6 18 -12 0
13 21 8 0
14 -20 11 0
-22 11 -9 0
-24 -3 21 0
23 -14 6 0
14 13 -5 0
26 5 7 0
8 -11 22 0
8 -1 -12 0
-21 -15 27 0
22 -6 -3 0
-1 -26 -13 0
15 17 14 0
-3 5 -25 0
-18 12 -15 0
16 17 9 0
12 -26 -24 0
-16 -1 -26 0
19 -9 21 0
-19 -13 -12 0
21 -14 17 0
6 -8 14 0
-10 -27 -6 0
-21 16 2 0
21 -5 27 0
-10 17 -26 0
20 5 23 0
-14 -4 22 0
10 -4 -23 0
-16 -27 -25 0
8 4 17 0
6 -16 -26 0
-3 27 -2 0
9 -11 5 0
-13 21 27 0
11 12 -9 0
-4 8 25 0
-27 -26 -2 0
-2 -22 3 0
-11 5 6 0
