c instance by G2
c solution = 011000111011000111001110101
c Known solution cost is 6505 
p cnf 27 50
w 117 177 395 262 115 147 349 332 110 248 71 497 185 472 59 277 158 110 493 257 157 197 95 128 164 468 465
-9 10 -19 0
-1 20 26 0
24 -10 13 0
-22 -27 -24 0
15 -11 9 0
-3 -9 12 0
-18 19 -6 0
19 -16 18 0
-5 -22 -11 0
11 -23 -9 0
-10 -7 -2 0
-11 -13 -16 0
-11 10 -19 0
8 4 -16 0
24 21 -7 0
27 -13 -7 0
-7 -11 16 0
3 -17 -22 0
3 -13 22 0
-13 -14 7 0
-21 -16 -20 0
4 15 -14 0
17 22 -13 0
4 18 6 0
26 8 19 0
-15 1 -11 0
1 -22 27 0
-26 -8 4 0
12 -26 -22 0
-4 -18 -25 0
19 -8 12 0
-10 -1 5 0
1 6 18 0
25 11 14 0
23 20 8 0
-7 16 -9 0
23 -9 14 0
5 -17 22 0
16 12 -1 0
-21 1 7 0
15 -5 3 0
-12 7 -9 0
20 23 -14 0
15 -14 6 0
5 -27 17 0
3 -15 -6 0
25 -3 -12 0
8 7 5 0
15 -6 -25 0
-16 2 -8 0
