c instance by G2
c solution = 000111101011110111010011101
c Known solution cost is 5650 
p cnf 27 50
w 419 225 180 94 479 349 274 286 58 20 132 70 142 70 251 120 5 219 117 255 293 108 76 396 323 232 457
-6 -25 20 0
-14 19 -15 0
14 -23 26 0
-15 -11 10 0
-6 4 -25 0
-16 -13 23 0
21 5 -12 0
-20 1 9 0
-5 25 13 0
-6 26 18 0
6 -9 -5 0
24 3 -9 0
-20 11 -10 0
19 -1 -26 0
-26 -27 22 0
10 -12 -1 0
21 -9 7 0
17 -8 -2 0
-24 -17 -21 0
-4 19 -8 0
1 -8 6 0
-8 -5 -17 0
10 7 21 0
-15 -6 -11 0
-26 -22 -27 0
21 -3 -11 0
23 9 -8 0
3 21 27 0
-2 15 8 0
-11 13 -6 0
-24 -21 26 0
-24 -22 8 0
-10 -18 -7 0
-6 -22 -11 0
9 -15 26 0
8 -16 25 0
22 -19 -12 0
16 -14 -5 0
11 21 -24 0
6 -20 1 0
5 13 -14 0
21 12 -23 0
-10 -18 24 0
8 -16 17 0
-13 16 -6 0
26 6 21 0
-16 -10 -19 0
2 19 -21 0
21 -3 -18 0
27 19 2 0
