c instance by G2
c solution = 110110000100110101010001100
c Known solution cost is 7674 
p cnf 27 50
w 72 243 491 83 261 55 423 469 180 429 284 43 136 267 366 33 425 439 328 223 418 378 452 219 284 225 448
10 -5 -15 0
2 8 22 0
26 -4 13 0
-24 -23 -14 0
-18 -14 -19 0
20 -27 9 0
-13 16 -26 0
15 27 -6 0
-24 -13 16 0
-13 17 1 0
5 -25 11 0
-9 12 25 0
-18 26 13 0
13 -6 18 0
-1 20 26 0
12 -10 -21 0
-14 -13 4 0
9 -3 -15 0
-19 -6 9 0
-14 -9 -2 0
-9 25 10 0
2 15 4 0
-6 -24 21 0
-27 9 -18 0
14 -25 -5 0
24 5 -20 0
22 8 -23 0
-23 -21 24 0
-25 -26 5 0
-11 19 -24 0
-3 21 12 0
-26 -10 -25 0
-14 -13 -17 0
2 -1 -7 0
27 -8 17 0
-7 -4 21 0
17 -21 -24 0
24 -25 27 0
2 26 -1 0
25 12 7 0
-14 11 -23 0
7 -4 24 0
3 -15 8 0
-12 14 -4 0
4 8 15 0
11 -10 -26 0
-14 -18 10 0
18 9 -14 0
-22 -4 19 0
-10 -12 27 0
