c instance by G2
c solution = 110000000010010100100001101
c Known solution cost is 6999 
p cnf 27 50
w 177 244 361 389 62 397 227 192 189 423 202 87 148 39 414 466 464 70 236 335 115 272 373 327 370 95 325
17 -3 10 0
8 -3 -25 0
6 -15 21 0
-5 -16 -6 0
11 7 -25 0
2 -24 -17 0
-21 -14 20 0
17 -4 -26 0
-14 -24 -9 0
19 -16 17 0
6 -19 -17 0
-2 14 18 0
2 3 -9 0
-20 7 4 0
5 15 25 0
-22 -9 -17 0
16 3 4 0
-5 7 -1 0
3 14 -15 0
15 5 -23 0
5 3 -8 0
24 -16 18 0
2 -24 4 0
18 -4 17 0
27 16 6 0
10 -12 20 0
20 17 27 0
-14 -10 -13 0
12 -22 18 0
-21 -16 4 0
-24 -10 4 0
-9 -6 -7 0
9 -1 -3 0
-18 3 -14 0
12 -7 -11 0
-2 -27 -5 0
12 -15 -10 0
13 -14 -20 0
20 12 -6 0
14 23 -7 0
-27 -8 12 0
19 9 24 0
-13 -1 8 0
1 -16 22 0
-5 11 -17 0
4 14 -9 0
20 16 -27 0
-20 12 18 0
-4 -20 1 0
-14 -26 22 0
