c instance by G2
c solution = 010100010100100010100011111
c Known solution cost is 7061 
p cnf 27 50
w 167 246 214 458 486 343 49 206 372 347 245 160 100 36 129 268 381 196 445 339 120 307 342 273 89 303 440
3 -17 -5 0
19 1 -24 0
-3 -6 15 0
18 -4 -7 0
-24 14 27 0
16 -9 -2 0
-23 -27 -3 0
-24 12 -20 0
-4 21 23 0
-1 -24 16 0
-6 -20 7 0
8 -19 -4 0
5 -2 -1 0
4 10 22 0
-6 -8 12 0
-11 20 8 0
13 11 9 0
-7 -11 27 0
-8 4 6 0
20 14 -7 0
4 -2 15 0
2 -25 -8 0
-14 20 -4 0
-12 1 -26 0
24 11 14 0
-26 1 -5 0
-19 21 -18 0
17 3 -8 0
25 1 16 0
9 7 4 0
-1 27 5 0
-22 27 -12 0
-13 -14 3 0
-6 -7 25 0
-2 -21 20 0
-4 14 -20 0
-15 1 -6 0
13 -2 3 0
10 -27 22 0
-7 -19 22 0
-25 3 -6 0
-18 17 -21 0
18 -16 -12 0
20 -16 -26 0
-8 -22 -4 0
-17 26 -24 0
3 -26 25 0
-4 7 -11 0
1 27 -20 0
-17 -2 -15 0
