c instance by G2
c solution = 00100010001100011011110111001010
c Known solution cost is 7372 
p cnf 32 50
w 245 364 162 127 320 97 48 114 24 122 451 236 434 245 387 352 234 284 358 331 81 156 48 96 246 496 162 319 71 121 314 327
-21 7 -31 0
6 -22 3 0
-24 -19 25 0
23 -16 29 0
-11 -1 27 0
-19 16 -21 0
3 7 -9 0
-18 7 10 0
26 -22 20 0
27 26 10 0
11 18 6 0
-4 31 -30 0
-17 21 -11 0
-15 1 -16 0
-5 -25 15 0
-14 -6 -19 0
-15 22 -27 0
30 -9 -26 0
4 27 -2 0
-25 -24 20 0
-4 -8 -21 0
30 -20 24 0
-20 8 -23 0
-7 -23 -18 0
14 27 -30 0
-23 -24 22 0
-20 -15 -29 0
-12 -16 7 0
-12 -32 -19 0
-14 -29 -25 0
31 -21 -20 0
-8 -3 10 0
23 -22 -9 0
-7 19 5 0
-14 -22 8 0
17 -3 4 0
22 -12 6 0
-19 28 -1 0
23 -4 5 0
-9 -18 10 0
-16 -18 15 0
5 -28 21 0
-10 -19 1 0
13 -28 18 0
-7 12 8 0
32 12 27 0
11 4 -27 0
-27 13 -11 0
27 -13 -19 0
-12 -7 -6 0
