c instance by G2
c solution = 10111100101111100110110101111011
c Known solution cost is 7293 
p cnf 32 50
w 367 139 112 117 356 25 195 183 132 364 490 33 460 420 402 462 271 133 11 269 386 7 243 185 425 207 249 28 166 15 282 159
-17 -15 22 0
25 30 29 0
-26 16 11 0
28 17 9 0
23 -10 -5 0
-20 -11 2 0
-27 4 -14 0
-7 -29 -6 0
29 -6 -18 0
4 25 5 0
-16 -4 23 0
-31 -16 -7 0
30 16 9 0
2 3 -6 0
-18 -19 31 0
20 28 23 0
25 -18 -17 0
16 -18 1 0
-11 -25 10 0
-7 -15 30 0
9 22 32 0
26 32 -11 0
30 2 18 0
12 16 -22 0
-2 -14 -21 0
7 -30 -6 0
-19 -23 -24 0
16 13 7 0
25 6 -18 0
2 27 12 0
22 -29 -18 0
2 -29 26 0
-27 24 -4 0
-22 16 5 0
14 27 -23 0
-20 -31 14 0
27 -5 2 0
-5 -8 -24 0
19 -29 7 0
-18 -15 -16 0
-27 9 17 0
10 21 -9 0
-26 -19 18 0
15 -12 8 0
-20 9 3 0
13 -19 28 0
16 10 32 0
-3 32 8 0
-19 -17 6 0
-4 -5 14 0
