c instance by G2
c solution = 11010010011100010001101011010100
c Known solution cost is 7994 
p cnf 32 50
w 135 397 127 42 43 130 181 343 373 494 359 409 298 167 185 302 401 297 253 317 93 489 135 410 426 20 36 352 5 267 360 148
-22 -2 3 0
-11 -17 -5 0
24 -20 -8 0
-24 16 -27 0
-7 28 5 0
-7 5 -22 0
12 -21 32 0
27 2 14 0
-25 -18 14 0
-21 -14 -23 0
-1 -10 -6 0
-29 -10 3 0
-7 10 -19 0
23 -4 19 0
14 -1 -29 0
-20 -15 13 0
27 13 -32 0
28 -12 -6 0
18 -27 -4 0
-30 4 6 0
-24 -28 5 0
-2 -29 -26 0
1 -21 15 0
13 5 -14 0
-15 -32 -31 0
13 -19 -16 0
25 -23 14 0
23 -2 -22 0
32 31 10 0
18 29 30 0
-26 16 32 0
24 -7 11 0
9 12 22 0
32 -11 26 0
-14 3 -7 0
32 18 -13 0
25 -1 -10 0
3 -26 -17 0
-1 19 7 0
20 -2 18 0
-28 17 -32 0
21 -28 14 0
-25 27 -3 0
-31 25 -22 0
-27 -18 -14 0
-13 32 28 0
17 -31 13 0
-25 -9 -26 0
9 10 -14 0
-11 -16 -5 0
