c instance by G2
c solution = 11110100101111011101011100111101
c Known solution cost is 6723 
p cnf 32 50
w 291 150 22 286 146 326 79 377 397 423 12 112 115 20 341 320 14 275 325 13 98 290 129 316 115 95 347 416 96 96 250 431
-29 -15 -23 0
2 -31 7 0
15 -4 -7 0
9 19 -22 0
-3 -12 -19 0
-22 15 -21 0
3 10 13 0
27 -1 -14 0
20 -12 -22 0
32 -19 5 0
26 16 10 0
5 22 19 0
-8 -18 -4 0
-5 -14 -27 0
24 -1 5 0
30 -6 -28 0
20 4 28 0
12 4 -24 0
7 6 -31 0
32 -29 -9 0
-4 15 29 0
16 -21 -2 0
-24 -17 -10 0
-5 21 4 0
1 -13 -11 0
-13 -28 -26 0
-14 -23 12 0
-32 -19 -23 0
-14 4 10 0
2 -3 31 0
3 20 9 0
-31 -26 16 0
-3 -12 -31 0
19 24 -16 0
1 17 5 0
8 -3 18 0
-11 7 17 0
-6 26 11 0
2 -19 18 0
-16 31 14 0
-11 -5 -6 0
17 -25 3 0
-21 -30 5 0
-9 5 4 0
-11 26 13 0
8 3 -28 0
-20 -6 23 0
6 -12 -17 0
8 -29 -25 0
-2 25 28 0
