c instance by G2
c solution = 10001111101101100111100110110100
c Known solution cost is 8567 
p cnf 32 50
w 366 412 36 381 382 6 337 396 262 284 198 354 158 260 104 382 97 399 492 15 321 215 348 62 286 355 328 367 186 12 386 380
2 -3 13 0
-22 -30 -15 0
18 5 -13 0
4 14 10 0
-31 4 -9 0
6 -17 -25 0
-23 -21 22 0
-3 11 -7 0
-9 11 -30 0
24 23 -30 0
11 29 4 0
-19 -2 -1 0
31 -11 7 0
27 -17 -31 0
28 -7 -20 0
-21 15 -1 0
6 3 -1 0
-8 18 -14 0
13 -25 20 0
-19 28 3 0
-20 9 3 0
-17 -13 -5 0
-13 -7 26 0
2 25 -1 0
-6 23 -16 0
27 -15 16 0
17 -9 1 0
19 17 14 0
-29 17 3 0
-26 4 -6 0
32 30 -20 0
-6 -4 -27 0
19 26 22 0
-16 -7 23 0
16 26 -4 0
-9 -1 21 0
7 22 -14 0
-9 23 -32 0
24 -30 -13 0
-10 2 31 0
-23 -1 -5 0
-10 -12 13 0
27 1 32 0
8 22 -9 0
-4 -8 -21 0
-15 -28 12 0
-27 -19 5 0
-17 10 -19 0
3 19 32 0
-20 8 -14 0
