c instance by G2
c solution = 11101011000001000011010111101000
c Known solution cost is 6948 
p cnf 32 50
w 36 78 31 427 218 176 203 423 143 347 59 57 469 355 222 206 121 80 341 212 307 319 399 94 209 37 226 425 158 40 71 459
10 -22 5 0
-18 4 23 0
-25 -2 -17 0
-17 22 -32 0
-7 -15 27 0
-25 10 14 0
-16 -5 4 0
-14 -11 6 0
-21 12 -3 0
26 13 -2 0
-9 21 -2 0
-7 -5 -16 0
8 32 -2 0
8 -2 3 0
12 -1 27 0
-5 -20 25 0
21 30 -4 0
24 -5 12 0
32 -3 7 0
-26 17 1 0
-8 19 5 0
-6 13 9 0
3 12 31 0
10 28 -30 0
-25 30 -12 0
-4 -11 -29 0
25 -15 26 0
-23 -29 -20 0
21 27 29 0
-8 -21 9 0
-15 30 31 0
19 17 28 0
12 28 29 0
-1 -4 11 0
28 -14 -31 0
11 26 -7 0
30 27 21 0
6 -31 -5 0
-24 -32 14 0
-14 20 16 0
-20 12 -9 0
-28 -8 17 0
4 24 16 0
-25 -10 -20 0
31 22 -7 0
-23 -7 -26 0
-26 -13 -20 0
-24 -7 22 0
2 -20 4 0
-5 -32 -8 0
