c instance by G2
c solution = 10111110110010011100100101111100
c Known solution cost is 8760 
p cnf 32 50
w 406 114 142 271 367 392 314 292 475 381 250 200 158 260 110 344 383 461 182 157 114 324 359 360 399 403 85 120 366 373 157 41
6 14 25 0
-5 27 -26 0
-10 28 11 0
-17 9 -24 0
-15 14 25 0
26 -27 10 0
14 -6 17 0
-32 -20 6 0
18 -32 19 0
-28 -14 31 0
-13 11 -31 0
-11 -5 -21 0
16 32 -4 0
-22 25 -18 0
19 -10 17 0
-5 -20 -6 0
12 -1 -25 0
11 -29 18 0
-8 31 -1 0
-27 6 -3 0
24 -13 -5 0
-6 -18 -32 0
-13 30 17 0
-32 6 4 0
-19 12 -1 0
-26 8 10 0
14 31 4 0
-20 5 13 0
-28 -1 29 0
25 -6 30 0
-29 24 -6 0
-16 -7 21 0
-11 31 -32 0
2 5 -16 0
25 -3 -12 0
-21 -19 25 0
31 -11 13 0
3 23 -18 0
-23 -7 -27 0
22 5 -27 0
-18 -29 13 0
16 -2 -9 0
-6 -12 -19 0
-25 -6 28 0
-30 -8 -9 0
26 31 8 0
25 7 8 0
-10 6 25 0
-7 -28 -2 0
32 -29 1 0
