c instance by G2
c solution = 01100100111110000111100000100011
c Known solution cost is 7492 
p cnf 32 50
w 142 331 240 230 138 31 301 470 497 136 276 424 13 301 91 320 62 51 36 115 400 48 114 437 84 217 347 481 457 31 442 229
14 -28 7 0
14 -15 25 0
16 -10 27 0
-32 -17 -1 0
1 32 -13 0
6 -11 -10 0
-19 -30 -18 0
31 -18 -9 0
-19 -32 3 0
3 5 14 0
5 -2 13 0
-4 -1 30 0
3 -1 -27 0
-25 23 5 0
9 17 14 0
22 -10 3 0
25 -7 -6 0
-31 -1 22 0
18 -10 -3 0
-28 21 5 0
-16 7 17 0
7 5 11 0
28 -6 2 0
22 -3 -17 0
-2 -23 25 0
-5 -13 -12 0
-32 5 -22 0
30 -5 31 0
10 -4 23 0
-1 -22 -9 0
16 28 -8 0
-7 26 23 0
30 20 26 0
24 19 -26 0
-14 -32 -18 0
-13 -14 1 0
15 1 12 0
15 -24 1 0
-31 -29 16 0
17 7 -15 0
31 -2 23 0
-2 11 -12 0
-2 -9 6 0
-9 10 1 0
-6 26 19 0
2 3 -23 0
-2 -26 -21 0
30 28 -4 0
16 -21 -23 0
-6 21 24 0
