c instance by G2
c solution = 00010100111100000001101110100010
c Known solution cost is 7386 
p cnf 32 50
w 307 126 29 263 408 236 272 199 104 473 90 182 375 37 249 399 388 251 292 77 183 31 450 41 166 492 435 24 447 151 15 194
11 5 -19 0
-31 26 -18 0
27 3 2 0
9 14 -25 0
14 3 -13 0
-15 7 32 0
-13 4 12 0
-4 29 -26 0
16 -22 -6 0
-13 -28 -24 0
10 29 15 0
16 18 21 0
19 -32 -14 0
29 -27 25 0
29 26 -22 0
-26 -23 2 0
-29 -31 20 0
3 -24 -8 0
-12 -9 25 0
4 22 18 0
-10 7 21 0
-7 -4 -10 0
3 -17 -29 0
-20 -14 15 0
11 26 -13 0
-2 1 26 0
28 19 -14 0
17 -1 -12 0
-12 -21 -29 0
8 11 -10 0
24 -6 -21 0
-27 -30 -23 0
-15 17 -2 0
-31 8 -5 0
13 -25 -19 0
-24 20 -6 0
1 22 -30 0
6 13 -12 0
7 -23 31 0
23 8 16 0
17 12 -21 0
26 15 -17 0
2 -17 18 0
8 -28 -25 0
-32 14 18 0
-31 -20 -16 0
3 13 -15 0
1 14 -3 0
27 8 30 0
-15 -17 4 0
