c instance by G2
c solution = 10010110001001110100101100111111
c Known solution cost is 7930 
p cnf 32 50
w 129 331 187 243 336 11 386 79 217 26 53 259 299 462 25 429 161 233 253 337 371 99 182 414 485 226 46 53 342 435 478 343
6 -7 -29 0
29 3 13 0
-3 -24 -23 0
-23 -3 31 0
20 -4 -2 0
-16 10 -19 0
-16 21 -15 0
9 -26 -32 0
25 -16 27 0
18 -4 13 0
-30 7 -23 0
28 26 -31 0
-23 -7 -9 0
15 -8 3 0
1 -7 -11 0
32 -23 5 0
6 -16 -31 0
30 -31 5 0
-23 11 20 0
-15 -25 16 0
-15 -13 -28 0
15 16 -29 0
2 -27 -17 0
-30 -20 10 0
21 -14 2 0
10 19 14 0
-24 -29 -22 0
-23 -4 -12 0
22 -1 -19 0
-27 23 9 0
24 -23 -11 0
9 22 -20 0
27 19 -31 0
-4 -5 -1 0
21 -9 14 0
-10 26 12 0
-32 -22 28 0
15 20 -1 0
3 29 6 0
20 4 -16 0
-7 -29 14 0
31 32 17 0
-23 7 -6 0
-26 23 -29 0
2 5 -8 0
-28 -7 11 0
-21 -6 31 0
20 -25 -4 0
32 18 -20 0
16 -14 -7 0
