c instance by G2
c solution = 11001000000001000001110011000001
c Known solution cost is 8656 
p cnf 32 50
w 383 5 22 410 393 135 274 468 81 400 27 420 422 478 130 243 288 230 250 50 453 458 216 393 340 153 486 60 468 398 39 83
-23 -22 19 0
-2 32 19 0
-20 -28 13 0
3 -6 18 0
28 -5 -15 0
-31 21 -20 0
-5 7 -13 0
-24 8 29 0
4 32 19 0
22 -25 16 0
6 5 13 0
2 32 -14 0
9 17 -31 0
6 10 -19 0
3 -16 26 0
-8 10 12 0
16 -29 4 0
-28 26 -13 0
-17 30 18 0
-22 -10 29 0
-2 1 24 0
17 30 -9 0
4 6 26 0
-31 19 24 0
10 -26 20 0
-30 19 13 0
1 25 -3 0
-7 3 -20 0
-27 -5 3 0
2 -11 -24 0
-15 1 16 0
-23 10 -28 0
-15 -13 -12 0
7 5 24 0
18 -1 -11 0
24 -20 -16 0
-3 4 29 0
9 23 21 0
25 9 7 0
-7 -12 1 0
-16 -14 9 0
16 8 -18 0
-12 -1 11 0
22 -4 25 0
-4 7 -22 0
17 -19 13 0
12 -6 8 0
17 -32 2 0
14 24 8 0
-13 -32 -10 0
