c instance by G2
c solution = 10100010110000111111100011011001
c Known solution cost is 6839 
p cnf 32 50
w 106 231 115 317 172 494 209 4 136 390 74 80 120 367 363 305 121 228 45 155 204 293 444 390 72 166 240 370 2 8 313 305
-26 -8 -22 0
23 4 28 0
27 25 8 0
-19 31 18 0
7 15 29 0
15 -29 18 0
-18 26 -10 0
4 14 16 0
-17 -6 -26 0
6 20 13 0
-16 3 12 0
-16 4 -13 0
25 2 17 0
-11 -18 5 0
11 -5 4 0
-14 5 -29 0
-28 7 -32 0
-12 22 -20 0
-12 28 26 0
1 22 -10 0
-28 32 22 0
-26 -24 -21 0
29 -21 12 0
15 4 24 0
4 -2 -29 0
-19 -18 9 0
27 -24 6 0
-22 -10 4 0
-4 21 5 0
21 -3 -1 0
-3 -8 5 0
-27 -16 -26 0
5 28 -19 0
-17 10 23 0
15 23 -24 0
20 21 -10 0
-15 -4 22 0
-25 23 -2 0
2 -8 -20 0
-19 -20 -31 0
23 16 2 0
-30 -18 -25 0
-12 -29 -9 0
24 19 -17 0
13 18 -16 0
-3 9 -32 0
24 -23 -10 0
32 14 -10 0
-18 -10 -24 0
12 -29 17 0
