c instance by G2
c solution = 00001111011101111001110100000000
c Known solution cost is 8789 
p cnf 32 50
w 445 280 334 195 27 395 436 300 489 457 22 164 472 101 250 461 77 293 131 27 58 280 309 492 12 225 193 344 344 473 249 454
2 18 -32 0
-17 -26 -6 0
26 32 -23 0
21 -26 -19 0
17 31 8 0
7 18 3 0
-20 -13 9 0
-25 -10 26 0
-15 14 13 0
8 9 29 0
-1 -20 -22 0
29 31 -30 0
-3 -15 -8 0
-26 13 6 0
6 18 29 0
28 14 -22 0
-27 -9 -18 0
27 16 -21 0
22 -25 11 0
-18 20 -3 0
21 -26 22 0
-27 11 -10 0
3 -27 -26 0
-7 3 -29 0
15 -11 23 0
-17 -16 -28 0
10 -4 -29 0
27 2 -31 0
-1 10 23 0
-5 -2 -6 0
5 -12 4 0
-27 -7 19 0
-9 -10 -16 0
18 12 -8 0
-8 -20 -4 0
14 7 -9 0
32 28 17 0
22 9 32 0
18 -19 -7 0
28 11 -15 0
20 13 32 0
-22 -10 24 0
15 -21 23 0
13 -17 -30 0
2 -11 -1 0
15 22 2 0
10 3 31 0
-18 27 -22 0
-16 3 21 0
-4 12 -32 0
