c instance by G2
c solution = 00100000101111111100111011111001
c Known solution cost is 6712 
p cnf 32 50
w 456 51 418 232 291 145 36 192 335 140 11 66 419 433 3 43 48 254 233 424 118 391 95 470 5 196 110 178 41 288 375 215
-9 -20 -21 0
31 -8 10 0
24 32 -10 0
-27 26 10 0
3 -32 24 0
-4 -17 -26 0
23 10 -17 0
2 -17 -5 0
30 -2 1 0
20 14 -17 0
22 6 -20 0
-21 15 -17 0
-23 30 17 0
-12 -21 26 0
26 -16 -18 0
-25 -22 13 0
-32 21 -13 0
-19 17 9 0
-24 -14 -13 0
29 -23 -13 0
-12 5 25 0
-11 -32 -19 0
28 -9 31 0
8 -26 -31 0
27 -32 -26 0
-11 -22 23 0
-22 7 9 0
8 17 -14 0
-7 -11 -16 0
-9 25 -17 0
-1 -11 -12 0
12 -24 -17 0
10 20 -6 0
7 32 2 0
22 23 12 0
-32 30 12 0
-21 -23 12 0
-5 -2 32 0
-17 -4 -7 0
11 15 -1 0
-10 -12 8 0
22 2 -28 0
-9 32 1 0
11 1 -15 0
-11 31 -30 0
1 -32 29 0
-26 2 18 0
17 6 -12 0
15 -1 19 0
19 16 7 0
