c instance by G2
c solution = 10111010101100000010100101111110
c Known solution cost is 9109 
p cnf 32 50
w 1 338 317 345 493 131 260 278 68 460 449 420 249 104 325 449 481 72 271 419 438 99 279 410 277 203 412 150 440 20 135 316
30 -1 -23 0
9 32 -21 0
-25 -30 -31 0
-15 -25 17 0
-12 -13 -27 0
32 -25 -28 0
21 -31 23 0
-30 -8 22 0
-28 14 -22 0
8 -29 27 0
-9 23 29 0
-32 -30 -27 0
-29 31 20 0
26 -24 -16 0
-16 14 -5 0
-31 -28 -23 0
-20 22 2 0
21 27 14 0
-18 10 -19 0
-24 -4 -14 0
5 8 6 0
10 -3 30 0
13 14 21 0
2 16 -20 0
-22 -5 -28 0
-17 -31 -5 0
28 -27 29 0
-12 3 -32 0
20 16 -10 0
-32 13 -30 0
-29 8 4 0
7 23 17 0
-15 -11 -12 0
-12 15 28 0
32 19 -29 0
19 23 -12 0
-23 21 5 0
32 24 17 0
1 18 25 0
12 -27 6 0
32 -3 -6 0
11 32 16 0
-2 23 16 0
-32 -2 31 0
8 15 5 0
-5 19 -8 0
-25 31 11 0
-1 3 17 0
15 9 -14 0
26 -21 13 0
