c instance by G2
c solution = 10110110111101101000000100010011
c Known solution cost is 7657 
p cnf 32 50
w 422 213 237 129 396 400 138 305 5 433 160 341 144 384 349 87 97 442 294 40 414 387 218 142 400 281 135 169 136 18 72 269
31 21 -9 0
-17 -16 13 0
22 8 -27 0
10 -1 -27 0
-5 -3 23 0
17 -1 27 0
-20 6 -23 0
-12 32 -16 0
-29 -10 -12 0
25 9 -7 0
-18 31 -11 0
13 26 -18 0
18 13 15 0
-23 19 13 0
6 23 27 0
-10 -1 11 0
32 -12 -20 0
22 -11 3 0
-11 14 13 0
-9 12 -6 0
27 -5 21 0
-16 31 21 0
18 -11 -8 0
23 22 -2 0
-1 6 22 0
10 16 -15 0
-6 32 -15 0
28 18 -3 0
30 -1 -21 0
5 -20 -28 0
5 22 -26 0
-6 24 -14 0
-21 12 -16 0
-28 -31 -26 0
-11 -19 8 0
-13 -32 10 0
-13 -11 -6 0
8 21 1 0
-17 -22 -9 0
24 27 -7 0
27 -30 -10 0
-20 2 -24 0
13 -20 16 0
-4 30 -25 0
2 -13 -1 0
4 26 -12 0
-17 8 32 0
-4 22 17 0
-14 1 29 0
7 -12 -28 0
