c instance by G2
c solution = 1010100110011101001010101001011000110110
c Known solution cost is 10698 
p cnf 40 50
w 341 277 68 443 359 91 287 221 141 122 392 316 182 201 173 453 227 78 429 368 499 455 431 169 451 256 17 128 57 353 121 381 488 214 495 112 471 11 211 209
-18 -36 25 0
-6 -13 37 0
-27 10 18 0
34 8 -6 0
7 -26 -39 0
3 -16 -25 0
24 -34 -28 0
7 39 37 0
-4 -8 -25 0
18 -11 -12 0
2 32 -29 0
22 38 19 0
10 35 -8 0
-15 -28 -8 0
29 -10 -4 0
37 40 23 0
-31 40 25 0
-39 12 -3 0
-7 -4 3 0
-13 -40 26 0
7 2 -24 0
19 -1 32 0
31 -38 7 0
-13 5 -31 0
22 -7 -29 0
20 -8 -33 0
23 -34 37 0
-37 -39 -35 0
36 -9 -25 0
-15 5 -28 0
-6 21 -23 0
37 -7 -31 0
16 -13 -9 0
-17 22 33 0
7 4 30 0
-16 -36 8 0
-32 7 -36 0
-27 -14 -30 0
33 37 9 0
24 -2 -8 0
-18 29 -36 0
-5 -20 -23 0
-10 18 -19 0
-14 28 4 0
-30 38 17 0
-36 14 15 0
1 40 20 0
-8 -1 21 0
-39 15 13 0
37 -35 -22 0
