c instance by G2
c solution = 1001111110001101010101010001101101111100
c Known solution cost is 8781 
p cnf 40 50
w 371 92 114 220 138 147 410 237 35 20 84 58 45 141 173 452 325 157 420 119 255 367 87 334 344 105 182 264 400 302 442 208 210 177 303 314 244 137 308 40
-11 18 10 0
-25 -13 15 0
-28 9 19 0
39 -1 -11 0
33 35 3 0
6 12 -19 0
-39 -22 23 0
-32 -6 -12 0
-32 -24 20 0
-8 7 2 0
19 -35 -3 0
-17 -38 -7 0
8 -34 17 0
13 33 12 0
-14 26 16 0
-2 -35 -29 0
36 -7 17 0
10 -26 -7 0
-40 -9 -20 0
15 -12 1 0
-4 13 -39 0
5 -32 12 0
14 17 2 0
-37 -23 -4 0
2 -10 -13 0
21 28 30 0
-28 30 -15 0
-31 3 -39 0
-21 -31 25 0
-30 -4 -36 0
38 -34 10 0
19 34 37 0
-19 -6 23 0
35 21 -14 0
26 -33 -4 0
-6 -31 -11 0
6 11 -28 0
22 12 25 0
30 -20 32 0
40 12 37 0
34 33 2 0
18 30 40 0
15 -17 -32 0
26 -18 31 0
-27 -7 -10 0
4 25 -6 0
-14 24 39 0
-18 -27 -5 0
-7 1 30 0
-14 -5 29 0
