c instance by G2
c solution = 1101110000100101011110000000100010011100
c Known solution cost is 11771 
p cnf 40 50
w 368 164 269 388 421 65 427 411 330 385 270 444 458 164 406 210 237 6 28 419 388 75 445 434 12 463 470 431 236 81 386 230 296 185 260 446 492 21 199 351
27 36 17 0
-19 -8 17 0
40 18 -37 0
-6 20 25 0
27 -40 25 0
-15 27 -14 0
-14 -16 -39 0
-33 -40 23 0
-37 19 40 0
-7 -35 17 0
29 -38 -6 0
-18 -30 17 0
3 -28 30 0
12 -33 -10 0
-18 6 -11 0
-37 -2 1 0
-11 -7 -37 0
30 33 -38 0
-24 -5 -1 0
-16 3 -35 0
-5 -23 25 0
26 34 2 0
39 12 -15 0
-11 9 37 0
-22 28 -11 0
-38 -25 17 0
7 -16 14 0
35 -33 -34 0
-12 -38 26 0
-18 23 -13 0
-2 27 -25 0
6 24 9 0
34 -26 24 0
-30 2 -21 0
-3 27 10 0
22 4 13 0
-6 28 38 0
9 -11 -34 0
-31 -6 -37 0
-16 21 32 0
26 -32 15 0
-38 13 -27 0
-9 32 -18 0
35 -6 -8 0
-34 -3 7 0
-17 10 35 0
-14 11 -20 0
16 7 3 0
28 -37 -7 0
30 34 5 0
