c instance by G2
c solution = 1101101010111100111010011101010001001000
c Known solution cost is 9822 
p cnf 40 50
w 212 439 96 7 415 227 453 428 2 306 73 268 395 78 215 128 405 311 331 328 217 112 264 77 82 314 456 302 105 78 91 275 191 183 488 453 79 135 366 437
18 33 -2 0
32 37 -28 0
-33 -30 -28 0
-37 15 18 0
-10 33 -11 0
-7 -22 -26 0
26 -2 -34 0
-34 15 12 0
30 -11 36 0
-32 35 -19 0
16 -4 -20 0
35 9 -2 0
36 -17 28 0
-11 29 19 0
3 -7 13 0
10 -37 -40 0
34 -12 -14 0
-5 27 -16 0
20 24 -18 0
27 -9 18 0
-5 -31 -18 0
10 38 -3 0
-5 25 32 0
-23 -16 35 0
-29 -5 -26 0
-18 39 21 0
-37 4 -30 0
39 3 11 0
23 -35 20 0
-5 23 -8 0
-15 10 -17 0
21 23 28 0
5 -34 -4 0
-38 -37 3 0
-13 -27 32 0
-21 7 -4 0
14 23 -12 0
-5 -36 -9 0
-23 -2 35 0
25 -11 -9 0
3 33 2 0
1 -26 10 0
-21 -20 -17 0
38 8 -6 0
-39 -19 36 0
-10 -14 -12 0
-17 -12 4 0
-30 36 12 0
33 -15 18 0
17 32 -12 0
