c instance by G2
c solution = 1100100101010111101010100010001100100011
c Known solution cost is 9930 
p cnf 40 50
w 219 490 332 214 467 240 448 197 464 177 7 59 360 475 101 257 278 386 414 119 71 108 145 324 42 28 280 196 256 458 465 277 22 373 295 100 61 270 434 21
-19 2 4 0
-15 8 26 0
21 -13 -18 0
-34 -27 -40 0
12 28 29 0
24 17 38 0
-12 30 40 0
-32 -4 26 0
30 -11 25 0
25 4 32 0
23 -16 4 0
-5 1 36 0
-17 -25 28 0
-29 18 38 0
-22 13 -12 0
35 -13 19 0
-26 23 13 0
-24 -5 33 0
39 10 -1 0
17 27 9 0
27 -12 26 0
33 37 -28 0
-26 -40 -38 0
-19 7 15 0
6 35 38 0
29 30 -36 0
10 7 30 0
-15 18 -20 0
-10 -17 16 0
16 -8 22 0
-37 25 30 0
-16 -22 -2 0
-1 26 5 0
-38 30 7 0
23 3 5 0
36 -25 -19 0
25 -27 21 0
-7 24 37 0
-31 -21 -13 0
19 -1 -5 0
-5 -17 -9 0
-33 -5 -15 0
-23 -26 -27 0
36 -30 11 0
-6 3 30 0
-27 14 -10 0
34 -3 -15 0
-19 -35 39 0
18 -40 31 0
36 -18 -19 0
