c instance by G2
c solution = 1011101000000011010010010100101110011010
c Known solution cost is 11136 
p cnf 40 50
w 37 125 191 181 380 63 485 101 223 230 471 59 457 183 57 275 75 132 492 255 406 213 421 401 453 178 192 239 433 416 24 460 456 485 383 414 470 24 419 177
-17 -1 23 0
-24 -10 27 0
7 9 4 0
-18 5 36 0
21 -32 -5 0
8 -21 -14 0
-1 -36 -12 0
-2 23 -31 0
-15 38 7 0
-28 -21 16 0
2 29 -36 0
-33 39 28 0
14 -22 -29 0
18 -37 6 0
-31 -13 -1 0
-6 -33 -5 0
-3 -1 -23 0
-5 -35 7 0
5 -4 7 0
-29 -34 40 0
-28 32 -30 0
37 -4 -31 0
35 -39 15 0
-30 -3 26 0
-36 13 1 0
34 31 -33 0
-32 3 23 0
-29 -35 40 0
10 32 19 0
-3 -8 27 0
19 -21 5 0
4 27 14 0
38 17 32 0
14 33 -21 0
40 -20 25 0
24 -16 27 0
-14 -5 -27 0
2 -27 -31 0
-39 -40 12 0
-15 8 16 0
34 36 -37 0
26 35 -15 0
-39 12 -9 0
-18 -11 -15 0
-1 35 -38 0
-19 -26 12 0
-28 -16 -3 0
-7 27 -25 0
-30 -18 11 0
-14 -9 -34 0
