c instance by G2
c solution = 0001001000001001000010000011010000111101
c Known solution cost is 11146 
p cnf 40 50
w 345 233 431 399 329 407 376 477 316 355 320 63 101 332 363 333 300 485 383 64 206 385 453 318 300 113 196 172 78 245 385 340 340 242 312 108 163 20 261 97
3 -8 12 0
28 25 34 0
17 -7 -11 0
3 23 40 0
20 36 -40 0
-16 -1 -38 0
17 22 -18 0
38 18 -28 0
-3 29 39 0
39 26 -10 0
-35 20 -26 0
19 -17 18 0
39 -12 30 0
4 25 2 0
-40 -21 -31 0
32 -39 14 0
-38 -25 -4 0
20 16 23 0
-28 6 -5 0
12 -19 31 0
39 37 3 0
29 14 -2 0
37 -35 3 0
-40 -12 11 0
-9 26 24 0
-22 3 -35 0
18 -6 11 0
-21 -14 19 0
11 27 -4 0
-36 34 7 0
-13 -15 -14 0
-38 -3 -25 0
4 22 -30 0
-34 18 -36 0
30 29 -7 0
11 -23 6 0
-15 -37 -4 0
-38 -32 12 0
-19 -36 10 0
31 -21 35 0
-31 -15 7 0
21 -40 -16 0
5 -20 -7 0
-8 23 2 0
32 -16 -22 0
12 33 -29 0
19 -25 5 0
-24 17 -16 0
13 22 3 0
2 -37 -33 0
