c instance by G2
c solution = 1110010101011100010000101011100101000101
c Known solution cost is 11129 
p cnf 40 50
w 391 243 267 384 461 285 435 101 382 430 195 130 54 300 0 460 434 192 146 268 10 274 484 309 410 132 365 449 294 392 162 396 132 469 37 254 441 388 159 14
-39 17 -38 0
21 -30 36 0
20 -18 -37 0
-27 -10 -31 0
-22 29 -17 0
-40 33 23 0
17 33 1 0
12 20 35 0
-22 -14 33 0
29 3 6 0
-15 -6 9 0
-28 37 40 0
-2 7 -11 0
-32 -25 14 0
20 -26 16 0
-32 24 -17 0
31 27 4 0
2 -10 -18 0
-6 -5 26 0
25 -34 -29 0
-24 -20 -33 0
36 -8 -19 0
27 35 1 0
20 38 -7 0
16 -1 -26 0
25 -13 -10 0
33 -8 -7 0
-4 17 24 0
19 7 3 0
-29 17 -33 0
38 35 -23 0
-13 10 36 0
-20 4 21 0
-27 18 11 0
33 24 13 0
6 -8 16 0
8 37 24 0
-10 28 -12 0
12 40 -24 0
-8 -24 -22 0
29 31 -13 0
-2 -24 19 0
-3 28 -40 0
11 -27 -36 0
24 -35 -23 0
24 34 -13 0
24 -21 19 0
30 32 -8 0
-10 -32 -9 0
-16 -25 11 0
