c instance by G2
c solution = 1000111101001001101001011101000001001000
c Known solution cost is 9810 
p cnf 40 50
w 128 58 461 409 176 468 329 499 299 54 400 249 33 228 270 35 372 74 233 242 75 77 85 131 288 415 6 113 398 162 430 482 177 37 302 186 487 344 455 143
11 18 -29 0
-22 -4 -10 0
3 8 40 0
-13 -23 -24 0
3 -7 13 0
-24 -39 -7 0
31 -16 -15 0
-19 38 16 0
-33 29 28 0
-12 -16 18 0
30 25 40 0
24 18 12 0
-34 37 -28 0
2 -32 -7 0
19 14 23 0
3 -9 -8 0
-19 2 -20 0
14 3 -21 0
23 -31 -10 0
4 -14 -37 0
-4 12 -38 0
-2 3 12 0
-33 -7 -19 0
17 -13 -5 0
4 38 7 0
-13 -30 23 0
-11 35 30 0
21 15 -4 0
-16 32 -12 0
24 -5 -36 0
14 -34 22 0
30 -5 -35 0
-10 28 31 0
-19 -23 21 0
1 11 38 0
-10 -13 -33 0
27 26 4 0
24 -39 -12 0
5 39 -7 0
-37 4 -27 0
-25 -29 24 0
1 -30 -39 0
-26 -18 -17 0
-16 -22 -38 0
10 39 -17 0
38 -17 6 0
31 40 34 0
-28 -40 30 0
12 -24 -3 0
-36 -28 21 0
