c instance by G2
c solution = 1101011001100001000110101100101100100111
c Known solution cost is 10182 
p cnf 40 50
w 190 490 388 116 286 202 53 242 181 454 480 60 89 242 64 357 439 289 399 340 131 396 394 256 388 278 227 104 427 301 48 111 196 88 48 293 169 174 372 420
32 -34 33 0
-32 -27 15 0
-1 40 17 0
-1 -25 26 0
40 13 16 0
34 -30 13 0
8 1 18 0
-28 -40 17 0
-38 8 29 0
-37 -30 -13 0
-29 21 13 0
-2 32 19 0
-16 -23 -13 0
-10 36 23 0
-26 -36 -20 0
4 30 -29 0
2 17 18 0
-10 -37 -25 0
1 27 -11 0
37 9 16 0
31 -32 24 0
-14 5 17 0
12 39 24 0
-17 34 19 0
25 19 -7 0
-4 -19 -16 0
-29 -31 -18 0
10 17 -7 0
8 -33 -7 0
38 14 -25 0
26 -1 15 0
35 3 33 0
-21 -28 4 0
-8 -39 -29 0
5 7 36 0
28 -24 22 0
27 -16 6 0
-22 34 -31 0
-29 -8 18 0
17 -25 -5 0
-18 -9 -15 0
15 -3 -25 0
-39 28 25 0
14 22 20 0
-15 24 -25 0
-29 -28 8 0
-12 -38 19 0
-9 27 -7 0
-34 33 -29 0
18 11 -21 0
