c instance by G2
c solution = 1111000000110110000000111101000110110111
c Known solution cost is 8962 
p cnf 40 50
w 295 156 7 475 397 325 40 358 270 205 136 56 329 74 237 354 433 115 345 184 184 96 283 217 253 159 162 291 198 99 151 382 51 108 149 353 159 334 455 87
22 6 -21 0
21 -26 25 0
20 27 36 0
2 37 22 0
-28 -19 -2 0
5 -25 -18 0
-35 24 -14 0
34 -11 14 0
-27 8 13 0
-19 -22 -34 0
-25 -29 19 0
30 6 1 0
-14 5 15 0
-38 -4 -34 0
-33 7 38 0
-32 30 -13 0
28 18 39 0
28 -12 -9 0
-23 -10 -32 0
-1 5 35 0
-6 -1 13 0
-39 33 -35 0
28 -14 8 0
22 11 10 0
22 26 -38 0
29 21 -8 0
26 22 -17 0
-37 -13 19 0
-4 -31 -39 0
-13 -10 16 0
33 10 -31 0
-4 -15 -16 0
-9 21 30 0
3 6 -33 0
-24 19 -22 0
-30 -12 -38 0
-17 -15 21 0
-39 -4 -10 0
20 16 4 0
6 39 18 0
23 6 -14 0
-20 13 -12 0
37 34 -29 0
-25 9 3 0
12 34 13 0
-26 -36 -37 0
32 21 -2 0
19 -5 9 0
6 40 21 0
31 16 -7 0
