c instance by G2
c solution = 0000001101101111111011000100011001001110
c Known solution cost is 10293 
p cnf 40 50
w 410 193 336 290 376 75 199 188 485 177 253 322 18 392 144 149 317 112 452 16 398 80 205 444 44 247 404 409 145 60 474 373 289 110 64 390 359 430 434 30
-30 37 6 0
33 18 23 0
-13 -36 -16 0
39 -31 29 0
24 -30 -27 0
-4 -25 -30 0
6 16 -11 0
-36 -22 27 0
-17 -9 -18 0
-24 1 5 0
-26 31 -17 0
26 -35 36 0
-39 -40 27 0
-38 9 -25 0
24 34 12 0
-31 -17 7 0
30 5 -8 0
-10 22 -34 0
-17 -28 36 0
-19 -26 -29 0
-18 -15 -12 0
-31 -21 13 0
-16 5 10 0
29 8 -7 0
-3 -8 -26 0
34 4 -30 0
-4 -8 -15 0
-6 -17 2 0
-15 33 17 0
-33 36 24 0
-32 -19 1 0
-7 -30 -3 0
9 -39 14 0
15 4 2 0
-2 -16 4 0
-8 5 38 0
20 29 -1 0
-5 -16 3 0
26 -17 -30 0
29 -4 -19 0
35 -40 -15 0
19 3 35 0
35 -15 11 0
29 -35 9 0
3 21 -17 0
-19 -23 25 0
-19 20 -4 0
-17 9 -20 0
38 -13 -14 0
-29 -11 -20 0
