c instance by G2
c solution = 1100110110010011100101111000001101100100
c Known solution cost is 10164 
p cnf 40 50
w 462 439 58 453 33 210 452 323 55 288 231 335 7 302 151 297 342 36 393 135 319 156 423 357 426 363 260 372 48 139 456 84 236 341 293 207 242 17 61 362
14 -31 9 0
-25 12 13 0
32 -30 -21 0
-7 27 29 0
-8 -9 20 0
-12 -20 -19 0
17 -6 -18 0
-33 7 30 0
40 27 16 0
37 4 34 0
-14 7 -9 0
27 -23 32 0
-30 40 7 0
14 6 -9 0
25 13 37 0
-17 5 -34 0
35 -2 -17 0
-35 -12 8 0
15 -25 10 0
-39 -17 14 0
-31 40 -26 0
22 -32 21 0
-2 33 31 0
-8 -9 16 0
-20 -10 -6 0
40 -6 1 0
-23 -11 40 0
-31 -5 -13 0
-23 26 -3 0
-28 -34 -38 0
-11 -14 34 0
37 3 15 0
-30 18 -19 0
-29 40 -1 0
-28 24 21 0
11 -5 17 0
24 34 36 0
-4 -22 39 0
-20 10 -18 0
24 36 33 0
2 7 3 0
33 -21 29 0
-40 -1 -35 0
23 21 28 0
-6 4 -37 0
-20 38 36 0
2 37 11 0
26 -38 -36 0
-27 39 13 0
36 -30 -5 0
