c instance by G2
c solution = 10001000000011110011110001001001100
c Known solution cost is 8144 
p cnf 35 50
w 261 121 419 7 82 264 59 247 233 126 291 259 111 472 266 381 368 19 199 215 277 425 173 334 335 166 340 389 458 56 14 310 287 104 76
19 17 28 0
13 28 23 0
10 7 -24 0
-22 -9 35 0
7 22 27 0
4 -31 23 0
-5 -22 32 0
4 -26 19 0
-33 -27 31 0
-30 7 18 0
2 -1 21 0
-2 9 31 0
3 12 15 0
34 26 -13 0
4 18 33 0
35 -28 19 0
-33 -32 -11 0
18 -7 -16 0
15 -5 -14 0
-22 28 -10 0
-2 -14 -32 0
-19 2 20 0
-35 7 -33 0
6 24 -12 0
17 30 -28 0
-19 8 13 0
-3 -15 -16 0
3 -8 18 0
23 10 26 0
11 1 -33 0
9 -25 35 0
4 34 20 0
2 10 -23 0
-34 -8 -27 0
-13 -29 21 0
15 -27 13 0
7 31 14 0
-33 35 29 0
-11 34 4 0
11 9 16 0
6 -23 -24 0
25 20 -32 0
8 -15 -4 0
-31 -30 -11 0
-6 11 -13 0
-1 -25 7 0
9 11 -18 0
-34 -15 30 0
35 -17 -26 0
35 5 9 0
