c instance by G2
c solution = 11011010110010110111110100011100010
c Known solution cost is 9212 
p cnf 35 50
w 399 233 67 392 482 103 378 241 248 91 130 329 390 230 98 462 88 127 239 286 380 494 370 387 258 16 152 208 446 285 247 140 318 76 422
30 -18 7 0
28 23 26 0
22 6 8 0
-15 -18 -11 0
-22 -24 13 0
35 -32 12 0
24 -30 14 0
-16 15 -2 0
4 28 -24 0
-2 5 27 0
-21 35 -27 0
17 22 -4 0
-34 1 11 0
-1 16 33 0
-16 -18 30 0
-12 -1 11 0
-14 23 27 0
30 -7 -10 0
-6 -29 12 0
-13 14 -8 0
-24 -30 19 0
-21 -26 -19 0
9 -5 -15 0
26 17 18 0
-21 14 20 0
-16 -2 -3 0
17 -25 -30 0
-9 10 -20 0
9 -18 16 0
17 34 -9 0
22 19 28 0
-19 2 -6 0
-35 25 -13 0
15 10 -17 0
2 21 31 0
-21 -15 -27 0
-17 3 31 0
25 11 -14 0
-3 -20 -28 0
-29 -6 17 0
25 31 -33 0
3 4 -1 0
-7 29 32 0
-28 2 -21 0
-21 35 -23 0
31 26 29 0
-28 7 12 0
-18 -31 35 0
21 -9 -22 0
-21 32 34 0
