c instance by G2
c solution = 00100101010001111010100111000001010
c Known solution cost is 9633 
p cnf 35 50
w 165 1 485 251 41 355 311 433 201 400 300 52 321 326 485 318 45 50 403 324 208 131 339 244 422 273 267 130 208 129 352 333 472 406 452
-28 31 13 0
3 -8 -32 0
-19 -26 16 0
14 -17 -19 0
-26 33 24 0
22 -11 35 0
-35 -25 -32 0
1 2 -27 0
-22 12 -10 0
28 17 21 0
2 -18 22 0
25 -19 1 0
17 23 18 0
-5 -24 23 0
-26 5 -23 0
34 -17 12 0
-14 -27 4 0
-14 -31 35 0
1 7 8 0
-1 -34 13 0
-8 -7 -17 0
-30 -17 2 0
-20 -17 35 0
-12 29 8 0
31 -25 10 0
-10 15 20 0
-9 -10 28 0
6 -14 -15 0
-8 -25 -30 0
-26 -25 -13 0
15 -22 -11 0
1 -22 13 0
-26 14 20 0
12 -29 -16 0
-16 26 9 0
31 -24 16 0
-3 26 -34 0
12 -1 -5 0
-25 -2 31 0
-27 -14 -22 0
-15 -17 -12 0
-10 -33 -3 0
2 -4 27 0
-8 7 21 0
-7 -35 14 0
9 23 32 0
19 -6 30 0
22 -7 31 0
-5 28 -16 0
-34 -27 -11 0
