c instance by G2
c solution = 01110011000111111011101010101000100
c Known solution cost is 9413 
p cnf 35 50
w 277 38 117 259 402 387 224 227 283 367 77 87 7 240 330 374 192 379 111 316 276 205 323 356 420 277 465 91 288 368 474 171 463 280 262
-7 -31 34 0
26 16 -25 0
-28 24 11 0
30 25 -8 0
24 -1 -13 0
3 -16 -7 0
17 -22 -25 0
-32 -27 5 0
22 -24 -17 0
7 -12 -21 0
31 -3 19 0
15 -21 -27 0
18 -16 23 0
-6 11 -14 0
7 21 -24 0
-22 -23 9 0
20 -14 -21 0
-4 23 -2 0
2 -13 6 0
-16 -20 -10 0
-27 4 -16 0
-14 17 -15 0
-13 -23 -11 0
-19 29 -5 0
-26 11 -15 0
-35 -8 2 0
-2 -26 -20 0
-30 32 -27 0
-17 14 -29 0
26 -2 13 0
-29 11 -9 0
-8 -16 12 0
10 33 34 0
28 -7 -5 0
29 -28 -12 0
27 9 32 0
21 -8 -7 0
-20 -34 -12 0
29 18 11 0
-16 -10 11 0
18 15 30 0
32 -30 35 0
-24 34 -20 0
32 -21 8 0
-14 -18 -4 0
14 17 -4 0
-35 -2 -29 0
23 19 -30 0
-9 -24 3 0
32 -22 26 0
