c instance by G2
c solution = 01110010111111110111010001100011011
c Known solution cost is 9313 
p cnf 35 50
w 450 468 188 403 202 216 77 400 94 435 24 115 85 154 455 78 291 439 51 464 376 422 298 69 419 422 474 95 44 184 316 448 151 221 285
-34 -31 22 0
17 4 -12 0
-10 15 -11 0
-26 -1 29 0
-3 25 34 0
17 28 -5 0
-31 -30 -19 0
11 -27 13 0
33 -16 12 0
-16 -11 10 0
-10 -18 -8 0
-4 1 -28 0
-20 -3 -25 0
-32 -1 -4 0
33 -23 -15 0
8 20 17 0
5 22 -14 0
27 24 -26 0
1 -6 25 0
11 25 -10 0
-2 24 -17 0
26 25 15 0
32 23 19 0
-23 -15 16 0
-16 15 -10 0
32 24 -26 0
30 14 6 0
-12 -18 19 0
-15 -24 -27 0
-9 -33 -32 0
9 -15 -19 0
17 3 -19 0
-16 28 26 0
-29 -27 17 0
8 -16 2 0
-7 -10 16 0
-4 35 -3 0
-14 13 -19 0
31 -10 -34 0
-30 -35 -25 0
16 6 -15 0
-21 17 -16 0
23 30 7 0
-29 20 26 0
1 3 9 0
-12 11 -8 0
-19 18 -13 0
-31 -14 19 0
21 -17 8 0
-12 -25 17 0
