c instance by G2
c solution = 00011011101100011110010010001111010
c Known solution cost is 7633 
p cnf 35 50
w 195 183 88 32 352 225 81 42 211 260 90 369 275 410 360 181 168 276 42 5 163 336 81 157 264 141 335 146 276 249 255 385 248 327 425
-20 -5 -22 0
-4 31 -19 0
1 4 21 0
33 6 -35 0
-6 -34 -7 0
31 26 -18 0
27 -22 11 0
9 10 -32 0
-27 25 16 0
11 -24 26 0
-18 -32 -1 0
29 -11 28 0
21 14 -13 0
2 22 1 0
25 -22 34 0
-30 25 -5 0
-8 25 -5 0
-35 -34 -30 0
13 -3 30 0
7 23 21 0
-28 15 10 0
-17 6 -10 0
-32 -12 -21 0
-21 29 -33 0
8 -12 -34 0
26 -8 19 0
34 2 30 0
-11 12 27 0
-15 -5 2 0
-20 12 -9 0
1 34 -25 0
9 -7 3 0
-26 -5 -8 0
6 -23 -11 0
29 -26 14 0
-6 -8 13 0
19 20 6 0
-30 -7 -24 0
-14 1 -7 0
-18 30 26 0
18 -7 -22 0
2 16 -11 0
-5 -2 10 0
-30 -27 6 0
27 33 32 0
15 23 5 0
2 11 -32 0
-7 27 -33 0
-4 -3 13 0
17 3 1 0
