c instance by G2
c solution = 01100011110111101110011010010010101
c Known solution cost is 7465 
p cnf 35 50
w 175 164 111 480 173 425 230 210 31 84 281 247 188 116 49 47 342 120 8 238 152 13 390 352 412 76 420 160 13 179 352 0 421 336 470
-1 22 -28 0
17 -25 -28 0
14 6 -33 0
3 1 24 0
35 -28 26 0
25 -4 -13 0
-15 -18 -29 0
30 -10 -5 0
29 2 26 0
-13 16 10 0
26 3 -13 0
27 -21 -13 0
9 -12 -19 0
6 -32 -19 0
6 30 -20 0
20 -24 -22 0
-30 -10 -12 0
18 -28 -15 0
11 12 16 0
34 -6 20 0
18 28 30 0
-19 32 -34 0
-9 8 -28 0
-3 11 23 0
9 6 -2 0
18 34 20 0
-19 -15 -1 0
24 -11 -9 0
29 28 -33 0
-22 -23 7 0
24 -23 31 0
4 -10 33 0
9 32 -13 0
-4 -15 -22 0
-2 16 13 0
28 -14 -15 0
-31 -22 -30 0
-28 -3 9 0
27 29 25 0
-15 19 -23 0
-27 21 28 0
22 24 -8 0
24 -1 12 0
-31 15 -35 0
15 -22 -17 0
4 -2 -11 0
20 -26 -7 0
-2 -16 -14 0
8 -2 -22 0
6 -27 -28 0
