c instance by G2
c solution = 11101100110110011011110011011001011
c Known solution cost is 8761 
p cnf 35 50
w 135 128 444 322 36 12 200 416 228 123 346 258 326 247 259 24 223 88 154 165 476 77 397 487 373 497 271 267 291 105 362 2 110 437 475
-1 26 13 0
12 17 30 0
-24 -3 -25 0
22 14 -32 0
14 -20 -30 0
26 -2 4 0
-20 -8 11 0
-31 18 -34 0
-6 -7 28 0
6 27 -22 0
7 33 -27 0
-1 13 -19 0
-35 -27 19 0
-26 -12 2 0
13 -3 -23 0
17 -20 -13 0
-15 -12 -5 0
18 26 -5 0
-15 -10 -7 0
8 -35 20 0
-3 -27 -32 0
-21 -22 -7 0
9 6 -19 0
-10 -32 -23 0
-33 26 -18 0
27 -10 21 0
31 30 5 0
19 33 -9 0
25 27 -21 0
-35 28 -19 0
32 -2 30 0
24 34 23 0
-11 14 7 0
-21 27 16 0
-14 -22 -25 0
8 -33 24 0
29 5 -23 0
9 -19 8 0
-34 29 24 0
22 -32 11 0
-21 7 3 0
-21 12 -1 0
-35 33 25 0
28 -19 31 0
-26 -18 31 0
-16 10 -1 0
-1 3 29 0
1 -26 -16 0
35 -3 30 0
11 15 -4 0
