c instance by G2
c solution = 10110110011011111010001110000101011
c Known solution cost is 9086 
p cnf 35 50
w 435 274 107 347 197 18 491 6 55 87 233 474 23 428 460 292 94 308 356 335 469 120 319 395 8 35 185 241 345 471 236 331 339 242 330
-20 27 12 0
-30 33 -12 0
-17 -23 -9 0
-5 -1 31 0
11 33 -15 0
-18 20 -1 0
-27 12 -14 0
-12 -7 -17 0
-31 -34 -14 0
-15 -4 6 0
7 -8 1 0
12 1 -30 0
2 -30 25 0
-35 2 7 0
-2 -6 9 0
-23 -29 2 0
-15 7 27 0
12 34 32 0
24 -32 -18 0
31 21 11 0
-32 27 25 0
-6 10 29 0
34 18 -32 0
-8 27 -10 0
15 -30 -10 0
32 18 -35 0
-17 9 24 0
-19 13 -7 0
4 33 31 0
5 2 -26 0
-32 -15 30 0
35 -6 -17 0
23 -30 -19 0
-18 -14 -1 0
29 28 14 0
-7 -1 -28 0
18 9 3 0
-13 -4 19 0
24 -7 27 0
7 -18 27 0
-6 -22 5 0
-21 12 9 0
17 -13 -32 0
35 -17 -1 0
35 -30 9 0
1 9 -26 0
16 22 -3 0
-4 -33 20 0
10 -32 -23 0
-20 -17 -16 0
