c instance by G2
c solution = 10111010110000111101111100000100100
c Known solution cost is 8788 
p cnf 35 50
w 100 244 437 470 303 44 299 348 435 187 44 427 408 109 71 424 90 314 148 382 492 436 81 420 311 15 58 463 365 20 496 119 5 154 69
-19 -21 17 0
13 -25 26 0
25 -17 -34 0
10 -5 -17 0
-19 -33 -22 0
-21 -10 -32 0
-10 19 23 0
-2 -20 6 0
26 1 -19 0
2 -22 7 0
1 -30 -26 0
-27 12 -4 0
-28 32 29 0
29 1 -21 0
-9 -33 -26 0
-4 35 -28 0
33 -10 -23 0
13 -9 -35 0
20 19 25 0
14 -21 -12 0
-13 -16 -7 0
-5 30 -6 0
32 -30 -6 0
26 -3 21 0
27 4 26 0
-35 5 -2 0
-8 15 6 0
21 -12 3 0
-16 28 24 0
-29 31 -3 0
-8 22 -10 0
8 -21 -2 0
17 -4 14 0
-21 -17 -8 0
19 -15 30 0
-3 18 -33 0
-2 -12 -27 0
-30 20 -26 0
-24 3 -16 0
-11 12 19 0
18 7 23 0
26 -10 5 0
-23 -5 9 0
8 22 35 0
29 9 -34 0
7 32 33 0
11 -22 16 0
-31 11 6 0
-14 -15 -3 0
15 -24 35 0
