c instance by G2
c solution = 10100011111000010100110011011110100
c Known solution cost is 8521 
p cnf 35 50
w 19 302 148 104 419 366 282 178 60 478 497 160 294 172 252 349 112 49 294 496 149 244 64 193 499 253 378 86 142 335 142 176 302 211 316
-13 -31 -33 0
20 -5 -16 0
11 -20 -13 0
6 9 13 0
15 25 -22 0
19 13 -5 0
22 27 1 0
32 35 10 0
4 16 -25 0
-11 -20 -8 0
35 -31 -14 0
-28 19 30 0
1 6 -8 0
-8 28 34 0
-2 32 34 0
6 31 27 0
2 20 -12 0
18 -16 -31 0
-19 35 20 0
-16 15 -35 0
27 -29 -24 0
-7 -8 3 0
32 24 -23 0
23 29 15 0
34 20 28 0
-29 -35 -18 0
-30 27 -6 0
24 21 13 0
-27 -7 20 0
14 -17 -16 0
-34 -30 26 0
26 12 -25 0
17 7 -29 0
33 12 -23 0
19 -27 -10 0
27 24 -15 0
-24 8 15 0
27 22 17 0
11 -10 -22 0
14 -4 -25 0
21 -10 8 0
-7 27 -32 0
8 -30 -9 0
3 32 -12 0
24 -4 25 0
-29 16 34 0
33 -11 35 0
-14 -33 -12 0
-33 5 -32 0
-11 -34 -22 0
