c instance by G2
c solution = 00101011111010000010100100000001011
c Known solution cost is 8350 
p cnf 35 50
w 95 167 142 209 67 324 153 308 160 462 76 405 91 303 159 160 16 175 263 462 30 168 475 397 91 368 6 491 487 57 2 327 355 457 442
31 -20 6 0
-9 23 11 0
6 -22 -8 0
2 -35 19 0
-21 -33 18 0
35 -32 -33 0
29 -12 -5 0
-19 -5 3 0
-5 -26 17 0
-18 15 23 0
16 14 21 0
-13 24 27 0
-13 11 -25 0
-2 11 -3 0
12 -13 7 0
23 -25 1 0
-21 -11 -2 0
11 16 -19 0
-32 -31 -3 0
-15 11 -34 0
24 -26 -27 0
26 -28 -24 0
14 6 5 0
16 24 17 0
9 31 -8 0
31 19 -27 0
25 -30 6 0
-5 31 -23 0
-3 13 -35 0
1 6 32 0
-6 26 29 0
-5 -2 15 0
-35 -22 31 0
-8 25 -4 0
-12 -10 2 0
35 -21 -34 0
34 31 28 0
12 -29 -35 0
-7 30 -17 0
-21 -14 2 0
14 -1 20 0
35 34 1 0
29 33 -15 0
-9 26 8 0
10 -34 -21 0
-23 2 -5 0
-10 31 -27 0
11 -24 31 0
-34 -24 -16 0
16 22 3 0
