c instance by G2
c solution = 00100110111001001101010110100111111
c Known solution cost is 7178 
p cnf 35 50
w 150 38 211 84 95 9 240 237 262 133 252 410 321 31 281 458 335 67 71 412 218 401 226 352 70 32 133 131 482 24 147 412 80 196 177
28 33 -31 0
11 28 8 0
14 -27 -11 0
19 -32 10 0
24 11 3 0
-27 -26 -3 0
35 2 -22 0
26 7 4 0
24 -21 27 0
-8 -30 16 0
19 -7 -28 0
25 -12 -4 0
-25 27 15 0
-18 3 -14 0
15 25 29 0
-27 -4 -31 0
24 16 -33 0
5 -34 -13 0
-21 26 -27 0
-33 -19 8 0
-16 -34 -7 0
-14 18 19 0
-20 -15 1 0
29 31 21 0
-29 26 24 0
-10 -5 -32 0
-34 5 20 0
-34 27 -3 0
-12 -7 -33 0
32 -24 -25 0
-8 6 -14 0
21 -16 28 0
-3 28 9 0
-2 -9 17 0
-26 1 15 0
-27 19 -23 0
34 -10 -30 0
6 -32 -22 0
-7 25 24 0
-2 -6 -3 0
26 -25 31 0
-31 18 35 0
29 30 -35 0
-22 -25 -29 0
25 29 -15 0
-1 -18 -27 0
18 2 -35 0
8 22 -34 0
-7 17 -20 0
10 2 -32 0
