c instance by G2
c solution = 00000001111101000001000101000101010
c Known solution cost is 7770 
p cnf 35 50
w 24 422 316 436 250 383 363 8 344 91 289 462 136 446 134 23 320 16 246 468 21 317 320 210 62 210 197 107 287 247 267 4 29 300 15
-4 16 18 0
-11 -12 -33 0
-17 -25 -15 0
1 12 -11 0
17 -27 35 0
-8 32 -9 0
14 34 -23 0
5 15 -2 0
17 19 -2 0
3 -18 -32 0
23 11 4 0
-24 4 -5 0
-29 35 21 0
-19 -12 4 0
-11 20 -9 0
35 -13 22 0
-28 17 -30 0
-22 -32 25 0
-31 7 -20 0
-26 -17 25 0
-6 -10 7 0
-32 -21 13 0
26 -1 -23 0
26 23 33 0
15 -22 30 0
6 -34 -23 0
14 -10 21 0
16 -23 -15 0
17 -3 13 0
22 2 -7 0
19 -31 6 0
-22 13 3 0
25 -10 -16 0
35 30 28 0
-15 14 -26 0
10 -5 11 0
-25 -30 -24 0
15 -10 34 0
7 -15 27 0
-35 5 -12 0
-3 10 24 0
-22 -12 -2 0
-1 -12 -24 0
8 -11 22 0
7 10 5 0
24 -1 12 0
24 -8 35 0
21 -33 13 0
-1 -10 -34 0
35 9 -24 0
