c instance by G2
c solution = 00000010111011100110100110100100010
c Known solution cost is 6947 
p cnf 35 50
w 29 101 45 330 330 140 182 348 111 67 484 166 87 98 72 490 183 156 19 402 388 348 483 210 40 119 16 81 395 61 74 471 48 210 163
1 -20 23 0
23 -27 -17 0
7 -10 12 0
-2 -34 28 0
11 28 22 0
-24 -13 -22 0
-33 -10 28 0
-24 -13 -16 0
-35 1 16 0
-31 6 -27 0
-24 -28 -30 0
-17 -21 -13 0
22 25 -15 0
-10 2 21 0
11 -25 -19 0
-21 3 15 0
9 -18 -8 0
34 -15 20 0
-3 35 -25 0
-29 3 -27 0
32 -17 -13 0
-18 -14 9 0
31 -8 22 0
28 19 -27 0
29 30 26 0
-20 -3 32 0
-7 20 18 0
31 -6 2 0
-23 6 12 0
7 -2 -21 0
-24 -12 -25 0
33 30 4 0
1 -11 34 0
14 -27 16 0
-4 12 -10 0
-27 22 24 0
-34 25 35 0
16 10 -14 0
-21 26 -5 0
35 -25 -20 0
-7 -10 -3 0
-30 8 -1 0
21 7 25 0
-32 33 -13 0
13 8 -25 0
2 -33 31 0
-26 31 35 0
27 26 -34 0
17 11 21 0
26 5 -31 0
