c instance by G2
c solution = 11111011000111011010001111101010
c Known solution cost is 9877 
p cnf 32 50
w 142 436 244 374 320 134 427 453 359 418 221 406 478 410 377 97 301 356 147 373 284 297 478 274 93 346 412 128 278 442 149 223
11 30 5 0
16 -12 -3 0
-7 -10 -3 0
-8 20 14 0
-24 -7 13 0
-24 -21 3 0
3 30 -14 0
23 18 9 0
17 -23 20 0
9 -22 -14 0
7 -21 -31 0
-16 26 -29 0
-5 -16 12 0
18 -14 -22 0
9 -11 31 0
-21 -23 15 0
-16 3 -12 0
-31 28 -9 0
-31 20 -28 0
-27 -2 -32 0
-4 -28 5 0
28 17 -23 0
10 21 19 0
-1 -13 26 0
-26 -14 -32 0
-16 17 -31 0
-16 -18 28 0
-16 7 -2 0
18 14 26 0
22 27 -13 0
-24 7 -13 0
-12 -6 -13 0
18 15 24 0
26 20 -3 0
-14 1 22 0
-15 -22 23 0
-11 -19 -5 0
25 -31 -16 0
-6 -17 -28 0
-1 2 32 0
-30 -31 6 0
10 -23 -20 0
-12 -15 -27 0
-13 -28 -24 0
-25 6 4 0
-13 29 -27 0
30 -12 31 0
-16 -8 1 0
29 -21 10 0
-31 -27 8 0
