c instance by G2
c solution = 01111011110011001110010100010000
c Known solution cost is 7882 
p cnf 32 50
w 11 461 442 420 341 442 437 318 211 428 405 3 100 362 415 366 29 480 152 240 46 341 3 456 115 20 128 13 194 203 33 267
32 -11 -14 0
-1 11 20 0
4 -7 -28 0
-31 18 21 0
10 5 18 0
-32 25 1 0
-25 6 15 0
8 6 -17 0
3 -9 6 0
32 21 -27 0
13 -3 27 0
10 29 23 0
-4 -8 -30 0
30 -2 -21 0
-17 -20 -4 0
12 18 30 0
-26 -22 -7 0
-10 16 7 0
-18 -20 -17 0
-18 -17 13 0
-10 -17 24 0
27 13 -9 0
12 14 1 0
21 -6 -1 0
28 27 32 0
-30 -29 21 0
-31 4 17 0
-16 21 -7 0
-31 -17 -7 0
5 20 -12 0
17 -16 -10 0
25 -28 -1 0
-15 26 -18 0
19 22 -24 0
16 19 -4 0
17 12 30 0
9 1 -22 0
-20 -21 15 0
-19 -12 27 0
-29 -24 -5 0
32 2 -3 0
-10 -32 29 0
27 26 5 0
1 -18 -6 0
-15 21 3 0
-5 -10 -23 0
10 -3 29 0
28 32 7 0
22 -10 16 0
23 2 -19 0
