c instance by G2
c solution = 10000001010101110010101101101100
c Known solution cost is 8279 
p cnf 32 50
w 193 434 384 420 420 193 300 370 86 16 16 258 326 190 125 188 150 443 303 110 430 490 232 472 2 228 277 209 125 304 347 238
4 -18 2 0
28 -25 22 0
-7 18 16 0
11 21 8 0
1 -24 -22 0
-12 -20 -16 0
-22 -29 7 0
32 1 -12 0
-31 -1 -26 0
-20 -24 -1 0
9 -12 -11 0
-12 3 29 0
8 31 -24 0
-1 -12 -9 0
16 -19 28 0
12 14 5 0
23 -27 32 0
-11 32 29 0
12 -30 32 0
14 31 -27 0
-9 -8 -12 0
24 13 -30 0
-13 5 -24 0
1 -3 10 0
-22 14 -24 0
26 -29 -24 0
19 -10 -23 0
-21 4 -28 0
3 -2 -15 0
2 17 -22 0
17 -26 -11 0
18 -8 -32 0
27 32 -23 0
10 31 -15 0
-15 -31 -1 0
-1 -5 9 0
-10 15 -14 0
5 24 -3 0
11 -17 -29 0
-7 31 4 0
-24 21 -23 0
13 -24 12 0
18 20 -28 0
-6 11 -16 0
6 18 -3 0
30 20 4 0
-17 4 -32 0
3 -17 23 0
4 19 -12 0
-4 -15 -23 0
