c instance by G2
c solution = 11111001010010010111101010101101
c Known solution cost is 6544 
p cnf 32 50
w 412 274 24 3 486 237 22 44 144 412 485 335 434 336 151 21 100 0 420 86 287 4 46 23 85 156 441 139 287 238 103 309
-3 11 2 0
-15 -2 11 0
-4 1 -30 0
-27 16 -29 0
-13 -28 -32 0
21 7 31 0
31 11 13 0
-28 -32 14 0
-9 -28 -22 0
14 4 11 0
29 -18 11 0
31 17 5 0
-7 12 -4 0
-4 -22 19 0
-14 6 -4 0
-32 -15 -26 0
-18 -2 -26 0
26 -24 22 0
19 9 -29 0
-32 28 3 0
8 -25 22 0
-31 -13 11 0
14 -17 15 0
6 -31 -8 0
8 -1 29 0
-23 -18 -15 0
21 -11 3 0
25 -32 -21 0
17 -3 -22 0
-10 30 14 0
4 -19 26 0
-30 -27 -12 0
6 -23 -7 0
-13 20 9 0
10 28 -30 0
29 -26 19 0
11 2 -23 0
22 -1 13 0
18 -16 -6 0
-10 32 -30 0
18 11 -19 0
27 10 -11 0
-9 -25 -30 0
27 7 6 0
-22 27 9 0
32 24 -31 0
-5 -11 17 0
-6 -30 -32 0
-30 3 -20 0
23 7 6 0
