c instance by G2
c solution = 01000010010111010110001011100011
c Known solution cost is 8932 
p cnf 32 50
w 62 410 312 44 493 252 410 209 383 262 302 439 285 22 198 436 397 270 297 227 240 341 371 186 172 61 465 52 477 371 342 144
17 32 -2 0
-13 -8 9 0
-28 -25 -27 0
1 -29 3 0
30 26 15 0
19 7 -24 0
24 3 -6 0
-9 -27 8 0
-32 27 -30 0
-3 14 -2 0
22 18 -14 0
15 -8 -30 0
21 -30 -7 0
11 23 -17 0
-19 -31 14 0
-17 29 4 0
3 -29 20 0
31 23 5 0
-27 -20 -2 0
32 -26 -27 0
11 7 -31 0
-7 16 -18 0
-26 -16 -21 0
15 11 -22 0
-5 -14 -26 0
-17 -31 -3 0
6 23 13 0
23 28 -12 0
13 -18 5 0
-15 -32 -12 0
-24 -23 9 0
-17 -26 -23 0
1 -26 25 0
7 18 6 0
25 21 22 0
20 -18 2 0
-17 -19 -27 0
-23 -13 -3 0
9 10 6 0
19 15 -10 0
8 -4 -2 0
-12 -8 -16 0
-11 -16 15 0
-21 28 -29 0
-6 4 17 0
-1 30 -27 0
-18 24 12 0
27 6 9 0
-25 31 -13 0
-29 -10 18 0
