c instance by G2
c solution = 11000100110100100100100100110000
c Known solution cost is 7689 
p cnf 32 50
w 245 219 286 224 101 69 23 317 224 416 129 393 119 27 284 482 402 279 106 345 347 457 246 18 278 464 179 79 418 179 42 292
9 8 14 0
8 11 -29 0
1 -26 -31 0
-4 12 24 0
-23 -12 13 0
-5 2 16 0
3 28 -18 0
14 7 -3 0
-13 11 -24 0
-16 -6 21 0
3 2 -24 0
-12 -30 -6 0
11 -32 8 0
12 -9 7 0
29 16 -13 0
16 24 2 0
-12 15 16 0
7 -4 26 0
3 -8 -21 0
-1 6 8 0
-24 -22 13 0
13 -11 31 0
4 10 1 0
32 23 -20 0
1 -15 7 0
16 -9 -5 0
30 14 -4 0
13 30 27 0
11 -19 17 0
-22 -19 32 0
10 29 26 0
11 18 -6 0
6 14 -15 0
-27 -30 22 0
-24 -7 16 0
32 -10 -14 0
-29 -3 -19 0
3 8 -25 0
11 21 5 0
20 -21 -26 0
22 -32 -3 0
-12 -31 25 0
19 20 -16 0
13 19 -32 0
-27 21 -10 0
-12 -15 -32 0
30 -9 -5 0
24 5 3 0
19 -9 -17 0
-8 -28 5 0
