c instance by G2
c solution = 01010000010110110101101010000111
c Known solution cost is 9098 
p cnf 32 50
w 113 417 220 451 258 90 227 165 316 271 448 169 210 460 443 444 15 348 378 477 92 54 226 495 384 378 421 0 60 375 487 206
-17 -10 -26 0
-14 8 -16 0
1 -17 -24 0
-28 -23 6 0
25 -19 18 0
7 15 27 0
4 -20 -32 0
-25 -12 30 0
-12 -11 14 0
-23 -27 29 0
10 18 -8 0
-25 14 -8 0
19 -22 9 0
27 13 -21 0
-20 -25 32 0
-10 27 -19 0
21 26 8 0
30 24 -10 0
-29 -20 17 0
-18 -24 9 0
12 -16 9 0
-6 30 24 0
15 21 -4 0
5 20 -25 0
-18 10 9 0
28 15 -22 0
29 18 28 0
-4 25 14 0
-22 11 -23 0
2 29 26 0
20 -4 -7 0
-12 5 -9 0
29 -7 26 0
-25 24 -1 0
23 -11 3 0
20 -21 -18 0
29 -28 24 0
-17 29 28 0
30 -27 -6 0
11 -10 -3 0
-19 -32 -28 0
-6 17 11 0
28 23 7 0
16 -2 -4 0
-9 -27 -19 0
-12 7 31 0
2 -25 9 0
-26 6 9 0
-5 -31 -30 0
-1 5 27 0
