c instance by G2
c solution = 11010110011010001101000001101010
c Known solution cost is 7942 
p cnf 32 50
w 403 471 402 174 28 342 258 257 297 53 83 50 52 271 185 384 41 200 465 228 498 388 368 42 102 104 276 142 356 188 462 372
-17 -12 29 0
-27 -26 4 0
1 -13 9 0
29 6 -17 0
24 26 11 0
-8 32 -20 0
-32 18 11 0
32 18 5 0
21 -28 11 0
-17 -2 31 0
5 -12 19 0
4 5 15 0
19 13 -29 0
-31 -24 3 0
17 19 6 0
-6 14 -25 0
-32 -4 -7 0
-21 4 6 0
-9 30 22 0
-29 -5 24 0
19 32 27 0
-25 -27 1 0
-4 -22 -17 0
14 27 12 0
21 8 7 0
-21 14 22 0
-20 1 25 0
23 11 -25 0
6 21 28 0
2 -13 12 0
9 -16 19 0
29 -20 23 0
-6 22 -19 0
-3 21 -31 0
18 5 -21 0
32 17 21 0
27 -29 -18 0
-4 25 -14 0
24 -26 10 0
26 -2 22 0
-29 -28 -4 0
-6 11 14 0
-18 -30 -13 0
21 27 24 0
-26 -14 24 0
3 1 20 0
25 -11 -23 0
-20 16 -15 0
-1 -24 3 0
-7 -18 20 0
