c instance by G2
c solution = 10111100101000001000001000000001
c Known solution cost is 7532 
p cnf 32 50
w 42 11 139 205 287 245 432 27 316 3 230 484 159 88 453 323 147 499 378 492 191 223 217 420 32 417 457 18 237 16 3 341
3 12 13 0
-3 14 17 0
2 23 -6 0
3 -22 27 0
-26 -15 24 0
-7 14 16 0
31 -15 -4 0
15 -1 -28 0
-21 31 -5 0
24 32 -11 0
-30 20 -3 0
32 -18 -9 0
-13 27 -6 0
-32 -2 22 0
-8 10 -31 0
-12 -24 -6 0
-22 -3 -23 0
30 -17 1 0
11 14 10 0
8 19 -20 0
25 -27 -3 0
3 27 26 0
-8 15 -20 0
-18 14 -1 0
21 19 -14 0
2 -25 6 0
-3 -10 -4 0
11 -14 -10 0
31 4 -5 0
-6 25 -14 0
12 24 -18 0
-4 -16 27 0
5 -4 -9 0
-12 -6 25 0
-14 19 -17 0
26 -22 24 0
12 -3 -19 0
12 -8 13 0
6 10 -23 0
-31 21 20 0
27 31 -25 0
-4 12 9 0
-23 25 -2 0
-10 -11 15 0
-4 -23 -2 0
6 -25 -7 0
10 -29 24 0
15 -24 10 0
-1 -32 -26 0
17 -4 10 0
