c instance by G2
c solution = 01001101111111110000000101011111
c Known solution cost is 8673 
p cnf 32 50
w 399 301 334 499 409 415 7 449 219 466 101 159 408 120 282 369 45 356 455 163 104 332 3 248 232 60 249 52 248 408 381 400
30 2 26 0
-14 -11 -1 0
-27 20 4 0
18 -20 4 0
3 -11 -7 0
17 -28 -22 0
-13 32 20 0
23 -25 1 0
-7 1 -10 0
-31 -27 -18 0
-18 -17 -30 0
-6 -10 16 0
-21 -8 19 0
-13 6 17 0
23 1 -4 0
-26 29 -28 0
6 -5 -24 0
4 5 17 0
10 -31 -6 0
31 -12 4 0
-26 24 27 0
-24 -31 -17 0
-18 -13 7 0
-1 5 -7 0
-11 -13 8 0
10 5 -19 0
-30 28 26 0
-6 18 30 0
-23 11 -32 0
15 -11 -12 0
-5 11 -6 0
-5 28 17 0
13 -8 4 0
-21 32 -25 0
2 -30 21 0
17 -24 -3 0
19 14 -31 0
7 4 12 0
-15 18 -25 0
28 6 -26 0
5 16 -10 0
15 27 23 0
9 3 27 0
27 26 9 0
-14 -22 10 0
-2 -19 -26 0
-12 -24 26 0
-8 -23 -31 0
-32 22 -17 0
-12 -14 11 0
