c instance by G2
c solution = 01101101110010011010100011001100
c Known solution cost is 9278 
p cnf 32 50
w 417 31 388 47 32 486 434 387 115 42 218 345 441 101 76 488 161 344 473 208 369 493 443 82 54 361 483 400 491 494 184 190
-13 23 -31 0
31 -20 18 0
-6 -4 -13 0
-2 17 -10 0
30 19 16 0
16 18 -19 0
-22 -25 -23 0
-17 -22 -28 0
22 5 -13 0
15 -22 10 0
1 9 -8 0
-15 -2 -19 0
-29 -13 5 0
-31 -10 23 0
2 -29 15 0
-30 -31 -32 0
-20 -7 16 0
1 -20 18 0
-26 -13 -4 0
5 31 -10 0
-4 1 -6 0
-2 8 -29 0
3 21 -13 0
-8 22 6 0
1 -2 -27 0
-3 6 -25 0
17 -8 28 0
1 -17 13 0
32 -13 21 0
-14 2 1 0
-18 28 -8 0
12 28 -7 0
-17 27 10 0
-3 29 -8 0
-17 23 30 0
28 -8 3 0
14 28 -11 0
-32 -13 -6 0
-21 -25 26 0
-3 -30 -23 0
-1 12 27 0
-6 -12 27 0
-28 22 -21 0
-3 32 -24 0
7 25 -8 0
5 -6 -15 0
-14 -10 -13 0
14 -24 -3 0
-22 -10 1 0
19 32 4 0
