c instance by G2
c solution = 11010100101100100100110101000010
c Known solution cost is 8096 
p cnf 32 50
w 448 453 393 95 460 53 259 271 413 327 107 437 484 497 2 57 99 359 229 308 220 94 354 253 213 267 246 99 29 193 189 188
-26 1 -12 0
-2 7 -14 0
-13 26 19 0
30 -6 -17 0
-6 -28 -26 0
-18 -13 -22 0
32 17 21 0
16 15 3 0
20 -1 -8 0
24 13 10 0
-17 -31 13 0
-3 8 -31 0
24 10 7 0
-14 22 8 0
18 -24 29 0
26 25 8 0
17 14 -16 0
28 16 -10 0
17 -8 -31 0
31 29 -22 0
-11 23 15 0
16 -7 14 0
23 -10 -31 0
14 7 12 0
-29 17 -30 0
3 5 -16 0
18 -15 -14 0
25 15 28 0
-26 7 22 0
-2 9 8 0
5 10 11 0
2 5 7 0
-1 -29 -12 0
1 32 -24 0
4 -31 -1 0
-3 16 23 0
3 -10 1 0
-32 -22 5 0
-23 27 17 0
-20 25 32 0
-23 4 11 0
-18 -27 7 0
18 -17 1 0
-31 -19 -21 0
21 -4 -17 0
6 -18 -12 0
17 20 -25 0
-5 23 3 0
-17 1 26 0
-30 29 17 0
