c instance by G2
c solution = 11010110111011001100110111110010
c Known solution cost is 9073 
p cnf 32 50
w 254 246 457 493 211 110 399 163 138 448 223 109 457 281 359 370 319 209 450 239 346 144 182 154 458 268 130 472 10 46 457 471
-25 21 32 0
-5 -26 10 0
-15 -1 -21 0
-15 4 -32 0
16 -19 -26 0
13 -1 19 0
-28 -29 32 0
7 -10 20 0
4 -22 12 0
1 12 -2 0
-23 -27 -9 0
30 9 15 0
-19 -5 -17 0
18 5 -2 0
12 29 17 0
24 -11 -10 0
14 30 3 0
-14 -8 -22 0
24 -25 28 0
-22 32 11 0
3 -4 2 0
10 -4 16 0
-17 28 32 0
-24 -16 -11 0
32 22 -18 0
-17 30 -3 0
11 7 20 0
-27 -3 32 0
-1 26 5 0
13 16 -28 0
1 24 -18 0
-27 -32 -9 0
12 25 -31 0
-24 16 13 0
7 9 -10 0
-11 29 -12 0
-20 10 32 0
-29 -1 -6 0
10 -4 -7 0
2 -31 19 0
25 -22 30 0
-26 6 -1 0
-30 -7 16 0
-2 -5 -4 0
-28 -18 27 0
-19 27 12 0
8 -10 31 0
-19 22 31 0
17 2 31 0
-25 19 -20 0
