c instance by G2
c solution = 01010010101100000000101010111000
c Known solution cost is 9061 
p cnf 32 50
w 407 281 71 411 13 424 5 30 463 468 388 393 186 488 310 460 393 408 436 301 115 372 374 111 13 192 110 391 236 166 246 399
16 2 -29 0
-5 10 31 0
-2 -6 -21 0
10 -7 -14 0
-32 1 13 0
1 22 2 0
17 -21 23 0
15 -24 31 0
25 -4 13 0
28 17 -9 0
11 -31 -5 0
31 22 -18 0
11 26 10 0
-10 -16 23 0
-16 -4 13 0
-27 24 -26 0
20 16 28 0
-3 -2 -21 0
-23 1 -15 0
-21 4 -2 0
-3 23 -18 0
7 22 -12 0
9 -21 16 0
9 -15 -16 0
15 -31 13 0
22 -26 -9 0
-24 -7 19 0
31 -17 10 0
-14 2 -17 0
14 21 10 0
-28 27 17 0
-8 6 20 0
-8 -19 -22 0
12 -26 27 0
29 -7 -4 0
-1 13 16 0
26 -20 15 0
32 17 -10 0
13 -30 16 0
3 -12 -16 0
21 13 26 0
-7 -12 -19 0
-28 -20 18 0
-9 -31 -1 0
17 13 -15 0
18 -22 30 0
12 30 -27 0
-1 -24 -28 0
-13 -12 -11 0
10 24 27 0
