c instance by G2
c solution = 11100001011111011110001000000000
c Known solution cost is 8500 
p cnf 32 50
w 490 415 338 217 156 423 477 252 173 347 158 148 321 65 131 364 140 354 468 303 262 303 369 255 82 269 404 87 223 320 148 38
27 11 -16 0
7 -5 -12 0
28 -15 4 0
5 -2 8 0
28 2 29 0
25 -3 16 0
-8 -18 16 0
20 1 28 0
13 24 -1 0
-28 25 17 0
13 -8 20 0
4 26 19 0
24 -10 1 0
30 -26 25 0
21 -16 -29 0
-6 31 25 0
-16 6 18 0
14 15 -13 0
31 -9 27 0
22 9 -29 0
5 -25 20 0
-21 28 13 0
22 30 -5 0
-20 9 26 0
-7 -14 27 0
26 17 30 0
3 -31 16 0
-29 -16 11 0
12 -23 -14 0
-21 5 -19 0
-3 -30 9 0
-21 -5 -30 0
-21 -4 -28 0
-10 -17 3 0
20 -4 -13 0
-27 -18 -2 0
23 9 30 0
-12 -23 -31 0
-7 3 21 0
30 10 29 0
-9 1 28 0
-32 -23 9 0
5 -19 18 0
4 -28 -2 0
8 3 22 0
25 9 -24 0
-12 31 11 0
11 3 2 0
27 -9 22 0
-22 -13 28 0
