c instance by G2
c solution = 11011011100110100111111111000000001
c Known solution cost is 9878 
p cnf 35 50
w 491 373 394 411 498 420 340 167 130 406 314 109 183 117 156 234 357 112 412 36 248 474 249 470 406 270 132 70 312 190 132 430 360 339 136
22 -19 28 0
-2 11 -32 0
-3 -25 -9 0
27 28 23 0
-31 28 10 0
-5 -29 20 0
-11 29 -21 0
16 -8 -31 0
5 -12 2 0
19 -8 -15 0
-27 17 -6 0
17 -21 24 0
-19 25 32 0
35 -15 16 0
-3 5 -28 0
-22 35 30 0
32 -19 20 0
9 -18 10 0
-19 28 -34 0
-3 27 -25 0
-19 -30 -26 0
-33 -26 -24 0
-10 13 17 0
-13 30 -10 0
23 34 17 0
-21 34 26 0
-10 12 33 0
-14 11 -12 0
30 34 7 0
34 10 1 0
-6 -26 27 0
26 -10 16 0
-25 -23 5 0
-25 -35 -16 0
-21 -18 15 0
10 8 33 0
-21 -27 17 0
31 12 10 0
-24 4 29 0
17 -31 15 0
-14 -26 -32 0
21 34 33 0
-11 28 -26 0
28 -9 13 0
34 -26 18 0
-28 33 -4 0
26 30 34 0
-21 2 -26 0
-21 -22 -29 0
-26 -13 -17 0
