c instance by G2
c solution = 10010101100101001000000101100101111
c Known solution cost is 8744 
p cnf 35 50
w 329 391 483 132 329 364 125 131 223 124 280 72 71 332 377 449 101 23 322 396 121 378 226 310 378 468 342 25 226 205 40 451 216 239 65
-17 23 32 0
9 25 -14 0
-9 -25 20 0
5 17 -11 0
-1 6 -34 0
28 4 15 0
-8 -15 10 0
3 -13 -35 0
-34 11 14 0
30 15 19 0
-7 19 -8 0
19 -24 -11 0
-9 24 23 0
12 9 -30 0
-17 33 22 0
-10 7 -33 0
27 -35 -9 0
-15 23 9 0
-35 -1 -23 0
19 15 35 0
16 21 1 0
-20 -8 16 0
-20 31 -12 0
12 28 -22 0
-34 -22 -8 0
-33 26 -5 0
-29 7 16 0
-12 -18 7 0
-21 6 8 0
20 -1 8 0
28 34 -24 0
5 -28 -4 0
5 29 -21 0
-33 -31 -17 0
29 -26 -19 0
19 -16 28 0
12 -17 -35 0
18 -5 -4 0
33 -30 -32 0
-9 -3 10 0
16 29 -2 0
2 -6 26 0
9 -30 19 0
-28 -9 7 0
1 -34 31 0
21 17 -4 0
-25 20 -8 0
-34 -14 -16 0
32 27 -17 0
2 16 27 0
