c instance by G2
c solution = 10111110100011101100110100001010011
c Known solution cost is 9542 
p cnf 35 50
w 151 84 200 198 203 389 241 438 310 207 281 483 419 472 354 19 285 310 333 496 194 283 191 0 474 237 295 466 336 323 234 149 336 15 136
-34 29 -3 0
28 18 8 0
30 26 -28 0
-35 -7 22 0
12 17 18 0
-7 -2 -29 0
-3 33 1 0
-1 -5 -10 0
26 -1 17 0
7 15 32 0
19 -9 -32 0
25 -1 13 0
-29 -16 -15 0
21 -4 -33 0
-6 -8 31 0
21 -6 -4 0
33 -12 8 0
-20 28 23 0
24 1 12 0
-26 8 -7 0
-30 12 -35 0
-8 -21 -35 0
-27 -29 10 0
26 6 23 0
8 5 -12 0
9 -6 25 0
-29 8 34 0
31 -27 10 0
13 15 18 0
30 -19 -1 0
-20 -6 3 0
11 -12 32 0
31 25 14 0
28 -7 35 0
-18 -35 3 0
-31 23 14 0
11 27 31 0
4 -1 26 0
-22 -23 9 0
7 10 16 0
33 24 32 0
23 9 -30 0
-13 2 -11 0
16 15 -21 0
-25 2 33 0
26 -23 -34 0
17 -24 -20 0
2 28 -33 0
-35 -23 -32 0
5 -31 -1 0
