c instance by G2
c solution = 00011010001111100000111110010100000
c Known solution cost is 8064 
p cnf 35 50
w 281 208 250 177 483 265 49 352 362 126 332 410 406 85 11 271 253 96 126 162 160 153 336 278 160 198 451 191 169 454 82 186 141 325 75
12 32 34 0
-5 -4 22 0
16 -8 -5 0
17 -7 12 0
-8 33 7 0
32 -9 -2 0
19 -20 -14 0
-16 28 -5 0
27 31 -3 0
16 13 -4 0
-24 5 17 0
4 25 -10 0
1 6 -27 0
-20 -33 -5 0
-13 24 -26 0
24 16 32 0
20 -7 -9 0
-11 28 33 0
30 20 10 0
8 -17 -4 0
-14 7 -23 0
-13 33 -35 0
30 34 10 0
21 27 -4 0
18 -25 -6 0
-22 8 -10 0
-34 -25 26 0
-1 -14 3 0
26 -28 -33 0
3 -9 -17 0
16 33 -26 0
34 -25 28 0
23 35 -12 0
35 9 15 0
9 -22 -16 0
9 29 -18 0
31 -21 -19 0
-21 -25 -31 0
27 -21 25 0
-12 35 11 0
-29 -22 -23 0
25 -10 28 0
-11 -30 -32 0
30 -23 9 0
-21 4 19 0
-18 -10 -11 0
-9 23 13 0
27 -2 -14 0
-8 -32 -33 0
-28 14 -4 0
