c instance by G2
c solution = 01010000000000001001000111110011111
c Known solution cost is 8984 
p cnf 35 50
w 170 210 238 433 424 385 135 127 243 403 138 296 495 360 213 292 269 163 499 296 158 374 375 268 265 358 380 71 180 86 336 73 70 54 147
27 -31 13 0
32 -12 27 0
-21 28 30 0
6 -12 10 0
1 -24 -29 0
-27 18 -7 0
-15 -32 8 0
-31 -29 -21 0
-27 -35 -14 0
17 7 3 0
-17 30 27 0
10 1 -23 0
19 8 -13 0
32 -27 -34 0
21 -30 27 0
-35 -21 12 0
19 -8 23 0
-2 -25 -10 0
-8 9 -28 0
-9 -28 -25 0
14 3 -19 0
-9 -5 1 0
7 35 -17 0
6 -28 2 0
-5 19 18 0
23 -30 -2 0
14 -25 33 0
-20 12 -3 0
22 -14 -1 0
6 20 14 0
7 -26 -30 0
-1 29 22 0
-22 16 -4 0
31 -27 -21 0
6 -25 -10 0
4 -28 -35 0
-11 34 15 0
-19 22 10 0
-24 6 -18 0
24 16 10 0
-31 5 -16 0
-3 -27 -26 0
34 30 5 0
23 28 11 0
31 1 -27 0
-34 -31 26 0
14 -6 13 0
-11 -4 -28 0
19 -27 25 0
-10 3 23 0
