c instance by G2
c solution = 00100111010101101111100100001001010
c Known solution cost is 8576 
p cnf 35 50
w 28 111 205 48 342 436 411 411 227 438 40 398 292 327 202 475 465 198 40 46 250 160 289 263 454 76 385 126 47 322 87 299 150 38 490
-6 1 -5 0
22 -28 4 0
1 -7 6 0
-1 -21 -29 0
-3 -27 -21 0
33 -27 22 0
29 -32 11 0
13 -16 35 0
-20 23 -9 0
16 17 -24 0
33 13 -2 0
4 15 -18 0
-22 -3 -10 0
25 -33 28 0
-12 20 30 0
11 33 19 0
-10 33 -22 0
-29 -26 35 0
22 4 -11 0
-13 -29 28 0
9 -35 23 0
32 26 -12 0
4 22 12 0
-23 -21 -19 0
-32 -25 16 0
-17 3 -11 0
1 21 -18 0
-15 25 3 0
22 -24 -30 0
-32 16 7 0
-13 -33 15 0
-13 -23 -10 0
20 -19 -13 0
28 8 -11 0
-19 34 -20 0
18 -20 -17 0
4 8 27 0
2 12 26 0
33 4 8 0
-34 28 19 0
28 -29 -2 0
-8 17 -18 0
-8 -4 -12 0
-20 -17 14 0
25 16 -5 0
-3 10 -32 0
34 -20 32 0
23 -14 -31 0
35 9 29 0
33 -3 24 0
