c instance by G2
c solution = 00111101010110101001110101110111011
c Known solution cost is 9679 
p cnf 35 50
w 209 256 422 370 454 352 130 210 472 347 420 344 96 399 414 232 183 275 90 295 358 369 27 466 194 262 269 100 387 33 249 351 193 290 161
34 -24 9 0
25 17 11 0
13 -5 11 0
-23 1 3 0
20 17 32 0
24 -23 -15 0
32 12 27 0
-11 -4 23 0
16 4 25 0
14 7 30 0
-15 34 -22 0
31 18 23 0
-25 -6 -10 0
25 -17 -11 0
-16 -12 -35 0
5 25 -6 0
-12 -13 22 0
27 14 -31 0
-19 15 -14 0
14 -33 7 0
23 24 -8 0
-20 -1 -5 0
9 -26 -23 0
32 -28 29 0
-31 20 -12 0
-4 -35 3 0
21 -19 -13 0
-19 -32 18 0
-5 12 -17 0
-14 16 -35 0
-22 25 -2 0
-26 28 -3 0
-18 11 29 0
-26 27 11 0
-23 29 -11 0
8 1 -30 0
16 11 17 0
8 11 -26 0
33 23 10 0
-4 21 -31 0
11 -9 -6 0
-28 -17 27 0
-32 28 3 0
-8 14 35 0
-5 -14 7 0
19 9 15 0
-22 9 6 0
-20 14 -29 0
-4 -7 -24 0
26 19 -6 0
