c instance by G2
c solution = 00111000010111111011110000101000010
c Known solution cost is 8234 
p cnf 35 50
w 355 328 162 423 208 31 255 211 265 263 220 20 441 115 155 397 326 91 345 9 120 246 285 241 438 225 234 249 39 359 314 439 140 48 237
6 16 18 0
31 -26 11 0
-5 15 6 0
1 33 3 0
-32 -3 -13 0
30 11 -18 0
9 -8 17 0
10 35 30 0
9 -8 1 0
-34 -3 -11 0
-7 -33 35 0
-35 28 -12 0
28 -33 -10 0
-26 -12 35 0
4 -3 6 0
13 -21 33 0
-30 -19 1 0
-10 -30 -35 0
1 7 21 0
-24 -27 28 0
1 25 16 0
26 22 -17 0
-34 33 -18 0
-11 -16 31 0
-31 -19 9 0
-6 -23 33 0
-14 1 -6 0
-34 -21 20 0
30 -25 1 0
34 25 33 0
29 24 26 0
-29 -11 2 0
24 12 32 0
-23 -31 -34 0
-27 -34 14 0
5 24 -12 0
28 -2 35 0
-28 1 11 0
19 8 1 0
35 -22 17 0
-30 3 11 0
6 4 -21 0
-23 -19 31 0
27 -23 19 0
-9 2 -27 0
25 2 -1 0
14 33 -11 0
-16 27 21 0
1 -7 -21 0
11 23 27 0
