c instance by G2
c solution = 01000100011000010001011011010100011
c Known solution cost is 9924 
p cnf 35 50
w 237 485 471 407 393 465 471 202 52 279 127 251 453 460 307 164 353 220 356 449 37 288 200 51 407 12 324 451 126 279 468 285 69 171 154
-12 8 -14 0
-29 11 -21 0
13 -19 33 0
-26 -13 -10 0
34 31 -22 0
-14 7 8 0
9 16 18 0
-3 13 -34 0
6 20 5 0
5 6 -25 0
-35 -29 -11 0
-10 23 12 0
-25 -27 15 0
28 -2 4 0
19 -33 31 0
3 -15 32 0
7 17 -5 0
2 19 -22 0
5 12 23 0
-27 -22 -5 0
-6 22 9 0
19 -26 10 0
-9 -34 -20 0
-27 1 4 0
26 12 -34 0
13 -31 8 0
14 -23 20 0
-24 7 -26 0
-27 -34 3 0
17 -11 25 0
-7 -20 -28 0
-35 -17 -2 0
-8 18 -3 0
-10 35 24 0
34 26 12 0
7 3 11 0
-11 -21 33 0
-29 -16 34 0
8 20 31 0
29 2 -35 0
-32 -22 -30 0
30 -2 -28 0
-16 -1 17 0
-30 -24 -35 0
-7 -28 33 0
11 1 -30 0
-12 32 -11 0
33 13 -18 0
29 -4 -16 0
-30 -8 -28 0
