c instance by G2
c solution = 01001011010111011100111010111001110
c Known solution cost is 10278 
p cnf 35 50
w 170 400 269 196 462 219 383 288 244 292 67 367 385 483 352 391 332 304 335 219 23 161 80 297 162 284 101 31 462 304 465 412 473 498 367
-26 -17 -15 0
9 -1 -10 0
-26 5 -12 0
-35 -13 -22 0
1 -9 20 0
-8 -32 12 0
-12 -5 -26 0
7 -28 3 0
-23 2 1 0
-28 -7 27 0
22 -33 -8 0
10 -22 -12 0
-28 -20 25 0
-24 -14 -29 0
29 -7 -27 0
-13 32 -2 0
9 -13 -24 0
-17 -9 -14 0
14 -28 26 0
27 17 -8 0
6 -30 -16 0
-29 -11 -1 0
24 34 -21 0
-3 11 -7 0
35 -14 -15 0
34 9 -7 0
1 30 23 0
16 -13 4 0
8 -10 -25 0
35 25 -4 0
-33 -6 -22 0
-28 25 35 0
-21 -4 -27 0
-32 27 -21 0
-32 18 31 0
-23 -6 -14 0
-16 -9 22 0
-10 28 -22 0
-33 -16 -20 0
-7 15 23 0
-2 21 -18 0
-11 19 -25 0
-31 -5 -16 0
26 17 19 0
-21 -2 33 0
-35 -26 15 0
-16 -23 -19 0
5 29 -31 0
5 -23 -22 0
3 13 -8 0
