c instance by G2
c solution = 11010111001010000001110101001110011
c Known solution cost is 9142 
p cnf 35 50
w 363 335 342 146 244 88 341 460 140 493 338 69 159 319 192 285 328 433 347 89 397 3 181 195 178 264 399 141 178 468 317 469 47 385 9
-25 -35 -31 0
17 18 -16 0
9 -5 -29 0
-34 13 32 0
-27 -22 34 0
14 29 25 0
-21 -35 -9 0
17 -21 11 0
-35 29 -2 0
33 -28 -31 0
-10 15 -8 0
26 10 16 0
-8 35 -32 0
9 -31 22 0
14 -23 35 0
9 20 14 0
14 19 35 0
16 -19 -13 0
-2 -1 -27 0
30 -26 -22 0
-13 -17 27 0
13 -27 -8 0
4 -34 33 0
-33 12 -11 0
15 35 9 0
2 17 -1 0
23 -7 -14 0
13 34 -8 0
-22 -23 -29 0
11 19 15 0
18 -24 22 0
9 -16 12 0
-30 -18 3 0
-7 34 -13 0
-10 24 -27 0
19 24 18 0
-24 28 -3 0
16 21 3 0
-34 31 -6 0
-22 9 6 0
-15 -13 19 0
-8 -7 31 0
19 -32 -4 0
35 -10 19 0
-22 -2 13 0
-30 -12 -20 0
7 16 27 0
-20 21 -17 0
8 -4 28 0
19 9 1 0
