c instance by G2
c solution = 10000001000010000110100111100000101
c Known solution cost is 8981 
p cnf 35 50
w 474 266 52 408 56 278 21 170 149 427 304 139 194 10 307 402 180 222 481 256 86 486 392 95 478 254 210 380 23 283 374 497 64 368 195
13 16 14 0
-24 -9 20 0
22 -31 29 0
-35 12 -14 0
-33 28 -4 0
33 27 28 0
9 -23 30 0
-33 -5 -8 0
-35 -25 8 0
23 1 34 0
-23 9 -22 0
-27 -21 -6 0
28 3 -7 0
-21 1 -22 0
-29 15 10 0
34 18 23 0
-1 6 -32 0
17 -30 -18 0
13 -16 23 0
22 16 19 0
5 35 -1 0
-16 -26 3 0
2 6 25 0
-8 -22 31 0
21 14 16 0
-24 2 -12 0
-29 -33 -19 0
33 12 3 0
-34 2 -18 0
22 24 -16 0
-3 -7 4 0
-2 16 -21 0
-31 22 5 0
4 -11 23 0
-8 33 24 0
23 -10 34 0
-3 4 23 0
8 22 23 0
24 5 30 0
17 -20 11 0
-15 12 9 0
6 -35 -17 0
35 14 -33 0
-18 -26 -28 0
-1 -19 25 0
-18 27 6 0
-14 31 26 0
-10 12 -16 0
-21 -16 -33 0
-8 -33 26 0
