c instance by G2
c solution = 00111000100101001110100110101101010
c Known solution cost is 9753 
p cnf 35 50
w 257 481 143 286 487 84 403 178 24 401 25 225 233 425 436 187 494 390 462 105 452 117 28 356 352 111 120 302 359 272 260 329 423 209 337
15 -8 4 0
-29 24 2 0
14 7 -12 0
-31 -14 -29 0
26 13 -7 0
-28 19 -34 0
3 23 26 0
35 -6 10 0
-24 8 -26 0
30 -19 -24 0
-35 -21 -12 0
-19 -1 -25 0
-24 -34 -22 0
-3 -28 -25 0
-20 -29 -12 0
-27 12 -17 0
-32 4 22 0
35 -12 30 0
-2 -28 -21 0
23 9 2 0
8 28 -33 0
11 33 29 0
-5 -23 -25 0
-27 17 -25 0
25 26 28 0
13 -2 -5 0
33 19 -27 0
-29 7 -11 0
-6 2 5 0
5 26 33 0
13 -21 -10 0
-10 -2 -19 0
-18 13 -8 0
2 23 -35 0
-16 26 4 0
-32 -31 2 0
34 -31 -26 0
2 27 29 0
32 -33 -8 0
-19 32 -21 0
-9 11 21 0
-12 -18 -15 0
20 -21 34 0
31 18 35 0
-16 23 -4 0
28 13 27 0
33 28 -13 0
6 -33 8 0
-13 -8 33 0
9 -30 5 0
