c instance by G2
c solution = 11000111000011010000110001100010010
c Known solution cost is 6979 
p cnf 35 50
w 88 234 24 261 346 466 60 180 128 394 195 49 317 353 296 367 161 160 119 78 336 44 336 84 98 0 97 97 124 420 130 108 414 79 336
-30 -3 35 0
-13 33 -20 0
32 -3 -34 0
20 14 17 0
21 9 32 0
3 -33 5 0
-1 28 -19 0
3 -30 -14 0
-28 -19 29 0
-15 24 -1 0
-17 1 19 0
-10 20 28 0
-8 -12 -32 0
29 15 8 0
19 22 12 0
-24 3 9 0
-4 10 25 0
-31 6 12 0
3 -9 -8 0
10 -14 13 0
15 7 -16 0
4 23 -35 0
-7 10 -17 0
-32 -15 30 0
7 24 5 0
19 35 -33 0
20 -32 11 0
-1 -15 -8 0
16 -13 35 0
-27 25 -28 0
35 -23 12 0
-25 28 -16 0
24 33 -5 0
17 6 -7 0
9 -29 11 0
2 28 25 0
24 -12 35 0
31 -13 32 0
-4 -17 -31 0
-7 10 31 0
-34 -11 25 0
-6 34 28 0
28 -17 -1 0
9 -27 -18 0
3 -13 26 0
-5 3 29 0
-34 2 1 0
19 1 12 0
35 20 27 0
34 2 32 0
