c instance by G2
c solution = 100001100011000111011111001000
c Known solution cost is 6820 
p cnf 30 50
w 59 189 374 289 49 171 169 431 103 148 275 421 284 81 153 416 364 25 185 29 279 102 374 233 451 325 172 258 394 17
-21 -18 12 0
-16 14 -9 0
-27 20 29 0
26 -30 24 0
-4 1 13 0
-17 -5 21 0
14 -15 -16 0
22 -18 -25 0
-7 27 25 0
28 7 -1 0
23 20 24 0
-23 -6 -8 0
22 -23 2 0
-16 8 12 0
-24 -23 -14 0
4 -19 15 0
-30 7 25 0
28 -26 -18 0
-30 28 15 0
-16 -21 -29 0
16 -17 9 0
3 25 6 0
-29 22 7 0
24 9 10 0
-29 19 30 0
29 3 -13 0
-2 -12 30 0
18 -11 -7 0
-29 1 -30 0
-22 -19 20 0
-29 12 17 0
-24 -20 7 0
30 -4 9 0
5 29 -2 0
-24 21 5 0
29 -5 -18 0
-1 11 -30 0
5 -10 -22 0
30 -10 3 0
14 17 29 0
16 30 -17 0
11 28 2 0
-25 19 29 0
13 -7 23 0
5 -27 -29 0
-14 -21 -20 0
4 -28 19 0
-7 2 21 0
-20 -21 -3 0
-22 1 9 0
