c instance by G2
c solution = 011010111011011100111001010100
c Known solution cost is 6981 
p cnf 30 50
w 144 130 475 88 383 174 122 68 212 140 314 258 445 11 314 487 350 455 201 309 130 55 185 271 303 116 224 48 473 96
-9 5 1 0
11 -14 10 0
-11 3 -14 0
-13 -10 -19 0
-15 -2 -30 0
4 -12 2 0
-10 1 -16 0
-24 -22 -19 0
-26 -14 -4 0
11 -9 -10 0
-29 -11 10 0
-8 -6 28 0
-14 24 -28 0
11 -16 15 0
19 -12 -22 0
4 16 -11 0
-12 21 4 0
27 -30 18 0
-21 -8 9 0
-9 -30 3 0
27 26 28 0
-30 26 -2 0
30 -5 -27 0
-18 -20 -3 0
15 25 -3 0
10 -2 -30 0
-5 13 -25 0
29 -1 4 0
9 18 -14 0
-23 -19 -14 0
-11 19 -26 0
25 4 9 0
17 -29 -19 0
-13 -11 -28 0
30 8 -21 0
-13 -10 -17 0
-21 18 7 0
-7 26 -24 0
18 12 -5 0
-26 11 17 0
7 -28 -1 0
25 3 -20 0
-29 -28 17 0
20 13 23 0
-17 4 18 0
30 -5 -6 0
-4 -9 -22 0
-29 6 5 0
-15 28 27 0
30 -21 14 0
