c instance by G2
c solution = 101111111111010110010000111110
c Known solution cost is 7656 
p cnf 30 50
w 177 328 179 388 449 109 225 469 336 214 467 184 79 460 384 28 235 87 444 135 189 486 65 409 100 428 70 161 52 319
-29 19 14 0
24 29 -20 0
4 -13 -29 0
12 9 -18 0
-26 -21 2 0
-2 -3 -10 0
8 -25 -6 0
20 28 18 0
22 3 -14 0
12 -4 30 0
11 2 -17 0
-22 -5 2 0
19 28 23 0
24 -16 17 0
-15 -10 -16 0
15 -21 -10 0
-7 20 -28 0
23 25 21 0
-17 28 30 0
-22 -12 15 0
7 5 26 0
-5 -15 3 0
10 19 -27 0
-24 -25 13 0
19 -6 -13 0
30 -28 5 0
-20 -5 -2 0
13 5 23 0
-5 6 19 0
4 15 27 0
-27 22 -23 0
4 -26 15 0
-26 -21 -20 0
9 -8 22 0
1 22 -3 0
4 -6 -19 0
-18 14 22 0
29 16 22 0
26 -10 -4 0
25 23 4 0
-29 4 -25 0
-1 12 -29 0
-3 -1 11 0
7 -26 23 0
-4 27 13 0
-20 -26 -19 0
-10 24 16 0
-30 -11 -19 0
-18 23 -26 0
-7 -10 -30 0
