c instance by G2
c solution = 100110110000110010001111010000
c Known solution cost is 7931 
p cnf 30 50
w 84 16 376 346 412 461 386 140 192 262 481 459 290 115 380 296 317 373 365 427 191 11 207 143 375 235 54 311 60 166
21 4 -28 0
11 -12 30 0
23 19 -26 0
-2 27 29 0
-3 24 21 0
22 9 8 0
-4 6 17 0
30 8 28 0
20 4 -23 0
19 18 -29 0
-13 -7 -30 0
-4 -21 -3 0
28 21 -24 0
16 15 -27 0
15 -21 17 0
-8 -9 -24 0
-6 -26 -1 0
20 -26 7 0
-10 -22 19 0
16 14 10 0
28 -27 21 0
-26 13 -5 0
1 -4 3 0
2 -28 -22 0
-24 -19 -8 0
28 26 -13 0
26 -22 -21 0
25 -15 -26 0
5 10 -21 0
23 30 18 0
-13 -28 -14 0
14 -17 -12 0
-5 9 -20 0
17 -5 -19 0
10 -18 19 0
12 -10 20 0
20 9 -25 0
13 15 -4 0
4 -1 23 0
20 4 13 0
12 -11 -24 0
-24 -12 19 0
28 24 10 0
-14 -20 16 0
-14 27 -16 0
-8 20 -12 0
18 28 -15 0
18 14 6 0
25 23 -1 0
-24 22 18 0
