c instance by G2
c solution = 110111110001011011011101000001
c Known solution cost is 9077 
p cnf 30 50
w 263 374 67 341 340 172 416 305 480 77 173 449 333 293 406 184 288 378 196 147 426 356 413 445 175 284 446 304 266 280
-9 3 -21 0
15 -5 -22 0
-14 1 -25 0
-28 -14 20 0
-7 -10 6 0
-9 -18 -5 0
25 23 8 0
17 -28 24 0
-22 -8 -28 0
21 28 -30 0
-25 -6 -20 0
9 -26 22 0
-20 23 24 0
27 18 -21 0
22 -2 -21 0
29 -1 -11 0
9 17 -4 0
5 -1 16 0
-1 -27 -7 0
-29 -7 -21 0
-7 -16 -17 0
2 -20 -6 0
-27 -21 -16 0
-26 14 -22 0
-12 -3 28 0
18 12 -29 0
15 -24 -21 0
-24 25 -29 0
-28 -13 -6 0
-6 14 13 0
-23 -6 28 0
-18 12 28 0
6 -19 -26 0
-28 -10 23 0
10 -4 -27 0
2 15 -17 0
16 -8 -19 0
-6 4 -15 0
1 -30 25 0
-20 -14 21 0
20 11 10 0
3 -26 23 0
26 22 23 0
-21 6 29 0
-17 -6 30 0
-14 -27 -5 0
-1 -8 -10 0
26 -7 -13 0
7 27 10 0
-1 29 -3 0
