c instance by G2
c solution = 010000000110000100110111011011
c Known solution cost is 6966 
p cnf 30 50
w 116 345 117 470 167 437 298 250 416 293 269 133 487 95 74 361 214 247 12 286 68 214 72 217 153 232 477 80 259 107
3 8 27 0
18 10 -12 0
-7 -2 6 0
-27 12 16 0
17 -18 -24 0
-22 8 -1 0
-26 29 -27 0
-15 25 12 0
-14 26 2 0
9 5 16 0
19 -30 13 0
-8 -23 -24 0
-30 -5 3 0
21 -6 -30 0
-1 -25 29 0
6 28 -7 0
11 -24 10 0
-19 -12 6 0
-28 -24 -2 0
-20 22 14 0
1 10 -29 0
2 9 -27 0
-26 10 -27 0
27 -19 -1 0
-26 2 12 0
23 -22 4 0
-30 16 -19 0
11 -12 10 0
-28 1 10 0
-18 -14 -19 0
23 12 -29 0
18 -3 7 0
-27 11 25 0
-13 14 -19 0
-24 30 5 0
-12 -23 13 0
1 21 -17 0
11 23 7 0
8 26 1 0
19 8 22 0
25 13 -4 0
-30 -9 -23 0
-21 -11 -2 0
24 5 -16 0
9 20 -30 0
3 -14 -22 0
-15 -21 -11 0
-25 -30 9 0
-24 -9 8 0
-4 -11 -23 0
