c instance by G2
c solution = 110100011101111101000011101001
c Known solution cost is 7520 
p cnf 30 50
w 354 319 376 36 480 127 15 127 126 128 496 483 376 245 123 264 78 148 423 141 20 83 372 430 141 363 303 283 345 315
4 -16 -25 0
8 17 -30 0
-7 19 -4 0
-23 -20 -27 0
5 -26 29 0
-24 -29 7 0
25 19 -27 0
22 -8 -19 0
26 -17 -23 0
-12 -22 -13 0
15 26 -8 0
-13 18 -20 0
3 27 -4 0
24 -12 20 0
2 25 -15 0
-18 22 12 0
-25 -2 24 0
-11 22 -9 0
-4 -1 2 0
18 15 -30 0
8 1 -3 0
-1 8 -18 0
3 -20 23 0
13 -22 -7 0
1 24 -11 0
-20 7 -4 0
-19 -26 30 0
12 20 10 0
-7 -14 -17 0
-16 19 -29 0
10 -30 -9 0
-21 -25 20 0
22 11 18 0
-3 -16 18 0
-15 1 -14 0
-30 22 9 0
-25 -8 23 0
11 30 -16 0
18 -1 11 0
7 22 -6 0
8 13 23 0
14 -30 3 0
-28 20 6 0
-27 -3 17 0
18 26 29 0
16 -25 11 0
27 21 4 0
-5 -15 -18 0
8 -6 -7 0
-15 13 5 0
