c instance by G2
c solution = 111110010011000011001001001111
c Known solution cost is 6149 
p cnf 30 50
w 77 429 56 152 98 284 154 445 195 326 20 160 290 8 32 92 139 450 195 361 49 384 318 67 98 65 306 257 360 282
-7 -27 -12 0
11 22 -2 0
-8 12 19 0
14 21 -8 0
15 -20 22 0
19 -18 -25 0
9 6 -13 0
16 -14 -3 0
-12 -7 16 0
-28 -27 5 0
23 30 20 0
13 10 28 0
-21 -5 -6 0
20 15 29 0
10 -1 -9 0
22 -29 27 0
-3 1 -30 0
30 16 -8 0
25 21 -11 0
13 -14 5 0
-23 22 13 0
-19 -27 -21 0
12 -7 -3 0
1 23 10 0
21 3 -10 0
19 -9 1 0
2 -11 15 0
-1 -28 8 0
20 28 -2 0
-3 17 25 0
-16 -17 -3 0
7 3 -2 0
2 -3 28 0
-5 -30 4 0
9 -1 -10 0
22 -20 -2 0
18 9 15 0
-26 23 -5 0
1 11 27 0
-7 -30 -26 0
-21 -15 -1 0
12 -2 23 0
14 24 -8 0
-6 11 -24 0
12 -15 -1 0
7 29 -21 0
-21 18 8 0
-14 -29 19 0
-17 -22 16 0
19 -22 21 0
