c instance by G2
c solution = 011001101110100100010010010111
c Known solution cost is 7383 
p cnf 30 50
w 62 29 368 454 88 289 486 461 170 47 457 282 161 213 353 146 58 377 100 338 269 432 299 103 21 294 64 343 280 339
-11 10 19 0
-2 25 23 0
13 3 -1 0
27 14 -17 0
26 1 -24 0
-3 -5 12 0
13 -2 -16 0
-13 -7 6 0
-12 -7 -28 0
-1 -25 29 0
17 -27 19 0
-2 16 18 0
2 -28 22 0
1 22 -14 0
11 -30 21 0
30 5 8 0
-14 5 -23 0
22 -18 -5 0
10 -12 2 0
4 3 24 0
-13 -8 19 0
-9 11 -8 0
-7 -23 -25 0
-1 13 24 0
8 14 7 0
8 26 -13 0
30 -20 -17 0
-26 -6 29 0
-19 17 27 0
-20 12 -22 0
-20 19 -18 0
19 1 -15 0
20 -7 15 0
-21 14 -13 0
-24 -30 8 0
-8 5 -30 0
-23 13 27 0
18 24 -19 0
9 12 1 0
-9 21 30 0
16 23 15 0
-4 -20 -28 0
4 -28 -1 0
1 28 -9 0
-28 -15 18 0
-14 -28 16 0
8 15 -21 0
9 28 -24 0
-23 9 11 0
19 -26 -25 0
