c instance by G2
c solution = 101010000001000010111100011000
c Known solution cost is 7480 
p cnf 30 50
w 108 7 39 146 242 304 326 64 128 62 498 306 303 418 461 448 1 259 230 481 304 46 430 160 406 81 96 398 459 269
2 12 25 0
-16 14 -3 0
-5 -19 -13 0
16 -8 -1 0
30 18 -23 0
29 -17 5 0
19 24 18 0
20 15 7 0
30 27 -1 0
-18 27 7 0
-19 -4 -3 0
13 -14 9 0
-12 -18 8 0
-22 6 -11 0
-27 -14 -2 0
7 -6 15 0
30 24 3 0
21 16 30 0
-24 30 -26 0
-27 -28 -19 0
3 15 13 0
-17 2 -8 0
-20 -8 25 0
6 16 -9 0
26 16 15 0
6 25 22 0
-15 -12 24 0
-20 17 6 0
29 -23 9 0
12 -5 -10 0
23 -29 25 0
14 -6 9 0
-19 -5 -10 0
1 9 -27 0
4 19 -20 0
-2 11 -5 0
-11 16 -13 0
14 -19 -30 0
-25 11 14 0
30 -12 -11 0
29 10 -9 0
21 -17 -24 0
-2 3 25 0
8 13 5 0
-7 28 4 0
25 -23 18 0
2 -24 -8 0
-26 -7 -21 0
-24 -25 16 0
20 -4 -28 0
