c instance by G2
c solution = 101101110000101000010010111100
c Known solution cost is 9327 
p cnf 30 50
w 211 441 343 175 277 314 383 421 431 421 213 51 107 495 358 440 484 459 445 269 383 453 188 198 65 379 113 403 112 295
4 -19 -28 0
-13 -19 -25 0
4 14 -6 0
9 -30 24 0
28 5 30 0
25 27 -11 0
-13 -17 16 0
-15 -29 2 0
-18 29 -28 0
-22 -28 20 0
-8 15 30 0
14 -8 1 0
-27 -22 17 0
-21 -7 -3 0
30 -4 -16 0
20 -28 -8 0
-25 -24 -23 0
2 18 27 0
-25 26 -7 0
-24 -29 -26 0
14 -16 -15 0
14 21 -10 0
-5 -15 -25 0
-25 2 6 0
27 -7 -15 0
-14 13 22 0
-23 10 -12 0
-9 21 30 0
29 4 21 0
-3 -23 -30 0
-18 -20 -24 0
11 -8 -24 0
-28 -9 19 0
13 -3 -20 0
-27 21 -12 0
-22 28 -29 0
-9 8 -21 0
-15 8 16 0
20 -9 10 0
-15 -14 12 0
15 -8 18 0
2 -11 9 0
24 -21 28 0
9 27 17 0
10 25 14 0
7 -25 -6 0
-2 14 10 0
11 4 -1 0
3 17 -26 0
10 23 14 0
