c instance by G2
c solution = 011100011101110100010001110111
c Known solution cost is 6782 
p cnf 30 50
w 81 83 51 11 492 40 466 420 423 214 361 316 494 261 28 153 104 298 82 94 9 202 242 202 285 473 27 136 393 341
-7 1 -29 0
7 20 17 0
25 -21 12 0
23 -17 13 0
-24 25 27 0
-12 2 -30 0
-8 16 -28 0
29 27 4 0
-3 10 1 0
-2 -6 -10 0
14 -29 -12 0
24 5 -28 0
19 -2 -1 0
-29 -28 -21 0
4 14 26 0
4 -25 19 0
8 -16 17 0
25 -10 -26 0
18 3 19 0
-19 -13 18 0
27 15 9 0
27 5 9 0
-5 -29 -27 0
13 -4 -12 0
9 -15 -5 0
-27 21 -29 0
-7 -27 -13 0
-20 -6 -26 0
-1 -4 11 0
18 22 -5 0
-2 -20 29 0
24 -20 -3 0
-3 -17 -14 0
-30 -10 12 0
-22 18 -9 0
-4 -8 -17 0
-15 -16 1 0
26 9 1 0
25 -4 -28 0
29 15 19 0
-14 -16 -19 0
-28 -29 30 0
-20 -14 4 0
7 -9 13 0
-28 -14 26 0
-18 -8 -4 0
17 6 -18 0
28 -4 -14 0
-23 -12 -8 0
-11 -2 -20 0
