c instance by G2
c solution = 010011101110010101010101101001
c Known solution cost is 6822 
p cnf 30 50
w 186 472 493 457 3 395 11 402 118 73 306 205 41 264 421 323 282 374 404 145 349 140 367 200 23 151 96 52 49 20
7 23 -11 0
9 17 12 0
-21 -5 -2 0
19 25 -20 0
-16 10 1 0
-25 -20 -28 0
11 14 -20 0
-7 29 -23 0
-9 22 15 0
17 -5 -28 0
-21 18 -20 0
-23 -14 11 0
-11 -6 2 0
-23 9 -14 0
-28 -9 20 0
-3 29 -22 0
14 17 28 0
-26 29 -18 0
-7 -28 27 0
17 24 28 0
-29 15 -18 0
20 -10 8 0
-19 -11 -2 0
-15 23 -2 0
1 -24 30 0
29 -7 18 0
-25 -26 22 0
-15 16 -19 0
-23 11 5 0
-10 -13 -2 0
15 -5 -12 0
-2 28 -8 0
-14 -3 -8 0
-30 -1 -11 0
-22 11 -24 0
-23 -21 9 0
1 -25 16 0
17 -24 6 0
24 28 19 0
-6 11 26 0
2 29 -7 0
1 -10 -21 0
-27 2 17 0
5 -7 24 0
-16 -4 -20 0
-6 -3 12 0
8 9 -12 0
-7 -27 -17 0
-24 5 -2 0
26 8 27 0
