c instance by G2
c solution = 010001010010111110010100110111
c Known solution cost is 7376 
p cnf 30 50
w 243 88 477 154 159 493 353 159 133 198 273 67 348 59 248 267 116 174 62 161 425 477 116 457 267 35 368 165 483 351
-22 -8 30 0
5 -27 -25 0
-13 15 27 0
-13 19 -27 0
-9 1 18 0
-20 -22 -24 0
8 -1 24 0
21 14 -6 0
20 1 17 0
-27 3 -28 0
-11 26 -22 0
-16 10 28 0
9 -14 -27 0
-26 17 -8 0
11 -14 -29 0
23 -16 -4 0
-21 -1 -8 0
5 -2 8 0
-4 -5 -11 0
-8 9 -3 0
9 -12 -20 0
5 2 -11 0
-21 7 -30 0
-23 -26 12 0
-2 16 24 0
-30 -22 -1 0
26 1 -8 0
-29 -17 -5 0
-18 -29 -26 0
8 27 17 0
-29 27 20 0
-10 5 -26 0
23 3 6 0
-22 21 -7 0
6 3 30 0
14 -30 -26 0
9 29 -26 0
6 14 23 0
1 19 -24 0
14 21 10 0
-18 27 8 0
-21 3 16 0
-29 2 22 0
-29 -18 -16 0
24 22 -25 0
28 -10 29 0
-25 24 -19 0
27 -6 25 0
-17 -7 -28 0
13 -2 -17 0
