c instance by G2
c solution = 111101101010110000010101011000
c Known solution cost is 8212 
p cnf 30 50
w 483 381 64 330 398 217 329 72 322 299 9 134 243 102 263 49 436 247 425 489 436 374 205 109 126 222 279 372 433 364
-15 5 26 0
-30 21 -5 0
7 1 10 0
-23 -9 -13 0
-30 -11 -27 0
-9 -10 -18 0
11 23 -2 0
-1 5 13 0
-4 -1 -16 0
15 -4 -18 0
-1 30 20 0
2 -1 16 0
-28 25 15 0
-22 -10 -26 0
-22 -23 30 0
-26 24 8 0
-26 -13 -8 0
-4 -15 17 0
3 16 -11 0
16 -17 -28 0
-21 16 -11 0
-8 29 18 0
-2 6 -26 0
17 -12 -1 0
-6 7 25 0
21 -5 15 0
29 -28 5 0
4 21 -7 0
-16 6 28 0
30 -17 19 0
16 -25 -9 0
-25 17 -12 0
-13 22 -2 0
-30 -11 -29 0
-16 -29 -10 0
-20 11 19 0
-29 21 -7 0
29 -5 -26 0
-24 21 9 0
-18 21 12 0
-27 1 -4 0
27 12 19 0
-1 14 -27 0
-8 -22 1 0
-20 -28 25 0
-24 -20 26 0
-11 5 -19 0
-3 12 -23 0
-21 23 -3 0
16 2 25 0
