c instance by G2
c solution = 000001010010011011111011111010
c Known solution cost is 7446 
p cnf 30 50
w 487 343 479 105 426 190 25 212 175 247 444 143 2 234 440 425 143 404 246 92 455 249 2 451 418 77 22 107 49 354
18 -1 -14 0
-28 5 20 0
-18 5 8 0
17 16 5 0
30 -16 10 0
-24 29 22 0
20 7 16 0
-11 -20 29 0
-26 8 -12 0
22 -11 6 0
-13 3 30 0
-25 18 -6 0
28 -14 23 0
21 -29 13 0
-25 1 -28 0
5 -12 9 0
-10 13 22 0
-2 -20 -8 0
9 -7 -1 0
25 18 22 0
12 28 -4 0
-7 9 -17 0
-28 14 2 0
-21 -17 25 0
19 9 30 0
7 14 19 0
18 14 -11 0
-13 1 12 0
-27 28 20 0
-22 -14 18 0
-18 -30 -21 0
28 -12 -24 0
9 7 14 0
21 -10 -5 0
-19 -6 -5 0
-22 12 -6 0
-3 10 -25 0
10 15 -21 0
13 11 5 0
-1 22 13 0
-5 -24 -9 0
30 24 -9 0
27 -21 -8 0
-30 2 -8 0
-14 20 -22 0
-11 -9 -14 0
22 28 26 0
3 -30 -13 0
19 -11 -15 0
28 24 -14 0
