c instance by G2
c solution = 0111100110111001010000001010010011101001
c Known solution cost is 9902 
p cnf 40 50
w 245 467 136 83 158 214 373 234 105 396 292 222 272 392 292 271 290 434 321 8 194 323 288 231 161 492 75 177 341 361 162 314 103 57 473 369 331 156 20 69
-26 -18 31 0
38 2 -5 0
-3 21 27 0
-25 -39 -35 0
18 -16 24 0
7 -35 -38 0
15 -18 -38 0
13 40 4 0
10 -29 15 0
-40 -9 -31 0
-12 7 25 0
-20 -5 -35 0
-7 1 6 0
-16 32 9 0
15 -35 -19 0
1 34 -26 0
3 -9 -13 0
38 32 12 0
7 -13 -36 0
-25 -21 31 0
-5 -37 8 0
26 -14 -37 0
30 -18 -12 0
17 -18 37 0
-27 1 4 0
-10 20 15 0
-40 -25 16 0
39 8 -16 0
-28 -8 20 0
-12 33 22 0
-12 -13 9 0
36 39 13 0
1 -10 5 0
-22 40 -28 0
-39 12 20 0
-3 35 -40 0
-18 -4 11 0
36 -37 -24 0
-13 34 22 0
-15 -37 -16 0
-40 -37 -32 0
2 16 7 0
40 10 21 0
10 38 -1 0
-17 -3 -18 0
-23 10 -11 0
-6 -9 7 0
-22 -35 -33 0
16 2 39 0
32 5 38 0
