c instance by G2
c solution = 0010000010001100011000110111101111000011
c Known solution cost is 8186 
p cnf 40 50
w 61 111 122 276 61 107 387 197 389 287 149 89 299 71 400 145 84 455 102 256 378 90 366 15 51 113 89 175 331 227 135 248 293 89 258 147 499 5 439 190
-33 3 21 0
22 -31 13 0
25 -21 -31 0
-10 -33 21 0
35 8 -30 0
-9 -18 39 0
33 -23 10 0
17 8 -37 0
14 -35 5 0
35 -33 -22 0
34 2 -39 0
8 17 -1 0
-6 -24 -31 0
40 5 6 0
-23 -31 13 0
-31 -19 -35 0
10 1 -35 0
-7 -33 -18 0
37 23 -26 0
37 -34 -7 0
-15 -34 11 0
-26 10 14 0
-25 20 -3 0
-33 30 27 0
20 2 -12 0
26 21 2 0
-23 19 4 0
11 -40 -17 0
34 -16 28 0
-11 37 7 0
5 17 -20 0
-3 31 20 0
-18 -33 -4 0
33 -26 6 0
-27 -33 31 0
-40 18 11 0
3 37 11 0
4 -40 32 0
30 26 37 0
-13 9 20 0
28 12 25 0
-5 -23 -27 0
-29 38 -8 0
29 -18 36 0
-16 3 9 0
7 -38 -33 0
-13 -32 -16 0
4 38 24 0
-2 11 -24 0
-39 30 -36 0
