c instance by G2
c solution = 0110111111011110000111010101011111100110
c Known solution cost is 8115 
p cnf 40 50
w 118 127 83 272 269 238 207 470 453 156 127 217 430 202 421 36 3 38 88 192 130 103 96 438 321 264 87 218 101 86 355 301 241 474 43 35 151 152 135 237
40 -13 24 0
6 -19 35 0
17 9 -26 0
-15 -13 -40 0
-17 16 -32 0
-24 -1 -35 0
-24 14 -7 0
21 -28 1 0
15 40 25 0
28 -10 -8 0
26 -30 -31 0
-14 22 -6 0
-6 25 2 0
29 33 14 0
31 -22 -30 0
18 37 6 0
-29 -26 -15 0
-12 37 -11 0
26 17 31 0
-6 -18 40 0
18 -27 -34 0
-27 -23 13 0
1 -25 -21 0
36 3 29 0
35 -20 -21 0
-9 30 -2 0
-16 1 -31 0
38 -21 -28 0
-28 12 -8 0
16 13 -32 0
-34 -38 33 0
10 18 -22 0
34 -32 -38 0
35 -3 -13 0
-23 -26 -10 0
11 29 -27 0
1 11 8 0
-24 8 -16 0
40 1 -4 0
37 39 11 0
18 7 -32 0
32 -39 27 0
19 -37 17 0
-15 20 -2 0
-27 25 -22 0
33 -9 35 0
1 23 -19 0
17 29 -36 0
37 5 -22 0
38 -32 -24 0
