c instance by G2
c solution = 0110110000011000010111100101101111100100
c Known solution cost is 8655 
p cnf 40 50
w 206 458 68 371 106 216 260 59 136 321 3 68 30 375 261 483 205 89 366 286 326 102 395 179 23 173 24 278 203 104 182 215 12 401 214 380 405 112 222 338
-33 12 14 0
-12 -13 21 0
2 -6 1 0
-24 -20 4 0
31 -22 1 0
-6 -29 -10 0
-1 9 4 0
-13 -17 1 0
-4 -35 8 0
20 39 -33 0
-18 -7 39 0
-5 35 -6 0
16 -15 -34 0
-19 31 18 0
40 10 28 0
37 3 24 0
10 40 22 0
3 12 10 0
-7 15 -13 0
-3 -25 17 0
-20 40 34 0
10 -19 14 0
-32 18 27 0
-33 -39 -23 0
6 36 11 0
-34 13 -19 0
23 -22 40 0
-22 -32 -27 0
27 -23 33 0
-33 -31 3 0
17 -38 12 0
17 -36 10 0
-9 19 4 0
24 -14 -28 0
-6 -20 13 0
17 -13 -40 0
25 37 -11 0
-32 -6 26 0
-6 -3 32 0
-39 -16 22 0
39 10 13 0
27 29 -4 0
-35 7 -16 0
-26 -30 -13 0
-10 -12 -34 0
-8 15 -28 0
38 -28 -33 0
8 17 5 0
25 30 -37 0
4 29 19 0
