c instance by G2
c solution = 1000101110000001000101101000110000001011
c Known solution cost is 10420 
p cnf 40 50
w 269 329 374 85 378 476 290 244 137 130 413 472 198 165 76 227 220 190 67 413 256 177 342 370 137 163 248 390 416 6 151 241 475 349 479 143 7 94 401 422
-23 40 -4 0
-30 -25 37 0
13 10 -32 0
2 33 -11 0
31 36 8 0
38 -10 -9 0
-22 13 1 0
-5 -24 -25 0
-40 -15 11 0
36 17 20 0
-13 36 -40 0
-34 33 3 0
9 -27 -12 0
-28 -40 3 0
-35 -20 38 0
5 17 21 0
-1 30 2 0
-12 -6 -32 0
33 -7 -38 0
31 -29 -21 0
-2 31 36 0
34 -9 23 0
15 40 18 0
-4 -32 34 0
38 9 36 0
-33 -29 -22 0
-28 -40 1 0
31 22 11 0
-37 25 13 0
-36 26 -7 0
-23 -40 16 0
-6 30 5 0
-26 -7 15 0
-18 -30 35 0
-4 34 12 0
-19 12 -5 0
36 39 -10 0
-20 7 19 0
11 -20 39 0
-13 17 -30 0
-39 -7 -6 0
24 -12 -37 0
-3 -29 13 0
34 -31 28 0
-40 -17 35 0
36 12 29 0
-14 -23 34 0
32 -27 3 0
-9 16 27 0
34 2 -24 0
