c instance by G2
c solution = 1101111110010001000001100000000010100011
c Known solution cost is 9865 
p cnf 40 50
w 145 195 367 251 121 102 441 429 360 244 191 321 19 171 268 201 91 434 134 430 368 380 103 108 472 45 422 52 468 87 155 282 462 388 378 243 178 58 267 34
-9 -23 -38 0
11 -26 13 0
31 5 38 0
20 31 -21 0
10 29 8 0
27 -34 25 0
13 -25 24 0
-25 -1 -10 0
-4 -18 27 0
-23 16 -7 0
-24 20 -4 0
-5 -4 -29 0
18 -25 1 0
-11 -35 21 0
-30 13 17 0
13 -19 3 0
3 35 15 0
19 10 2 0
-27 -4 -35 0
14 24 -34 0
30 -28 17 0
-31 -3 -10 0
-32 31 30 0
-35 14 33 0
40 -9 28 0
14 -17 30 0
34 4 19 0
-7 34 6 0
-20 21 31 0
26 -13 25 0
-31 -23 14 0
10 -5 -37 0
-29 -4 13 0
-33 -1 12 0
-36 -23 -8 0
9 -2 20 0
38 39 -4 0
10 21 1 0
14 7 32 0
20 -6 22 0
33 18 27 0
-14 18 36 0
-12 25 -10 0
-33 23 21 0
-40 28 -27 0
-34 -19 15 0
-7 -40 -3 0
39 -10 22 0
-15 24 -2 0
-31 -17 -16 0
