c instance by G2
c solution = 1000111010110110111111000100111000101010
c Known solution cost is 10228 
p cnf 40 50
w 216 81 229 465 473 488 85 375 122 436 30 204 282 331 490 125 390 443 148 347 160 56 366 297 390 214 217 213 43 231 356 347 292 425 96 207 40 342 143 33
37 -15 -31 0
18 -1 -39 0
-32 40 -25 0
25 3 -38 0
5 -30 -12 0
19 -31 36 0
7 32 -30 0
-23 20 35 0
36 -27 -29 0
-22 -30 21 0
-30 -28 -29 0
12 16 -9 0
-22 34 -13 0
-32 -30 10 0
-35 27 6 0
17 33 35 0
-22 -20 -24 0
9 -19 4 0
-22 30 25 0
-31 34 30 0
33 10 -36 0
-8 12 27 0
3 40 11 0
-31 40 -10 0
-12 -26 -27 0
27 1 8 0
17 -30 -9 0
35 36 -21 0
26 13 -29 0
-39 38 -4 0
-23 3 -39 0
23 -37 31 0
-3 40 -9 0
39 8 24 0
-16 -12 28 0
-33 -1 -5 0
38 -34 -23 0
-7 15 32 0
-5 -8 -9 0
19 -1 -25 0
27 -34 -20 0
8 14 -21 0
34 10 20 0
32 -17 -40 0
-19 -31 -2 0
2 -3 -35 0
40 11 39 0
-29 22 -37 0
16 -30 -25 0
-9 36 29 0
