c instance by G2
c solution = 1011001101101010010011110011101100011111
c Known solution cost is 10000 
p cnf 40 50
w 408 359 225 345 416 236 107 56 308 264 163 406 437 7 362 178 429 350 415 468 278 79 164 437 107 387 406 422 154 161 415 20 437 23 216 85 120 42 102 6
-14 -1 6 0
-38 -6 30 0
35 3 -36 0
-27 -33 2 0
-27 -4 15 0
-7 -25 -31 0
-32 2 29 0
-4 -8 18 0
-16 -22 -29 0
29 -39 -27 0
-23 -38 40 0
-21 31 6 0
-19 -29 -39 0
29 -34 -28 0
-5 -4 17 0
26 -13 10 0
-30 -21 35 0
20 33 37 0
-24 -18 36 0
-20 12 -28 0
26 24 17 0
-38 -23 -2 0
26 -17 -7 0
26 5 21 0
-3 26 13 0
-12 -7 -15 0
-31 1 -21 0
-28 -6 35 0
4 34 -40 0
18 -13 -7 0
-36 38 -8 0
23 36 4 0
27 25 -8 0
-29 -17 -30 0
-34 37 5 0
19 -34 -11 0
28 -22 17 0
14 -10 7 0
-28 11 -38 0
-6 -37 -36 0
-26 2 35 0
-31 33 8 0
-24 39 -27 0
-2 -36 25 0
-35 -22 -1 0
32 9 -7 0
-15 22 -36 0
-9 -15 34 0
16 23 -3 0
31 36 33 0
