c instance by G2
c solution = 1000100001111111001010010011000110000010
c Known solution cost is 9940 
p cnf 40 50
w 138 185 366 72 37 430 481 435 8 70 159 395 295 250 75 212 223 237 290 302 451 300 208 22 221 345 395 237 28 203 71 357 462 43 403 386 152 281 251 464
26 33 18 0
8 14 -21 0
18 -9 31 0
-16 -39 11 0
12 26 35 0
-37 3 -5 0
13 -14 -33 0
-12 8 16 0
36 -10 16 0
36 -2 29 0
-34 -13 35 0
-16 35 -30 0
24 -12 31 0
-16 -2 23 0
37 -15 -29 0
6 2 5 0
-13 -11 19 0
6 8 -40 0
-19 35 24 0
25 12 -22 0
-10 2 -25 0
17 -39 -36 0
2 20 21 0
-38 -24 34 0
2 -17 7 0
39 19 3 0
38 17 28 0
35 -12 10 0
26 35 39 0
34 1 -28 0
3 -38 -14 0
-22 26 18 0
4 -12 -23 0
35 -18 -13 0
27 30 18 0
-2 -12 35 0
37 29 -35 0
-3 29 -24 0
-4 -10 17 0
-31 -21 -1 0
-26 -39 30 0
18 32 -19 0
-6 36 -16 0
29 17 -8 0
15 18 -16 0
3 40 -7 0
8 -15 28 0
37 32 3 0
22 -11 -20 0
28 23 -31 0
