c instance by G2
c solution = 0011000000011001110101101100001011000000
c Known solution cost is 9366 
p cnf 40 50
w 445 117 213 157 149 250 444 79 413 91 153 473 97 443 454 492 123 194 227 57 329 373 145 178 74 178 83 421 300 24 136 457 243 321 124 329 114 105 152 209
17 8 19 0
6 -27 2 0
-25 -38 -16 0
32 -1 15 0
-23 1 -8 0
-37 -3 -16 0
32 18 30 0
-21 -26 29 0
8 -16 -35 0
-8 -33 -6 0
14 29 -28 0
39 -15 37 0
19 34 27 0
-20 5 -1 0
32 28 20 0
-11 -16 36 0
-30 -15 1 0
17 11 -39 0
19 -32 -18 0
-13 -40 -36 0
39 -24 -33 0
33 -13 35 0
-7 14 15 0
30 25 14 0
9 -12 -40 0
23 -30 -27 0
-18 -2 28 0
4 7 19 0
25 26 -4 0
-17 6 3 0
26 11 -4 0
37 29 -10 0
-22 24 -36 0
23 10 21 0
-26 -25 12 0
21 13 32 0
14 40 -30 0
14 22 -30 0
-34 8 -14 0
-4 -29 -17 0
1 22 -16 0
-19 30 37 0
31 -18 36 0
-4 -39 24 0
35 -22 -5 0
24 -9 -18 0
26 9 17 0
-6 -25 -12 0
-33 16 36 0
3 6 1 0
