c instance by G2
c solution = 1011010110000010100010100101110100111110
c Known solution cost is 9680 
p cnf 40 50
w 252 184 45 397 352 180 199 466 245 53 137 470 57 373 276 108 134 242 438 246 67 93 461 416 361 95 194 351 18 450 12 9 473 348 267 448 225 4 237 297
31 40 -10 0
39 5 20 0
-39 22 15 0
7 -38 1 0
-28 -3 -18 0
-27 25 -3 0
-15 -36 -5 0
20 14 21 0
22 36 12 0
-16 -17 -36 0
17 24 2 0
27 -21 26 0
2 8 -28 0
18 -24 -37 0
25 33 30 0
15 39 19 0
-1 3 31 0
-25 -33 -5 0
19 4 12 0
-20 10 17 0
22 38 -26 0
-19 10 24 0
22 -14 -35 0
32 -38 -1 0
2 -22 -29 0
10 -3 32 0
-20 -38 -18 0
-33 14 32 0
2 -17 37 0
-39 18 -34 0
33 2 23 0
-1 -31 -15 0
7 -37 29 0
-28 -12 34 0
-26 35 7 0
-36 -7 18 0
-13 -35 -37 0
19 7 -20 0
-20 27 -17 0
-36 -11 19 0
10 -2 24 0
39 -18 -24 0
40 -30 -25 0
31 -38 28 0
32 -40 25 0
10 30 9 0
6 -28 -8 0
9 -4 -1 0
-23 -40 -32 0
-36 -39 -33 0
