c instance by G2
c solution = 1000111000000111000100100101001100110000
c Known solution cost is 9700 
p cnf 40 50
w 243 241 38 137 122 22 179 128 187 90 126 436 173 408 471 483 264 473 39 173 185 465 188 408 295 226 367 395 221 180 46 73 323 166 54 363 219 487 416 190
-19 40 2 0
-4 -6 13 0
-2 9 -35 0
36 30 -6 0
40 -18 23 0
-9 21 19 0
-23 -4 -28 0
38 28 17 0
-34 -23 33 0
5 34 22 0
2 -26 -12 0
39 35 19 0
-18 21 13 0
11 -39 -26 0
-27 8 9 0
39 -22 12 0
21 -29 34 0
-26 -3 13 0
-37 24 21 0
9 15 14 0
37 -16 20 0
-12 -14 -26 0
-1 11 26 0
37 -11 24 0
-10 18 39 0
18 -27 25 0
31 2 -15 0
21 7 37 0
36 29 -40 0
-23 22 -13 0
27 2 -17 0
40 -16 15 0
32 18 27 0
-12 -4 19 0
-22 6 25 0
20 39 -3 0
-30 25 19 0
37 -36 16 0
6 19 -20 0
-33 -7 -20 0
1 -28 -20 0
-31 21 -24 0
19 23 24 0
-40 38 -7 0
2 29 5 0
9 -8 29 0
14 2 30 0
2 -38 19 0
34 -21 24 0
40 -32 -25 0
