c instance by G2
c solution = 1001010111011011101001100001100010000011
c Known solution cost is 8674 
p cnf 40 50
w 296 103 447 10 275 240 126 76 31 113 451 295 385 108 404 275 261 363 225 299 497 98 293 419 89 156 37 107 84 357 6 183 115 5 274 449 95 263 122 242
-40 5 16 0
-30 37 3 0
20 -25 31 0
8 26 11 0
-13 15 35 0
-37 38 -6 0
31 40 32 0
20 32 10 0
25 -40 1 0
-21 26 -18 0
-9 -27 3 0
-40 3 39 0
33 -23 24 0
2 24 29 0
12 30 -17 0
-16 11 -2 0
-39 -19 -38 0
-34 30 -19 0
-14 -17 24 0
-7 -10 -6 0
-19 10 7 0
-21 -15 31 0
12 21 -26 0
24 -36 -29 0
-23 6 -8 0
19 34 30 0
-39 -32 11 0
11 31 -3 0
10 -40 -15 0
-19 -35 21 0
7 13 34 0
-28 5 -32 0
-18 -8 38 0
-29 -6 -31 0
-24 -29 35 0
11 9 27 0
-20 31 32 0
3 31 28 0
34 -11 2 0
-26 -19 5 0
17 -16 -22 0
15 -14 -7 0
-5 35 31 0
-4 22 -17 0
-3 1 -40 0
-31 -6 2 0
2 -6 4 0
-1 19 25 0
30 -37 35 0
23 24 30 0
