c instance by G2
c solution = 0110110110001000101110100001000011011111
c Known solution cost is 10023 
p cnf 40 50
w 380 147 306 324 421 117 159 85 350 157 176 198 237 336 419 87 58 307 50 63 429 297 420 492 210 283 295 116 356 47 364 2 343 327 339 135 309 468 41 373
-33 -25 -5 0
-5 35 -7 0
24 9 22 0
-40 -2 21 0
-4 -33 25 0
-17 21 37 0
-18 -37 14 0
-11 -19 26 0
3 -5 29 0
26 14 2 0
-37 -35 12 0
-23 36 10 0
-31 35 -33 0
23 7 31 0
1 -40 -18 0
-8 -2 19 0
30 -5 33 0
-3 12 -27 0
-26 -34 24 0
-24 -19 -17 0
35 -39 -15 0
-23 -12 -2 0
-9 -14 26 0
29 39 11 0
13 15 -3 0
-37 11 -32 0
-26 -23 27 0
35 24 17 0
34 25 16 0
8 26 -2 0
4 6 14 0
30 -29 22 0
-5 20 18 0
35 30 -22 0
40 -19 12 0
-3 -10 -33 0
18 38 -37 0
26 5 12 0
12 -16 32 0
-17 -1 -21 0
1 -28 -14 0
-13 26 28 0
-34 38 26 0
37 -28 31 0
29 -28 -18 0
2 -25 -16 0
-16 36 35 0
-27 -5 -28 0
-36 -30 -21 0
40 10 -15 0
