c instance by G2
c solution = 0001110111101001001001101000100111110110
c Known solution cost is 9163 
p cnf 40 50
w 382 234 461 259 213 58 15 96 30 160 232 185 372 475 219 191 3 409 354 240 33 415 204 228 147 383 400 81 433 400 430 250 375 7 85 80 172 113 157 182
3 -39 -12 0
-11 -18 20 0
-11 -38 29 0
1 -24 18 0
-13 1 11 0
26 -40 -29 0
27 -35 19 0
4 -11 -34 0
-28 30 -22 0
23 1 -38 0
12 21 32 0
13 -36 -29 0
5 21 -32 0
-19 15 -3 0
34 -6 28 0
-38 -27 -5 0
24 11 -36 0
-8 -31 40 0
-7 31 -38 0
-32 -21 40 0
3 22 -38 0
-15 -32 -18 0
14 -6 9 0
3 19 5 0
-10 -1 -6 0
-37 7 31 0
-18 31 -26 0
-5 7 39 0
-35 25 -16 0
-35 -2 -11 0
1 14 19 0
33 24 -16 0
-17 -27 29 0
35 -5 -13 0
11 -36 -32 0
-8 -6 -20 0
-9 -12 14 0
-13 3 10 0
-26 27 15 0
-32 -15 -22 0
-6 16 -39 0
-14 24 17 0
-10 18 8 0
-21 -19 17 0
-22 6 -19 0
37 -30 31 0
36 23 33 0
-13 -23 38 0
17 -25 36 0
-17 -16 2 0
