c instance by G2
c solution = 1001111011110110011100010111001010100110
c Known solution cost is 9698 
p cnf 40 50
w 445 101 297 394 125 172 234 334 117 414 198 460 1 207 369 298 69 173 134 191 357 446 416 210 335 36 332 31 208 278 365 94 496 289 22 204 40 266 334 206
-21 -5 36 0
-5 -32 16 0
26 -33 -27 0
10 -12 -1 0
-12 -25 -4 0
23 -4 11 0
23 31 22 0
-20 -29 -39 0
-35 -38 7 0
35 -15 -38 0
-38 -6 -23 0
-9 15 -7 0
-39 2 -25 0
-9 -32 -26 0
-7 -19 -17 0
-27 17 28 0
3 -11 5 0
-19 -4 -3 0
-20 -36 -31 0
-24 -10 7 0
-36 9 -19 0
2 17 39 0
18 -35 -28 0
27 -4 -1 0
-14 -1 -17 0
-20 22 -30 0
31 32 -2 0
33 2 29 0
1 2 -33 0
-22 -39 -33 0
-38 36 12 0
-38 -24 19 0
21 -30 -6 0
-20 -14 -34 0
6 -20 17 0
-30 -15 -13 0
-34 -40 23 0
8 -40 22 0
21 -11 24 0
32 14 22 0
-38 13 -2 0
25 9 -31 0
-5 -31 20 0
20 -5 -16 0
29 -37 -20 0
40 17 -8 0
38 -28 8 0
4 -33 -28 0
-13 30 29 0
-16 -19 -24 0
