c instance by G2
c solution = 1010111100100001000101010010101000111010
c Known solution cost is 9571 
p cnf 40 50
w 95 404 335 285 269 392 278 168 432 354 390 496 12 95 291 31 224 17 416 19 219 443 113 111 122 226 397 68 328 145 284 441 227 220 476 270 236 46 144 52
-24 26 -14 0
14 -7 -9 0
-32 -7 4 0
-8 13 16 0
6 -3 -24 0
5 33 -14 0
18 -5 -4 0
2 7 17 0
-7 -26 15 0
18 -15 30 0
-6 -8 -30 0
-30 20 -7 0
20 -6 -36 0
14 -13 -11 0
-19 18 -24 0
-29 22 12 0
23 -3 -17 0
38 -26 37 0
-5 -28 30 0
30 18 39 0
-10 -15 -30 0
-9 13 -37 0
3 -38 26 0
-12 -31 23 0
-2 -27 15 0
12 -40 -36 0
37 21 -31 0
29 18 -39 0
-38 12 -3 0
4 27 18 0
36 -5 -11 0
13 35 32 0
12 -34 -11 0
-22 -18 14 0
11 30 -3 0
34 -23 32 0
14 -21 40 0
-29 -33 -27 0
3 33 -36 0
28 40 1 0
-29 -8 -10 0
-16 2 31 0
24 12 25 0
-38 26 16 0
15 -3 5 0
-36 -11 -40 0
-3 -36 8 0
-37 15 -25 0
4 -7 -25 0
40 -1 31 0
