c instance by G2
c solution = 10111011111011111010100111000110
c Known solution cost is 8823 
p cnf 32 50
w 211 409 476 283 191 424 357 140 459 375 333 301 2 261 204 277 287 450 94 192 384 351 167 481 242 337 263 309 124 156 252 31
-12 -19 -16 0
-1 -7 31 0
12 -27 -1 0
23 -8 15 0
26 -15 -14 0
10 -1 28 0
23 9 28 0
-31 -29 20 0
-9 21 -13 0
-21 22 4 0
12 -9 13 0
30 20 23 0
20 29 11 0
-10 14 -21 0
-8 -32 -24 0
24 -21 7 0
7 -31 -8 0
-11 -8 19 0
-30 -22 -21 0
27 -3 8 0
8 14 -15 0
-24 13 1 0
-10 16 -1 0
-17 24 23 0
29 7 -32 0
-6 -2 -10 0
9 32 -31 0
9 20 -10 0
32 31 -21 0
-28 23 -19 0
29 3 -1 0
17 -5 -7 0
-11 -6 -15 0
14 32 -7 0
13 6 9 0
27 -28 -8 0
20 -3 -18 0
-17 25 12 0
5 -16 22 0
-14 1 23 0
-31 26 13 0
6 -5 -18 0
-20 28 -21 0
-2 28 -10 0
29 -13 -23 0
5 -15 29 0
2 30 21 0
-31 -12 32 0
21 26 30 0
-1 9 -15 0
