c instance by G2
c solution = 10011000100100110011101110000100
c Known solution cost is 8018 
p cnf 32 50
w 369 441 406 306 277 37 458 324 367 140 338 160 131 497 301 376 71 328 320 349 134 229 334 32 395 105 295 125 46 92 224 11
21 6 -20 0
17 11 -3 0
-21 5 25 0
-19 22 -28 0
-24 12 13 0
-21 27 9 0
-10 6 13 0
1 13 -19 0
-13 27 2 0
30 -20 -25 0
-8 -4 17 0
8 -30 15 0
-14 -23 -16 0
-12 16 -25 0
-30 15 12 0
-18 -7 -31 0
6 -17 -21 0
26 6 -14 0
-27 17 8 0
-28 21 24 0
-16 23 29 0
3 -11 -15 0
-3 7 28 0
-26 -19 -4 0
-16 4 -13 0
-29 11 -9 0
10 -6 -19 0
19 -22 6 0
-4 2 -32 0
6 -2 17 0
-2 -11 -32 0
20 25 5 0
4 3 26 0
-24 -20 -18 0
21 -26 -15 0
-31 18 -24 0
-1 -22 6 0
23 16 -22 0
24 32 6 0
31 -11 30 0
-27 -22 -7 0
-12 11 5 0
22 -16 19 0
-8 18 -23 0
-15 27 -17 0
25 14 -24 0
20 -19 -23 0
4 -18 -21 0
6 22 9 0
-7 -12 8 0
