c instance by G2
c solution = 01000111011011010010100010001110
c Known solution cost is 8993 
p cnf 32 50
w 280 475 382 104 193 49 340 257 379 450 111 285 384 347 260 108 144 370 446 412 224 271 394 205 354 63 225 204 260 265 451 301
-21 -5 -6 0
-19 5 -20 0
18 -16 -17 0
12 26 11 0
-4 28 -21 0
-14 -4 21 0
-24 9 28 0
-14 -4 -30 0
16 29 -8 0
-23 -16 9 0
-6 -32 -15 0
-28 24 5 0
29 11 -4 0
2 12 7 0
-24 23 -7 0
-32 -31 -21 0
-7 21 -6 0
12 -13 8 0
-12 -25 -2 0
13 14 28 0
27 20 2 0
23 -21 -18 0
11 -2 -19 0
29 22 24 0
-6 26 19 0
-16 1 -15 0
9 30 5 0
-27 4 -7 0
23 -10 25 0
-29 -31 -3 0
23 -21 -27 0
7 -13 -17 0
20 -8 -28 0
14 3 -25 0
15 7 -25 0
-8 -1 -28 0
-14 18 6 0
15 -25 16 0
15 13 20 0
-26 9 19 0
10 -19 -11 0
-9 -13 25 0
30 32 -14 0
-29 4 31 0
15 -29 -9 0
-1 22 -7 0
-26 21 18 0
-29 -22 5 0
32 -8 11 0
-8 -26 32 0
