c instance by G2
c solution = 01111011010101010000010000001011
c Known solution cost is 7935 
p cnf 32 50
w 20 83 471 185 479 323 411 319 67 422 270 492 325 481 108 335 162 73 233 175 334 469 302 76 142 2 104 1 155 410 352 154
30 -8 -28 0
-31 -27 -3 0
-16 20 -26 0
-16 -28 -9 0
-3 25 -1 0
8 -16 30 0
15 -11 -9 0
21 23 10 0
-7 16 23 0
-3 28 31 0
24 -23 17 0
30 17 22 0
29 9 18 0
-22 -19 18 0
-14 -3 5 0
7 -26 -18 0
-10 -16 -9 0
-25 30 -7 0
20 -32 -18 0
-16 -13 -3 0
-24 1 3 0
23 16 1 0
13 20 -6 0
-22 1 -15 0
21 -7 4 0
25 -32 12 0
-4 1 8 0
21 -1 22 0
-28 -19 -32 0
-11 -10 -22 0
-18 -20 24 0
-30 -6 -13 0
-5 -16 3 0
-13 -6 -19 0
-14 15 -13 0
-4 25 -21 0
28 -14 7 0
-3 32 24 0
28 22 4 0
-22 23 -20 0
-31 11 -27 0
-17 -32 21 0
-32 -22 -9 0
11 -17 27 0
-22 2 21 0
-32 28 -24 0
-16 -2 12 0
1 -30 -3 0
14 -2 9 0
12 -13 -25 0
