c instance by G2
c solution = 11010110011111001001101100100000
c Known solution cost is 8965 
p cnf 32 50
w 334 498 267 316 40 2 393 227 116 311 258 407 442 160 307 342 61 332 249 353 378 357 161 413 229 131 478 316 223 395 285 184
11 5 8 0
14 28 -10 0
30 -15 -2 0
1 3 16 0
-11 6 9 0
16 20 8 0
7 -17 -10 0
7 -10 -25 0
-30 -25 5 0
13 -6 -4 0
12 -24 -21 0
-6 -29 5 0
-14 -10 13 0
1 29 18 0
-24 -10 -22 0
-1 31 2 0
-17 -26 31 0
3 -9 5 0
-2 5 23 0
-3 13 -5 0
-14 24 -13 0
-27 29 -26 0
30 -5 26 0
-18 -4 31 0
-3 8 -10 0
3 -9 23 0
-21 -26 25 0
21 -11 32 0
9 -1 -8 0
-23 3 -9 0
14 15 -18 0
-13 2 15 0
21 23 -27 0
-27 -28 5 0
27 15 -2 0
-25 28 -24 0
-18 -6 -15 0
-21 13 12 0
-10 -8 -17 0
8 -7 17 0
5 19 10 0
-16 -21 -6 0
-31 22 26 0
-30 26 15 0
24 6 13 0
-2 24 -14 0
-1 -32 -24 0
17 -23 30 0
-23 8 4 0
5 -19 -21 0
