c instance by G2
c solution = 11001000010101100010111110000000
c Known solution cost is 6950 
p cnf 32 50
w 275 254 449 240 12 405 89 473 109 28 6 192 159 75 1 198 176 361 445 424 459 402 305 47 124 228 0 256 497 49 58 154
-10 -18 13 0
-21 17 23 0
-13 29 23 0
-30 29 13 0
2 6 -12 0
-25 -6 -14 0
-4 28 27 0
13 -4 29 0
24 -25 11 0
-5 22 -14 0
-23 -9 7 0
6 -32 -14 0
1 16 -10 0
27 -1 -8 0
3 22 -18 0
17 -3 31 0
3 -27 -21 0
30 -22 -7 0
3 25 -19 0
4 5 31 0
21 -17 14 0
-5 10 28 0
27 5 -14 0
-12 -22 -17 0
2 -25 -22 0
19 29 31 0
-21 4 -26 0
-32 -3 14 0
-32 1 -18 0
29 24 -21 0
-22 -11 8 0
28 -13 3 0
2 -14 -15 0
-23 12 8 0
-31 6 4 0
13 -14 -7 0
14 -21 6 0
-13 -3 -6 0
6 21 -19 0
-2 13 -16 0
-21 -26 -24 0
-15 26 -29 0
-20 -2 3 0
-16 -24 -13 0
-11 32 -10 0
-26 7 -1 0
-6 30 -23 0
-26 -8 15 0
-25 -22 15 0
-28 6 4 0
