c instance by G2
c solution = 00010110010111100000011001101101
c Known solution cost is 8131 
p cnf 32 50
w 278 24 347 413 145 365 348 98 360 112 297 313 272 11 406 151 240 300 305 234 59 96 471 57 324 434 456 242 141 182 402 248
-19 -29 17 0
-15 1 -11 0
-32 12 25 0
16 32 9 0
17 -4 12 0
-18 5 -14 0
1 32 18 0
21 22 -30 0
-21 -12 5 0
-20 -14 5 0
3 -20 11 0
6 -13 -26 0
-10 29 20 0
19 -2 -32 0
17 -23 -8 0
-11 3 -21 0
-31 -14 5 0
24 -26 -25 0
-15 16 -18 0
-12 14 -6 0
14 17 21 0
11 -17 21 0
4 -29 -22 0
-7 20 -2 0
-8 7 20 0
6 15 18 0
-7 -23 -5 0
-1 -4 -22 0
-26 -7 22 0
15 17 9 0
-7 -3 18 0
-12 13 -30 0
31 2 26 0
-6 -28 3 0
-2 8 28 0
31 -9 28 0
13 9 -15 0
-1 18 10 0
30 21 -29 0
-16 8 -7 0
29 7 4 0
-4 23 18 0
10 31 -32 0
-7 -3 9 0
-27 -22 7 0
22 -28 5 0
27 -12 -14 0
-15 -22 12 0
5 -10 -31 0
-24 16 3 0
