c instance by G2
c solution = 10000000111101101000000001100101
c Known solution cost is 8057 
p cnf 32 50
w 182 494 358 495 425 183 170 57 183 41 69 56 440 222 250 441 488 320 381 400 160 71 245 177 361 194 323 257 293 61 53 207
24 -13 19 0
-21 -9 2 0
-23 4 -9 0
-10 8 -4 0
-19 16 -9 0
9 -10 -14 0
18 7 -16 0
12 -32 -15 0
21 -8 32 0
1 19 7 0
-17 -26 32 0
-21 -17 -3 0
-20 11 2 0
23 -20 -26 0
31 30 -9 0
13 4 11 0
10 -31 -5 0
3 -11 15 0
-25 16 31 0
22 4 -7 0
-13 -21 -2 0
-15 -14 -6 0
-28 15 18 0
-11 -15 -8 0
-12 27 5 0
-9 -30 -22 0
10 -6 -5 0
-15 4 -29 0
-15 9 24 0
-24 7 4 0
-15 26 25 0
-18 24 -27 0
22 -15 -3 0
12 -26 27 0
3 -2 21 0
-9 13 -31 0
17 -7 -27 0
30 5 6 0
14 28 25 0
1 14 7 0
-4 -30 17 0
20 10 4 0
8 6 -28 0
15 17 -28 0
23 -18 -12 0
28 -5 22 0
-6 -13 -20 0
24 16 30 0
-29 -8 27 0
4 17 2 0
