c instance by G2
c solution = 01101011101010001010110110010100
c Known solution cost is 8001 
p cnf 32 50
w 108 290 274 408 19 446 448 370 415 327 137 92 264 93 3 2 407 342 272 28 279 442 186 382 388 21 64 351 229 229 453 232
13 1 -7 0
-20 -18 -9 0
29 -1 -13 0
-15 26 18 0
11 -24 10 0
-20 -5 13 0
-21 -14 -7 0
17 15 -24 0
-10 12 -3 0
4 -32 -3 0
16 23 30 0
23 -12 -9 0
21 -27 15 0
25 10 26 0
29 -23 2 0
-23 -24 1 0
8 4 -2 0
28 26 31 0
-11 -3 -16 0
-1 -22 -30 0
-22 5 -7 0
-17 -30 -6 0
24 6 29 0
-27 -24 -19 0
16 3 27 0
29 21 16 0
8 17 19 0
-17 -29 -16 0
-19 15 7 0
-2 14 -20 0
-28 19 20 0
-25 11 28 0
29 -20 32 0
-29 18 26 0
-9 -4 1 0
26 -2 22 0
16 -26 -24 0
-29 5 10 0
-24 32 2 0
28 26 -14 0
31 17 -30 0
-11 9 32 0
-21 -7 -18 0
16 -31 14 0
-16 -7 -13 0
-3 29 -16 0
-31 -3 29 0
7 8 -23 0
-25 -31 12 0
32 7 26 0
