c instance by G2
c solution = 10011010010011100101100001101111
c Known solution cost is 8330 
p cnf 32 50
w 492 108 239 340 276 410 129 302 219 27 81 78 330 368 401 408 77 48 7 83 451 198 493 111 481 480 212 79 350 378 439 235
15 -29 -1 0
24 11 -17 0
31 -23 19 0
-11 29 20 0
-18 13 17 0
14 -18 -21 0
-13 26 -31 0
3 -9 22 0
-12 23 -13 0
-7 14 -15 0
22 -31 7 0
-20 5 -28 0
-12 16 -26 0
9 -2 -28 0
18 13 -17 0
-7 17 4 0
-10 28 -6 0
16 -14 29 0
-24 -18 -3 0
-2 8 -10 0
-32 -12 9 0
-27 31 11 0
-7 18 22 0
9 -27 31 0
-18 -32 1 0
-26 -23 -32 0
-3 19 23 0
27 28 -5 0
4 -28 -11 0
-14 -24 28 0
-8 1 30 0
22 17 -8 0
8 10 -13 0
9 -25 -29 0
9 32 -20 0
6 1 -4 0
-13 -30 -28 0
9 -19 -7 0
9 25 13 0
26 21 -16 0
2 19 -16 0
20 22 -30 0
25 24 -11 0
21 -5 11 0
21 -10 17 0
-29 19 -11 0
8 5 -7 0
-1 10 -7 0
25 9 30 0
-18 -22 -31 0
