c instance by G2
c solution = 10100100101011111000110001110100
c Known solution cost is 8896 
p cnf 32 50
w 292 207 345 74 272 489 172 363 200 247 375 391 342 56 245 221 363 84 133 482 51 53 218 257 323 433 208 489 398 298 388 427
-7 8 -19 0
32 -29 -3 0
-27 20 28 0
3 -12 -32 0
-20 11 9 0
5 24 22 0
-23 -6 31 0
-22 3 24 0
-6 -25 -27 0
12 -7 20 0
-27 16 18 0
-32 8 10 0
29 31 26 0
-32 -12 21 0
25 -30 -20 0
-11 -26 17 0
25 -13 11 0
-3 -23 29 0
18 21 19 0
18 10 14 0
-5 -14 -16 0
13 29 26 0
27 -9 12 0
20 7 9 0
31 -21 -12 0
2 -24 -21 0
-11 -10 4 0
15 -11 23 0
-20 -23 18 0
-27 -18 -21 0
-27 30 -3 0
19 13 -14 0
-19 -14 -30 0
28 26 32 0
14 -31 3 0
-22 -9 15 0
3 14 -31 0
-19 -10 -24 0
5 29 6 0
-1 22 -14 0
-8 -16 -9 0
-3 -30 -5 0
21 -18 -7 0
-28 10 9 0
14 28 -3 0
-13 1 23 0
10 18 -31 0
-2 19 -13 0
-30 -3 -4 0
2 -3 16 0
