c instance by G2
c solution = 10101011001011010111011010011100
c Known solution cost is 7295 
p cnf 32 50
w 493 280 479 3 465 313 64 9 455 306 21 211 81 296 233 117 40 386 310 98 59 39 406 254 496 389 93 176 292 415 10 6
15 10 -21 0
-22 9 -31 0
32 2 19 0
9 18 -29 0
3 -5 2 0
13 -7 27 0
4 8 30 0
-12 -8 -5 0
-18 14 21 0
-3 -17 -27 0
23 -11 -14 0
32 -1 -17 0
4 -10 -32 0
-2 -7 -15 0
30 9 29 0
-8 16 -4 0
-16 4 -17 0
26 -8 7 0
-29 32 16 0
-13 -5 30 0
26 -6 29 0
-20 -27 4 0
-25 22 -30 0
25 -19 24 0
-30 -9 28 0
16 -5 -2 0
-12 -31 27 0
29 9 -19 0
11 13 29 0
4 -28 1 0
24 5 -20 0
-15 -8 12 0
32 -10 -28 0
-2 -14 24 0
-5 11 -1 0
2 20 -30 0
10 -23 -32 0
12 -23 -6 0
15 11 12 0
-24 -19 -11 0
-30 -26 -11 0
-6 -3 -7 0
-21 -11 -1 0
-6 -20 -10 0
-23 29 -1 0
12 8 -19 0
-9 27 -11 0
21 -11 28 0
-8 -4 -30 0
2 -31 -8 0
