c instance by G2
c solution = 11011000010110101100111010010011
c Known solution cost is 7745 
p cnf 32 50
w 141 377 36 157 329 19 90 429 432 209 164 464 104 95 103 130 170 141 448 2 488 155 320 11 171 298 213 444 496 351 371 387
-19 9 -23 0
-28 -4 17 0
-17 -12 1 0
-23 24 5 0
14 -18 -24 0
25 4 -28 0
23 20 26 0
-27 -13 1 0
-1 26 18 0
-6 -25 3 0
-22 25 2 0
12 26 -25 0
25 -13 8 0
23 -2 -22 0
14 -21 -16 0
1 -2 27 0
-32 15 7 0
11 -8 -13 0
-25 -10 -29 0
-20 -16 12 0
-19 -17 -3 0
11 -10 17 0
28 -10 -12 0
4 -13 -31 0
-10 -31 -3 0
-18 2 20 0
-1 32 -23 0
-4 -7 -10 0
-20 -21 19 0
-27 -18 -31 0
-5 17 -19 0
5 11 -31 0
-5 -25 -30 0
-14 19 11 0
-9 6 -4 0
-2 -4 1 0
-21 -18 13 0
8 10 -28 0
24 23 5 0
-23 14 -3 0
-6 -25 -18 0
32 3 27 0
-26 -18 -2 0
24 10 23 0
21 -13 -2 0
-11 -12 -23 0
16 22 29 0
6 31 1 0
-19 -28 8 0
31 -21 9 0
