c instance by G2
c solution = 01011101111101101110011010011000
c Known solution cost is 7041 
p cnf 32 50
w 191 391 19 289 372 207 87 173 421 214 219 188 75 310 236 76 159 184 6 264 433 163 229 157 327 144 175 398 145 8 407 374
14 26 -4 0
1 -25 23 0
10 -28 -4 0
-17 -10 2 0
-10 -6 -27 0
27 -32 -6 0
1 -13 21 0
-6 -31 -28 0
25 27 -26 0
29 13 -25 0
-3 -6 -14 0
-8 9 -16 0
2 19 -23 0
-11 -17 -7 0
-27 -6 32 0
-8 -24 -11 0
-20 1 -18 0
26 -7 30 0
-26 -25 -6 0
17 8 -18 0
30 6 -8 0
-2 16 18 0
1 -11 19 0
-19 15 -18 0
4 8 6 0
16 4 -14 0
24 -20 27 0
13 -21 16 0
-15 -17 28 0
8 -19 -15 0
-22 -1 13 0
-4 1 5 0
-31 -6 -12 0
12 32 3 0
-29 -24 21 0
-30 -1 -3 0
25 1 21 0
-26 25 30 0
-27 -21 16 0
23 -28 10 0
-16 19 -20 0
-7 2 23 0
-12 11 -17 0
-17 -10 9 0
-2 21 -30 0
28 9 -32 0
-11 32 -16 0
17 32 -8 0
-10 22 27 0
30 -29 10 0
