c instance by G2
c solution = 11100010000110000011111111010001
c Known solution cost is 6997 
p cnf 32 50
w 319 33 193 182 8 88 309 225 306 441 375 415 380 47 426 48 0 109 443 173 64 460 67 230 266 82 318 81 240 205 312 152
-3 -11 27 0
13 21 -15 0
31 -20 3 0
-15 -28 17 0
-1 21 -25 0
-30 1 3 0
-11 -26 20 0
-9 -23 -7 0
-5 -2 -19 0
-21 -13 -8 0
10 -24 -17 0
7 -20 29 0
-19 11 13 0
9 -18 29 0
-23 6 28 0
-30 4 17 0
-9 27 4 0
14 -27 -13 0
6 -19 20 0
20 16 -1 0
-3 22 -1 0
19 22 13 0
-1 18 -6 0
13 27 5 0
29 -30 -28 0
25 27 15 0
19 -21 9 0
-1 10 -29 0
5 24 27 0
5 -19 1 0
24 -12 21 0
-5 -16 -12 0
3 29 28 0
-2 18 -17 0
-7 -14 11 0
-7 -13 -10 0
-10 -29 -2 0
-2 20 16 0
-16 -7 17 0
3 1 -9 0
-22 -3 26 0
-11 -20 17 0
29 2 -1 0
32 -21 -24 0
-4 30 8 0
11 -31 -32 0
-17 -21 4 0
-30 -4 -28 0
-12 23 15 0
-24 -19 12 0
