c instance by G2
c solution = 00000111111110011110110010111001
c Known solution cost is 8646 
p cnf 32 50
w 404 147 352 50 9 232 59 485 441 498 197 37 14 345 310 46 116 449 98 80 456 362 379 497 343 138 325 382 303 194 410 488
-27 32 26 0
-29 -2 6 0
15 8 -32 0
-9 10 17 0
18 -11 -7 0
-5 -28 -22 0
-1 -25 4 0
-7 -26 -25 0
-19 -11 -30 0
-8 22 -29 0
30 -8 -2 0
-21 15 32 0
-20 -16 -12 0
5 11 -25 0
31 32 20 0
-6 19 1 0
7 10 30 0
14 17 -21 0
5 10 24 0
7 -6 -10 0
7 -21 -20 0
-10 11 -32 0
-23 -17 2 0
-18 -11 -4 0
-25 21 3 0
-17 12 -5 0
28 4 20 0
20 -2 19 0
-7 5 13 0
28 24 -5 0
-25 14 -26 0
29 -25 -19 0
23 -29 -20 0
-6 27 -17 0
-29 12 -32 0
5 -15 -7 0
28 15 2 0
-9 1 -14 0
-24 -32 -27 0
25 -29 20 0
-10 -31 1 0
20 -11 16 0
-8 -3 20 0
-5 -13 26 0
30 -8 -14 0
-3 -9 20 0
-12 30 -2 0
-10 -17 6 0
-11 21 -5 0
-22 9 -19 0
