c instance by G2
c solution = 10001101010100010110001111100011
c Known solution cost is 6987 
p cnf 32 50
w 362 56 88 235 291 273 48 300 205 459 150 16 42 413 447 72 114 128 136 6 303 496 58 165 138 329 470 34 466 306 8 373
20 -19 27 0
-21 -6 17 0
-3 30 9 0
2 19 -8 0
-28 21 -12 0
1 -8 22 0
-23 1 20 0
-17 30 14 0
20 -4 9 0
-1 8 -26 0
-30 -31 11 0
3 -22 28 0
22 12 -11 0
-9 30 -31 0
9 1 17 0
-31 -7 -27 0
-8 16 -19 0
20 7 -14 0
-16 -2 11 0
7 -23 32 0
-5 -12 18 0
-16 -23 -11 0
-26 12 -25 0
24 23 -13 0
23 -18 -1 0
-1 14 24 0
-20 2 -25 0
10 -8 -6 0
-3 -10 -27 0
-24 27 -7 0
-11 -13 21 0
24 5 22 0
-15 -19 2 0
5 -16 4 0
15 26 -12 0
4 25 -6 0
23 14 -8 0
29 19 28 0
-13 -1 -24 0
-3 -23 -11 0
6 -23 28 0
-16 -29 -10 0
30 25 -18 0
32 -19 5 0
-11 20 -5 0
24 -2 -25 0
24 -12 -21 0
-21 13 29 0
-27 -19 31 0
23 -2 19 0
