c instance by G2
c solution = 11111010111110111101100010011011
c Known solution cost is 5948 
p cnf 32 50
w 166 92 135 314 216 63 262 198 119 163 4 190 153 46 348 110 75 498 13 245 227 385 362 82 182 148 450 221 35 49 15 382
-9 -18 1 0
-2 13 10 0
-31 -13 20 0
-2 13 -28 0
-11 24 12 0
31 9 2 0
6 7 -3 0
-8 -24 20 0
-20 21 -10 0
14 12 -2 0
-17 10 -28 0
-17 -32 28 0
19 29 -11 0
-30 -25 -29 0
-31 -4 5 0
16 -20 30 0
23 -31 -8 0
22 3 6 0
18 -2 -15 0
-26 24 8 0
-14 -25 -21 0
-5 -24 8 0
-1 22 -23 0
-12 -1 20 0
14 32 -13 0
-25 -5 -14 0
-15 -6 32 0
-2 -3 17 0
-27 -7 19 0
27 -12 -24 0
8 9 24 0
-3 -16 25 0
-3 2 8 0
-10 15 1 0
-25 5 -7 0
28 2 19 0
15 26 22 0
-31 -11 10 0
-29 -19 -4 0
6 11 14 0
-20 4 22 0
-13 -19 -24 0
-15 -20 31 0
-22 23 14 0
-2 23 -22 0
-29 -6 24 0
-25 17 12 0
-24 5 12 0
-27 2 9 0
8 -17 18 0
