c instance by G2
c solution = 01101100000110110000001011011100
c Known solution cost is 8410 
p cnf 32 50
w 471 137 395 310 440 333 6 36 113 344 464 369 253 156 339 48 69 276 475 37 134 151 250 401 291 188 360 487 208 54 473 342
-12 9 30 0
14 29 -28 0
-24 -25 6 0
15 -16 -8 0
9 18 3 0
19 -1 7 0
16 -29 -13 0
-16 -2 -4 0
-25 -7 16 0
-12 19 13 0
-7 4 11 0
11 -2 6 0
19 -10 26 0
-18 29 9 0
15 23 -5 0
8 -15 -24 0
19 1 -9 0
-29 25 -5 0
31 -25 12 0
32 9 -10 0
28 2 -9 0
14 -22 -3 0
-15 -23 -18 0
-13 -32 10 0
-8 -25 24 0
30 11 -17 0
-17 31 2 0
20 -11 8 0
1 -17 -28 0
32 -31 18 0
4 9 2 0
21 26 -3 0
19 9 -14 0
-2 1 -19 0
12 -23 27 0
-12 21 -11 0
-17 -12 -26 0
-2 31 5 0
-29 16 1 0
-20 8 -19 0
-27 14 -12 0
-21 27 32 0
-28 27 -9 0
9 23 -3 0
-8 -13 -24 0
31 22 12 0
4 -14 26 0
-20 10 -23 0
1 11 28 0
4 15 18 0
