c instance by G2
c solution = 01110001110110111100010010000110
c Known solution cost is 8014 
p cnf 32 50
w 494 94 226 429 51 168 223 13 89 248 435 207 326 447 68 193 309 351 254 148 220 141 464 83 265 478 295 259 312 320 393 11
-25 -24 28 0
11 26 22 0
3 -25 20 0
6 -30 2 0
-25 1 -28 0
6 22 27 0
7 18 -17 0
-13 19 10 0
-11 -30 -14 0
-30 -11 18 0
32 6 -19 0
-2 -15 13 0
-32 -13 26 0
-21 9 -2 0
-6 -15 14 0
2 10 -31 0
-32 -17 1 0
-11 19 6 0
-14 -6 29 0
-16 -6 29 0
-3 21 -27 0
14 -29 24 0
-3 11 -26 0
-18 10 13 0
14 -1 -18 0
-7 23 -3 0
-18 -29 -22 0
-23 -22 28 0
27 -15 -20 0
-28 9 -13 0
-18 21 -14 0
-9 -21 -2 0
-9 -1 21 0
19 9 -25 0
-12 25 -9 0
17 -11 12 0
-10 -5 1 0
11 24 17 0
-7 6 28 0
23 -1 -31 0
-24 21 -18 0
23 -13 4 0
32 15 27 0
30 26 29 0
-30 8 32 0
12 -15 14 0
7 -23 14 0
-8 -4 2 0
-31 16 26 0
31 29 27 0
