c instance by G2
c solution = 00110010001101101000000110111101
c Known solution cost is 7464 
p cnf 32 50
w 97 260 420 202 149 338 137 369 162 311 87 396 144 326 6 203 220 484 54 270 486 252 25 481 121 208 392 273 116 47 287 141
13 -17 -6 0
8 20 -22 0
11 27 2 0
-3 -16 26 0
18 -32 -23 0
21 -28 25 0
-31 6 5 0
22 27 -15 0
-15 12 -24 0
-7 4 -22 0
-9 -27 16 0
-10 16 -12 0
16 26 -8 0
24 22 5 0
-1 -28 -4 0
-4 -24 7 0
8 14 -10 0
-12 -30 -2 0
-9 -16 26 0
-26 -32 22 0
11 19 -17 0
-6 3 -8 0
13 15 21 0
12 2 -11 0
10 -3 -20 0
-15 -21 -32 0
-19 23 1 0
31 14 -20 0
17 4 -21 0
-6 -2 -5 0
13 -18 23 0
-14 24 23 0
-30 -25 -13 0
18 -4 30 0
19 9 -16 0
17 9 -27 0
-32 3 21 0
23 -5 16 0
28 -30 2 0
-12 14 10 0
-25 -13 14 0
-17 -21 -32 0
-24 -6 5 0
4 -25 -15 0
13 29 -24 0
2 -26 21 0
-21 -1 -5 0
12 9 21 0
-29 32 21 0
-21 23 -7 0
