c instance by G2
c solution = 00011011001001011011111001110010
c Known solution cost is 5961 
p cnf 32 50
w 205 130 326 178 311 54 350 452 73 187 212 16 226 189 403 88 316 351 87 233 110 140 107 67 186 262 12 41 163 150 322 14
-5 -31 7 0
-27 -26 -3 0
-28 -23 17 0
-7 -30 -15 0
1 24 22 0
-2 20 29 0
-7 -32 -17 0
-20 -1 13 0
23 -25 7 0
-18 5 16 0
-25 11 20 0
8 6 -3 0
3 23 -7 0
-25 10 -27 0
-2 9 -22 0
15 30 16 0
13 23 29 0
17 5 7 0
-30 -21 -14 0
26 -28 25 0
19 -26 30 0
25 -24 -16 0
2 -4 -10 0
-22 11 -27 0
20 -28 1 0
-14 6 8 0
-18 24 30 0
-31 -29 13 0
-22 16 -24 0
2 24 -15 0
13 -28 4 0
3 -7 28 0
-5 27 -23 0
-26 -20 -9 0
-8 -23 26 0
-12 -5 -23 0
-6 -26 -27 0
19 23 -5 0
14 -27 -8 0
14 6 -3 0
31 9 25 0
-27 -20 21 0
-21 5 -27 0
-17 22 -31 0
-13 32 30 0
-2 -4 18 0
-3 32 2 0
-4 -3 -17 0
21 -19 -18 0
26 -28 5 0
