c instance by G2
c solution = 01101010010000111011001011011100
c Known solution cost is 8316 
p cnf 32 50
w 438 251 80 234 294 408 47 395 408 482 217 352 234 182 29 81 249 382 455 339 371 120 309 449 229 74 396 318 234 146 63 50
-12 -7 -28 0
-13 -6 -17 0
14 2 -5 0
-26 4 -1 0
7 28 13 0
-17 29 14 0
-8 26 30 0
5 4 7 0
-17 8 -31 0
-30 24 -18 0
5 10 -3 0
21 -15 -8 0
8 -6 32 0
-19 18 26 0
-10 16 27 0
13 -30 -32 0
-32 12 18 0
8 -10 16 0
3 12 -7 0
-3 20 15 0
-12 -17 -3 0
4 25 8 0
30 8 -5 0
-7 24 10 0
-11 8 13 0
28 -11 -6 0
-28 1 7 0
-12 17 -1 0
20 -16 11 0
23 6 -10 0
-16 15 -28 0
-4 -20 18 0
-21 -19 -25 0
20 -18 13 0
29 -22 -18 0
12 6 -22 0
8 -24 1 0
-11 21 -10 0
5 -12 -24 0
2 27 24 0
21 -15 -14 0
-20 17 31 0
-5 27 -9 0
-9 21 -25 0
-10 -29 -27 0
-7 19 1 0
11 -10 5 0
12 -25 28 0
-9 -14 -26 0
-13 21 -16 0
