c instance by G2
c solution = 10010100101000011101010111010110
c Known solution cost is 8456 
p cnf 32 50
w 200 47 174 483 465 288 495 228 272 327 373 231 293 166 369 456 13 147 162 18 239 393 299 57 316 304 420 91 396 304 224 206
27 15 26 0
-17 14 18 0
27 3 24 0
1 29 27 0
-4 26 -9 0
28 5 -22 0
31 -20 -21 0
16 -6 2 0
4 -18 14 0
-11 20 -4 0
-24 -23 12 0
-29 -4 -31 0
-8 3 -31 0
21 -32 -17 0
-30 -21 13 0
4 7 31 0
3 13 30 0
25 -17 32 0
27 -16 -7 0
8 9 -17 0
-9 10 -13 0
10 32 -12 0
3 -19 -25 0
17 21 3 0
7 -27 -24 0
-24 9 -8 0
-6 -15 12 0
-18 -6 -2 0
16 22 10 0
6 -16 13 0
30 14 -4 0
-29 31 -24 0
-6 -10 21 0
11 21 -25 0
31 -18 19 0
-29 10 -6 0
15 -24 22 0
-16 -24 -14 0
-19 -15 24 0
-25 -15 19 0
29 -5 -8 0
3 6 23 0
-31 27 -13 0
-4 -6 -5 0
-25 7 -3 0
25 -6 8 0
8 -30 24 0
-11 3 -2 0
-3 2 -28 0
-25 22 29 0
