c instance by G2
c solution = 01111101011001101111000100111001
c Known solution cost is 8420 
p cnf 32 50
w 374 420 289 48 415 55 48 0 332 416 452 152 369 92 271 214 365 324 488 468 57 447 169 178 424 281 53 108 85 320 232 474
23 25 -1 0
19 -24 8 0
31 20 17 0
16 21 28 0
8 12 -18 0
-27 -20 -25 0
4 -5 -19 0
7 3 -13 0
23 21 5 0
24 -3 -27 0
3 21 16 0
30 -4 -23 0
3 -14 18 0
-15 -26 12 0
16 -31 -30 0
17 -24 26 0
-16 13 -22 0
-4 18 26 0
-31 9 -15 0
-2 15 -11 0
20 25 9 0
-8 32 -5 0
-21 6 -18 0
22 -7 27 0
-19 25 -9 0
21 -30 -15 0
-17 13 14 0
-16 1 24 0
-21 -18 -27 0
-19 -20 27 0
9 -6 11 0
28 -19 -27 0
31 -22 -18 0
-16 -4 -18 0
-25 -18 -2 0
23 4 13 0
1 21 19 0
10 -14 25 0
29 26 1 0
13 8 9 0
-19 24 -4 0
4 -3 21 0
-27 -20 -25 0
-4 -2 6 0
-2 9 8 0
-26 -29 13 0
-29 -12 -11 0
31 -7 25 0
2 -27 -28 0
-13 -10 22 0
