c instance by G2
c solution = 10011100100010011100100101011011
c Known solution cost is 8157 
p cnf 32 50
w 179 50 275 111 366 349 496 494 62 37 270 128 243 288 364 128 444 319 329 328 266 355 350 68 208 422 281 240 151 81 410 65
3 -30 -1 0
5 -32 -17 0
-13 -2 23 0
-7 27 25 0
-8 -31 -29 0
25 4 -28 0
-21 4 -27 0
-11 -1 10 0
-9 1 12 0
-4 13 -32 0
-26 12 9 0
19 -15 -5 0
31 11 -17 0
-12 19 -13 0
-23 19 -4 0
26 28 25 0
-16 -20 -32 0
16 -21 3 0
20 16 -27 0
28 22 15 0
9 24 12 0
-24 -10 2 0
-6 -27 7 0
18 7 1 0
-28 6 -32 0
-18 -30 -3 0
-17 -32 -7 0
-3 -31 -5 0
16 -1 20 0
29 7 -9 0
-24 26 7 0
-4 15 5 0
28 16 30 0
23 20 16 0
-24 -17 -8 0
-22 -18 8 0
11 22 -14 0
-4 11 18 0
-13 -25 11 0
-14 -1 -24 0
32 -6 27 0
3 27 24 0
-10 4 24 0
-6 -4 -20 0
-19 30 -4 0
23 -8 -17 0
-13 -24 21 0
-31 18 9 0
14 17 -21 0
-7 11 -19 0
