c instance by G2
c solution = 01110110000011110001001100000101
c Known solution cost is 8533 
p cnf 32 50
w 323 14 466 170 198 107 493 23 156 158 424 427 159 452 107 236 488 200 388 377 223 278 304 244 135 320 433 115 344 38 335 398
-14 -7 20 0
-6 3 29 0
-10 -28 -5 0
12 23 4 0
-3 14 10 0
-21 22 31 0
-30 -32 -12 0
22 4 -15 0
-11 -25 -7 0
-22 17 13 0
4 -16 22 0
2 8 -3 0
-28 -31 1 0
17 -31 26 0
25 -5 -30 0
-28 -3 12 0
-1 -7 18 0
18 30 5 0
13 29 -1 0
27 13 25 0
18 -26 21 0
-17 -20 5 0
-2 6 -7 0
19 24 -32 0
-9 26 -30 0
-24 -13 -8 0
-24 -18 -4 0
8 20 -7 0
23 10 31 0
26 15 21 0
7 -20 27 0
-30 -25 8 0
-2 32 12 0
10 25 -31 0
-20 -28 -17 0
-26 -18 -30 0
5 31 16 0
-29 15 -19 0
-5 -20 -30 0
-7 -10 5 0
21 17 20 0
17 -22 -15 0
-14 -7 -27 0
5 27 -29 0
-31 -12 -25 0
24 6 31 0
32 -24 -7 0
-17 -31 13 0
29 -11 -6 0
-19 -30 25 0
