c instance by G2
c solution = 10011011010011001110001100010000
c Known solution cost is 7578 
p cnf 32 50
w 191 275 284 450 368 481 14 461 5 149 375 455 317 5 115 38 257 417 79 89 457 336 216 4 68 370 48 432 244 253 193 132
30 -2 -19 0
6 -26 -14 0
-14 -6 -13 0
-8 22 -31 0
21 13 -5 0
-26 3 4 0
-2 13 -21 0
14 21 -23 0
22 23 29 0
16 -30 4 0
-25 -4 -8 0
9 -3 7 0
-26 1 -24 0
-9 -13 -22 0
-3 -22 -29 0
-32 20 -24 0
7 1 -22 0
-10 -16 31 0
11 12 28 0
-1 -28 13 0
9 20 24 0
12 -21 16 0
32 -28 4 0
19 16 -23 0
27 -18 8 0
6 18 -4 0
28 25 6 0
-15 -14 3 0
30 11 17 0
2 -12 -5 0
-3 -10 12 0
-25 29 -31 0
-9 -1 -17 0
-27 25 -19 0
-20 3 27 0
10 26 -7 0
-10 -15 -14 0
-21 2 22 0
-5 -11 27 0
20 -8 1 0
21 19 20 0
-9 10 18 0
-27 -13 -8 0
1 8 7 0
29 -30 -17 0
7 27 -5 0
-4 -29 25 0
19 24 -25 0
-14 32 -22 0
5 25 11 0
