c instance by G2
c solution = 10101101111111110011010101011110
c Known solution cost is 7058 
p cnf 32 50
w 70 119 469 14 41 30 148 33 432 270 275 61 74 304 304 265 85 475 36 42 158 67 491 343 382 187 258 488 340 70 472 255
15 19 3 0
29 10 -14 0
31 18 -29 0
-4 -16 -11 0
-12 -21 24 0
-10 9 28 0
29 18 27 0
-10 30 -26 0
-23 -28 18 0
32 16 23 0
15 29 -16 0
3 -20 -11 0
-12 -16 24 0
21 -18 -8 0
17 23 -7 0
-18 -13 7 0
25 24 -4 0
-8 2 22 0
-16 15 7 0
-9 -16 28 0
-12 20 -13 0
-17 7 -5 0
-31 24 19 0
-3 17 8 0
-20 6 -10 0
10 23 25 0
-5 -27 -22 0
10 -26 32 0
32 9 -26 0
12 4 -13 0
-22 -32 -10 0
-15 -16 -17 0
-21 -12 -16 0
-13 23 -25 0
-28 -2 -29 0
-24 14 18 0
19 -5 11 0
20 14 -15 0
21 -14 -7 0
-3 1 -6 0
9 -22 -3 0
16 -11 -19 0
-31 9 29 0
19 -30 4 0
-30 -4 -19 0
8 23 29 0
-6 23 13 0
-22 2 11 0
23 5 27 0
26 -28 -14 0
