c instance by G2
c solution = 10001101000000010100010100001000
c Known solution cost is 7823 
p cnf 32 50
w 181 399 203 474 445 63 69 470 64 422 438 396 36 478 321 119 200 274 415 280 350 23 443 252 16 31 46 105 161 358 262 29
13 7 -10 0
9 -29 -11 0
-24 -9 6 0
-18 -3 10 0
4 -24 29 0
-23 -5 12 0
-11 -22 -8 0
-22 23 -7 0
-25 32 4 0
-26 -6 14 0
29 -14 4 0
-24 -28 31 0
13 -22 24 0
-22 20 -12 0
21 17 -14 0
-3 1 -16 0
-22 -24 -27 0
-16 -9 12 0
-8 5 19 0
-21 -22 11 0
21 -7 -17 0
-13 26 30 0
-16 22 17 0
15 2 6 0
19 10 1 0
-1 3 -30 0
14 30 -23 0
-31 -29 -8 0
-18 -17 32 0
22 -17 -7 0
21 18 -29 0
-27 -32 5 0
-5 -10 21 0
-31 24 -6 0
10 -20 17 0
-4 13 31 0
29 20 15 0
-5 -2 -18 0
14 -26 5 0
2 25 -12 0
8 22 -7 0
-6 10 -15 0
8 -25 -11 0
-31 11 -29 0
-19 -16 7 0
32 8 -24 0
31 -32 12 0
-1 16 31 0
-14 24 -18 0
-23 -30 29 0
