c instance by G2
c solution = 00011000110010110100101111110000
c Known solution cost is 7648 
p cnf 32 50
w 179 478 116 391 101 365 35 161 196 377 68 240 224 122 359 227 180 109 310 486 197 79 484 447 15 415 184 16 99 471 139 378
-23 21 -30 0
13 -28 19 0
23 29 -19 0
-16 11 9 0
2 -4 -20 0
3 24 -26 0
-10 -27 -29 0
-27 30 -22 0
-18 14 10 0
8 -26 16 0
-15 -2 -25 0
19 -4 -22 0
17 -23 15 0
6 -25 -17 0
8 -19 -18 0
12 25 -2 0
8 16 29 0
-23 -13 -1 0
-18 -21 -1 0
31 -24 -14 0
-24 18 7 0
-30 1 20 0
28 12 -26 0
-19 10 5 0
5 -9 -16 0
-12 13 -8 0
-12 -32 28 0
30 4 -5 0
-18 -32 30 0
-7 -28 3 0
-8 3 -16 0
-4 28 12 0
2 31 25 0
21 -23 -9 0
8 -6 20 0
-21 -3 -10 0
4 -9 17 0
-31 -23 6 0
-2 15 -16 0
-7 8 -10 0
-25 23 7 0
13 -4 17 0
21 29 18 0
-12 -24 7 0
19 26 14 0
-13 -8 30 0
19 7 16 0
1 32 -22 0
-18 -11 -15 0
27 7 -4 0
