c instance by G2
c solution = 00001100010001111100101111111001
c Known solution cost is 8400 
p cnf 32 50
w 11 265 139 209 460 263 481 487 254 397 481 446 58 125 444 74 448 379 1 29 84 189 387 467 265 213 57 361 99 304 485 38
-31 7 25 0
5 -24 -6 0
-24 10 -23 0
-16 -17 26 0
-3 27 26 0
21 20 -32 0
-28 -14 -13 0
13 -22 -32 0
32 -8 13 0
-14 23 -29 0
23 -20 -3 0
-1 31 13 0
30 29 8 0
-2 -31 28 0
-21 17 -16 0
27 8 -24 0
-6 32 19 0
-17 -23 28 0
-16 -11 3 0
12 -20 1 0
27 -19 -8 0
2 6 8 0
-23 -3 22 0
-32 22 -30 0
-14 -15 -31 0
-32 10 -14 0
-4 23 -18 0
-4 -26 24 0
-14 -24 -19 0
4 9 23 0
16 -32 8 0
-19 -25 20 0
-6 -7 -25 0
-8 -27 11 0
18 -16 -6 0
-25 -28 15 0
15 -7 -3 0
13 -4 -24 0
7 19 24 0
-1 4 14 0
7 -9 -23 0
-26 9 -2 0
20 -29 25 0
-31 12 -6 0
4 27 -20 0
8 5 -18 0
-12 19 -26 0
30 -28 14 0
-9 23 -30 0
-27 -30 -16 0
