c instance by G2
c solution = 01001101010110011111011000011101
c Known solution cost is 8512 
p cnf 32 50
w 352 50 82 475 105 395 111 199 297 311 252 439 48 340 482 130 431 204 274 304 432 313 426 340 92 489 37 232 246 372 233 19
28 15 21 0
5 -19 -22 0
26 -4 -22 0
-19 -20 28 0
-13 29 7 0
-8 -22 -21 0
13 -17 -20 0
14 5 10 0
-30 -2 32 0
-22 -20 -14 0
7 3 2 0
6 2 -32 0
-31 24 -32 0
-12 1 -15 0
9 -26 14 0
7 18 25 0
24 22 -4 0
-27 8 -23 0
12 -17 7 0
-11 -12 21 0
26 24 23 0
-23 29 -2 0
-28 -10 -1 0
-6 21 13 0
10 24 1 0
-6 -17 -7 0
20 -14 -27 0
-15 20 -4 0
3 16 -32 0
-19 -23 2 0
17 -5 -6 0
-10 26 -25 0
9 29 -16 0
3 -26 15 0
21 -3 15 0
-12 -28 -9 0
3 8 15 0
-20 1 -24 0
20 24 -16 0
25 -30 6 0
-27 -26 23 0
-8 -27 15 0
-27 -12 11 0
17 -11 -31 0
12 -21 -27 0
-19 12 18 0
24 9 30 0
31 28 -1 0
15 25 22 0
19 -32 25 0
