c instance by G2
c solution = 110001001000000010111100011
c Known solution cost is 7240 
p cnf 27 50
w 284 107 405 386 285 94 497 218 160 366 180 175 259 292 219 156 302 373 222 319 329 281 348 220 359 116 288
10 25 -11 0
-17 20 -14 0
15 -14 18 0
6 24 25 0
-13 -22 14 0
24 8 -13 0
-24 -15 -9 0
-21 12 -18 0
21 -20 -27 0
-21 -17 -25 0
18 3 1 0
9 1 -19 0
-18 -11 -23 0
-11 21 8 0
-9 24 -7 0
-20 22 -14 0
11 -20 -15 0
-17 -4 18 0
2 -27 19 0
9 -22 23 0
3 -19 -16 0
-27 22 15 0
21 -25 8 0
-5 18 -27 0
5 22 10 0
-8 14 -2 0
17 23 11 0
18 -3 -9 0
-14 -24 -5 0
3 -10 16 0
19 16 -1 0
-19 -11 3 0
6 7 3 0
-11 8 18 0
18 -12 11 0
-18 19 27 0
-15 17 21 0
-2 20 14 0
-20 22 -7 0
3 17 -5 0
26 -9 10 0
-5 26 -17 0
-8 -19 -20 0
-15 -16 3 0
-10 23 21 0
4 -23 18 0
27 -22 18 0
-15 23 4 0
-21 -24 -2 0
2 -26 -19 0
