c instance by G2
c solution = 010100000100011001110110011
c Known solution cost is 6796 
p cnf 27 50
w 482 236 252 204 471 177 348 247 283 448 227 467 46 22 262 114 263 89 35 485 437 442 227 124 75 76 257
23 -9 -6 0
-21 -20 -27 0
27 -4 9 0
9 -8 7 0
7 -13 -16 0
-17 -27 5 0
13 26 -23 0
-24 13 -18 0
12 -24 7 0
4 12 -17 0
1 -14 18 0
-12 25 -11 0
-6 8 -9 0
13 -10 -7 0
-26 -14 -6 0
24 23 11 0
-23 3 -13 0
20 24 15 0
-17 -10 9 0
-4 14 24 0
22 -26 6 0
24 -1 3 0
16 4 17 0
-3 13 -21 0
24 10 -20 0
-12 24 23 0
-15 -7 25 0
-20 9 -12 0
20 25 21 0
6 3 -16 0
9 -3 1 0
-5 -6 4 0
16 -5 3 0
-16 27 21 0
23 -22 5 0
-9 17 13 0
-7 3 24 0
6 20 -15 0
10 19 -4 0
15 -22 7 0
-21 -5 7 0
-25 -18 -19 0
9 -18 2 0
-24 19 9 0
-16 -3 23 0
4 18 -20 0
19 1 6 0
-3 -20 6 0
12 18 22 0
17 -23 -11 0
