c instance by G2
c solution = 111110101001101001000001111
c Known solution cost is 7050 
p cnf 27 50
w 184 388 489 256 81 122 369 154 476 456 336 463 303 437 118 221 251 428 107 23 41 298 133 80 298 387 151
-1 2 -24 0
-3 17 -6 0
-10 2 -16 0
-17 11 -18 0
26 -15 6 0
-22 -26 11 0
4 1 -14 0
-11 -3 10 0
-10 -25 -12 0
5 8 6 0
-15 6 -23 0
-26 1 -4 0
-5 -2 -19 0
5 14 -3 0
11 13 -2 0
-25 20 12 0
-12 -8 -2 0
-7 20 24 0
-7 3 21 0
-6 -1 -2 0
-10 -24 11 0
14 -18 9 0
-17 -4 10 0
3 11 16 0
-24 4 -27 0
21 -13 27 0
6 9 22 0
14 -21 5 0
25 16 -3 0
3 6 8 0
17 -8 -27 0
-21 -25 -13 0
7 -27 -9 0
22 -15 -14 0
3 15 -5 0
12 -7 -9 0
7 13 19 0
19 3 14 0
16 -22 -17 0
20 -16 -3 0
-7 15 -13 0
-6 5 -25 0
-15 -20 14 0
-7 27 21 0
17 22 18 0
7 4 -3 0
3 -6 -13 0
-4 -14 6 0
-23 -18 16 0
-24 9 -12 0
