c instance by G2
c solution = 111010010000110001011110100
c Known solution cost is 6268 
p cnf 27 50
w 2 285 316 380 100 93 9 45 243 63 441 171 219 52 481 375 108 248 168 154 454 467 135 490 373 332 64
7 13 20 0
-8 3 16 0
13 15 -27 0
18 7 -14 0
10 14 -23 0
-23 3 17 0
1 7 -18 0
-13 25 -2 0
-3 -17 24 0
12 -5 -27 0
17 -19 24 0
19 -2 -6 0
-20 2 10 0
18 23 6 0
5 -3 -27 0
14 2 20 0
-8 10 -16 0
7 -21 -27 0
7 -3 2 0
13 -3 27 0
5 27 6 0
-8 22 -1 0
-25 -16 21 0
-16 -13 1 0
10 -11 15 0
26 -25 -10 0
15 8 -2 0
9 -7 15 0
-8 22 20 0
-13 20 -8 0
8 2 -16 0
17 -12 -20 0
-24 11 -8 0
24 -26 -1 0
24 6 -9 0
16 -14 -4 0
-25 -11 -15 0
18 -20 -5 0
-5 9 -15 0
13 1 10 0
26 15 22 0
-22 -17 4 0
-19 12 -23 0
7 -18 23 0
-13 -18 -11 0
-27 -8 22 0
-16 -23 20 0
1 -16 -10 0
-9 -6 -8 0
21 6 -5 0
