c instance by G2
c solution = 001111101010011011000111101
c Known solution cost is 7294 
p cnf 27 50
w 341 428 314 378 306 482 380 308 277 149 18 317 439 40 124 94 293 380 407 297 295 113 363 5 206 243 297
-13 -9 10 0
3 -17 -11 0
10 -7 -20 0
8 26 6 0
-6 10 23 0
6 -25 10 0
-20 21 -4 0
20 -6 7 0
-23 5 19 0
14 -4 2 0
17 12 -22 0
-24 6 -14 0
-8 -11 10 0
-4 -21 -23 0
-7 10 11 0
-23 -5 3 0
15 13 -6 0
8 4 -15 0
19 -21 3 0
23 -2 22 0
-4 -18 -10 0
16 -10 13 0
1 25 -17 0
-16 -10 13 0
19 3 -17 0
-4 22 12 0
7 -2 14 0
23 -25 -14 0
-2 -4 19 0
-16 -18 -23 0
8 -9 -26 0
-18 -8 14 0
3 -21 8 0
16 -1 11 0
16 18 26 0
-25 -1 12 0
18 1 8 0
-27 24 19 0
-3 -8 17 0
12 -19 -9 0
5 7 27 0
18 -16 -19 0
-3 5 25 0
4 11 -13 0
25 -1 -11 0
-11 -22 27 0
17 -15 12 0
26 -11 -12 0
-17 9 -25 0
25 -15 20 0
