c instance by G2
c solution = 100000110001111001011101011
c Known solution cost is 4598 
p cnf 27 50
w 472 131 251 108 81 290 138 277 53 80 109 19 63 267 29 58 108 403 209 435 338 27 240 193 92 13 114
13 -25 -27 0
-13 -25 23 0
11 -27 -6 0
-17 3 -8 0
-13 20 19 0
23 -11 -20 0
-14 16 21 0
-27 13 16 0
-7 -8 -4 0
-26 17 1 0
20 3 -11 0
14 -23 -22 0
-20 -23 -7 0
-5 25 -15 0
-7 12 18 0
-20 24 -26 0
-19 2 16 0
-1 -14 18 0
-7 -3 11 0
-11 -5 -17 0
5 -2 9 0
-16 5 10 0
26 25 -20 0
-10 3 -15 0
-25 -13 -27 0
-19 21 -3 0
12 -22 -16 0
13 27 9 0
19 -18 27 0
14 10 -12 0
14 18 -3 0
22 8 -26 0
16 25 15 0
9 -19 15 0
21 10 5 0
25 -19 4 0
13 26 4 0
-26 15 -8 0
-12 -14 -4 0
-1 -9 -24 0
9 22 17 0
8 4 5 0
12 -26 4 0
-4 -24 18 0
7 -1 6 0
-2 7 -4 0
26 -11 18 0
20 -25 11 0
-8 1 -17 0
-17 -21 11 0
