c instance by G2
c solution = 010110100101100010101110010
c Known solution cost is 6862 
p cnf 27 50
w 49 190 463 222 413 309 463 266 36 180 71 483 320 327 126 462 182 367 133 81 326 429 36 23 345 91 469
-21 22 -13 0
17 9 -4 0
-6 -26 -5 0
-3 1 27 0
-15 20 11 0
22 10 -24 0
1 4 23 0
-7 5 19 0
-12 27 -20 0
10 15 25 0
18 -12 -9 0
2 9 -21 0
6 -17 26 0
16 -14 9 0
-17 -4 23 0
-12 -2 -18 0
2 10 -24 0
4 9 8 0
-27 -9 17 0
9 21 27 0
6 -18 -26 0
1 23 -3 0
-19 -8 6 0
-12 -16 -22 0
-18 -25 4 0
23 -17 -8 0
17 -21 -4 0
9 18 -20 0
-18 -13 -14 0
-1 6 10 0
-13 1 -24 0
5 -12 -19 0
13 -17 20 0
-14 -27 15 0
-20 -24 22 0
9 12 -2 0
27 7 -2 0
-13 -9 -19 0
11 -1 -7 0
-18 27 -10 0
3 -23 19 0
5 7 21 0
-12 -19 -8 0
-9 -7 27 0
-17 -27 14 0
1 9 -25 0
-4 16 -11 0
13 21 6 0
5 7 19 0
12 10 -7 0
