c instance by G2
c solution = 111000000000010100010001110
c Known solution cost is 5501 
p cnf 27 50
w 60 51 97 76 387 262 370 17 91 2 492 112 188 43 252 317 493 267 64 461 65 352 57 360 217 255 93
5 -20 -27 0
-24 8 -12 0
-2 -22 -3 0
19 27 2 0
6 26 5 0
12 -7 5 0
17 25 -7 0
17 -22 11 0
-23 -27 -5 0
-23 21 9 0
4 12 -9 0
22 1 3 0
15 -18 -13 0
7 16 8 0
12 -24 3 0
10 4 1 0
-8 -16 10 0
-21 10 23 0
-4 23 -16 0
12 1 13 0
-3 14 9 0
-6 12 21 0
-3 24 27 0
18 26 -1 0
9 -5 -26 0
-13 11 27 0
-27 12 -24 0
-3 -1 -9 0
-9 8 -14 0
-5 -3 11 0
-8 22 -24 0
9 20 -3 0
25 10 8 0
-7 -6 -8 0
13 17 -19 0
-26 -9 4 0
5 -18 7 0
-23 -7 -24 0
-15 -13 27 0
12 4 -17 0
13 -17 -12 0
-11 -24 -14 0
1 4 2 0
7 -11 18 0
10 18 14 0
23 11 -9 0
-15 19 23 0
9 -1 -13 0
6 -14 -10 0
20 -5 -19 0
