c instance by G2
c solution = 001111000110100101010100101
c Known solution cost is 8017 
p cnf 27 50
w 186 51 343 241 134 471 489 414 197 212 350 429 395 136 235 415 348 334 301 329 328 244 412 25 428 211 359
6 -20 8 0
-13 -4 11 0
-21 -27 -6 0
-10 -13 -21 0
-13 -10 5 0
-6 3 26 0
19 -12 -5 0
13 25 5 0
-14 7 3 0
-3 9 -8 0
-5 19 -1 0
16 21 -22 0
-26 -15 -11 0
-13 -2 26 0
-11 -16 13 0
18 -10 -6 0
8 -22 -15 0
-16 22 19 0
-12 10 -9 0
-17 -4 16 0
-17 -13 26 0
-15 -21 -6 0
27 9 -13 0
-10 11 15 0
8 -1 14 0
-5 8 6 0
-20 25 23 0
1 -19 -25 0
5 3 14 0
-3 10 -25 0
21 -11 3 0
24 -6 20 0
-23 1 -18 0
4 2 26 0
-22 14 -23 0
8 -20 -14 0
-16 10 -27 0
4 -9 -21 0
21 -2 -13 0
11 -12 -22 0
-19 -22 -4 0
12 3 -25 0
1 -7 24 0
14 -12 -18 0
-16 -24 -3 0
-5 -26 -13 0
-10 1 -9 0
-3 22 -25 0
19 -21 -23 0
26 21 4 0
