c instance by G2
c solution = 011000001001011001111011110
c Known solution cost is 7029 
p cnf 27 50
w 396 481 462 400 461 234 190 152 151 53 390 400 317 250 67 146 247 192 195 240 24 27 330 141 169 435 479
11 -12 -4 0
-11 16 5 0
-23 15 3 0
-27 7 -26 0
20 16 10 0
4 -7 3 0
13 26 22 0
10 26 13 0
-6 8 -18 0
1 -26 3 0
-20 -26 24 0
16 14 22 0
-26 -5 24 0
7 2 6 0
-18 -16 -9 0
-17 -25 -20 0
22 -14 3 0
9 21 5 0
-11 -23 -14 0
-1 20 12 0
14 -4 -27 0
-16 -1 25 0
-15 -5 -23 0
-3 10 25 0
27 12 -2 0
-11 -8 -3 0
-14 -15 -13 0
-15 -1 17 0
22 -19 -10 0
17 27 9 0
-14 -7 16 0
3 8 -15 0
6 23 -2 0
-18 -22 -25 0
13 -8 -20 0
21 19 8 0
-14 19 4 0
-8 -2 21 0
8 21 -18 0
19 -12 -3 0
3 -11 10 0
-9 1 15 0
11 -22 8 0
10 20 23 0
18 -13 3 0
-15 19 4 0
18 23 -24 0
18 -12 -25 0
-14 -18 3 0
-6 -2 5 0
