c instance by G2
c solution = 100111011001100011101110010
c Known solution cost is 5981 
p cnf 27 50
w 283 60 106 291 257 25 468 427 216 126 56 154 424 72 30 254 222 202 123 477 68 213 164 482 68 300 413
14 -2 -21 0
-6 -10 27 0
13 -18 -19 0
-13 -19 -24 0
4 -26 10 0
12 2 20 0
24 11 12 0
24 -26 -15 0
21 -6 -8 0
-17 12 26 0
27 -19 -14 0
13 -12 24 0
-21 -3 -9 0
1 19 -21 0
-21 -1 -25 0
-14 -25 -27 0
-14 -12 2 0
-16 20 24 0
-8 24 26 0
-7 -4 -13 0
14 8 11 0
3 27 19 0
24 -19 22 0
11 23 -25 0
5 8 -22 0
24 4 -14 0
2 -21 9 0
-20 -5 27 0
-15 25 -3 0
25 -27 -24 0
5 -23 16 0
-18 21 -2 0
-4 12 15 0
-19 13 -22 0
10 17 20 0
-2 -16 23 0
17 -4 -25 0
-9 23 -1 0
-10 -7 20 0
-25 1 -5 0
8 -5 26 0
24 21 -13 0
15 10 1 0
-27 -21 3 0
21 -17 -20 0
13 -18 -7 0
-23 -9 1 0
-11 3 2 0
-19 18 -5 0
-4 10 6 0
