c instance by G2
c solution = 101101110101010110000101001
c Known solution cost is 8371 
p cnf 27 50
w 432 235 378 250 453 73 13 306 433 139 270 338 327 11 408 484 491 341 246 376 466 343 147 378 435 392 206
-23 22 26 0
17 -12 5 0
-20 6 -2 0
-10 -17 -25 0
9 13 -23 0
-3 -24 12 0
-10 12 -14 0
9 20 14 0
-18 -24 19 0
14 -8 -20 0
-27 -22 -21 0
-26 16 -25 0
-16 -23 -25 0
27 8 -12 0
-21 13 -4 0
-24 16 -20 0
18 -15 11 0
-12 27 -14 0
20 -16 -19 0
-10 16 26 0
-7 -19 -3 0
-20 9 -7 0
-13 10 -6 0
-2 4 1 0
15 3 26 0
23 13 -26 0
6 -4 -14 0
-2 -19 15 0
12 -22 -4 0
-10 11 8 0
-8 -18 -15 0
22 25 -8 0
-19 18 -10 0
-2 26 -8 0
27 17 -11 0
-6 7 23 0
19 -23 -1 0
-4 -5 18 0
-19 25 5 0
9 -11 13 0
26 -12 1 0
24 -6 15 0
-19 -9 -2 0
14 -5 3 0
13 10 -7 0
-22 18 4 0
1 -10 -6 0
-12 -13 21 0
1 2 16 0
-14 -9 -12 0
