c instance by G2
c solution = 100000110000001111111010000
c Known solution cost is 5540 
p cnf 27 50
w 381 8 70 465 162 83 241 40 375 215 62 194 103 373 71 452 52 182 208 443 383 286 3 266 305 25 92
-19 25 21 0
-26 27 -7 0
-20 26 7 0
-8 12 -24 0
-4 9 -16 0
-12 14 -18 0
-19 -6 12 0
17 7 21 0
11 5 -13 0
-20 -25 -19 0
2 -3 -17 0
27 15 -23 0
8 27 -15 0
23 2 4 0
-8 -5 13 0
7 26 2 0
-12 26 16 0
1 -9 6 0
-18 -23 -14 0
-15 -2 -16 0
21 -16 10 0
-9 -7 -13 0
27 -15 19 0
-18 6 -10 0
12 27 15 0
-18 -13 2 0
27 -16 -11 0
-23 17 -15 0
-20 25 -5 0
3 -17 -14 0
24 9 -4 0
-21 -9 -1 0
9 -13 12 0
11 16 25 0
11 -15 -2 0
-27 10 14 0
4 7 23 0
8 7 26 0
-10 13 24 0
-16 17 14 0
-19 -13 14 0
-6 13 2 0
-14 15 -6 0
-17 20 25 0
18 2 22 0
-8 -22 27 0
21 16 -7 0
13 -20 1 0
-25 27 -20 0
-18 10 15 0
