c instance by G2
c solution = 001011101110000000010101001
c Known solution cost is 6281 
p cnf 27 50
w 2 496 48 276 251 407 324 285 50 425 317 4 409 203 300 346 256 162 68 340 233 21 85 157 399 339 78
5 12 8 0
6 -20 19 0
4 -16 21 0
2 1 -8 0
22 16 1 0
-27 6 -23 0
-24 -23 -21 0
19 -2 11 0
27 -16 -20 0
11 -9 -22 0
-19 -15 14 0
24 -6 7 0
-5 -18 -7 0
26 -21 -7 0
1 18 -15 0
19 -10 27 0
-1 10 6 0
3 2 14 0
13 20 18 0
-14 -27 18 0
-17 3 -1 0
7 -26 12 0
-26 -11 12 0
-11 -17 2 0
9 -5 13 0
26 -24 -13 0
14 13 20 0
-5 18 11 0
18 -5 22 0
25 -12 13 0
11 25 18 0
-8 7 -22 0
-19 -3 -25 0
-5 25 -2 0
-1 26 -3 0
-23 -6 -10 0
26 -23 -24 0
14 -8 -18 0
-19 20 24 0
26 -10 6 0
1 7 2 0
10 -6 14 0
-25 14 17 0
-18 21 23 0
12 8 -19 0
18 24 13 0
-13 27 25 0
-16 -18 -19 0
-3 -20 -4 0
27 -4 1 0
