c instance by G2
c solution = 11010001111100000000011011111111111
c Known solution cost is 8582 
p cnf 35 50
w 160 367 419 164 174 24 463 251 172 476 33 150 199 162 181 311 346 335 403 257 151 58 186 478 324 344 262 113 80 378 227 402 173 346 13
6 -34 33 0
31 16 21 0
16 24 28 0
7 17 -18 0
16 -22 -15 0
-27 33 -1 0
-28 -34 9 0
35 -9 -4 0
-9 -21 -26 0
13 -10 -24 0
24 16 11 0
-31 -25 1 0
13 4 -11 0
-22 2 24 0
-11 19 -17 0
1 -27 7 0
14 -25 33 0
13 -12 8 0
-23 -26 -6 0
10 -28 -8 0
29 17 7 0
-7 -32 20 0
-5 -12 7 0
-1 -3 -25 0
-19 -25 -35 0
-4 22 -34 0
-34 26 -8 0
21 -26 -20 0
34 -35 -11 0
-33 27 -31 0
-33 -14 27 0
-5 -7 8 0
25 -13 19 0
35 -15 -27 0
16 -24 -33 0
7 30 -29 0
-23 -14 -34 0
21 33 24 0
25 -28 -11 0
26 -23 -17 0
20 -16 24 0
-8 23 -31 0
4 1 3 0
-13 24 16 0
20 3 9 0
13 15 32 0
-32 -10 -18 0
-29 -6 10 0
31 -33 34 0
-34 12 24 0
