c instance by G2
c solution = 00111110001110100111111001001010000
c Known solution cost is 8743 
p cnf 35 50
w 425 151 119 109 72 443 162 209 224 263 475 379 173 172 84 281 249 26 189 302 208 159 268 345 177 396 321 299 212 289 114 375 395 430 248
1 9 20 0
-6 8 11 0
18 27 16 0
21 10 2 0
-15 10 5 0
1 -24 32 0
-13 23 -12 0
5 -19 -13 0
-6 7 33 0
5 24 -3 0
-23 9 -8 0
-21 -11 -28 0
11 -29 -13 0
-13 26 28 0
1 -21 15 0
4 -3 18 0
-17 -15 8 0
-12 10 -2 0
-21 -6 -34 0
15 -29 -13 0
3 -13 -26 0
-20 -30 16 0
-2 -8 -24 0
-7 -33 -23 0
2 11 5 0
6 23 5 0
9 -13 6 0
-23 -30 17 0
-18 34 -9 0
9 -6 -14 0
-2 -9 -27 0
19 33 24 0
-7 13 -29 0
-10 -7 -22 0
-31 17 -25 0
31 22 20 0
-18 -9 25 0
-11 -27 -22 0
12 33 -22 0
-23 28 -32 0
33 -10 -8 0
9 29 -34 0
25 -16 27 0
-1 -22 16 0
-20 4 32 0
13 -21 24 0
22 1 -31 0
-23 24 29 0
-3 31 -7 0
17 -35 1 0
