c instance by G2
c solution = 10110101011010110100011000001011110
c Known solution cost is 9002 
p cnf 35 50
w 391 115 329 376 320 423 417 329 418 430 42 212 299 13 461 74 370 251 18 455 466 118 135 314 275 191 163 84 248 263 17 56 430 94 405
19 -13 15 0
-25 5 7 0
24 -18 3 0
-33 -8 29 0
29 -18 17 0
-17 20 25 0
24 -11 4 0
25 -33 23 0
27 -15 -14 0
-13 -24 20 0
5 2 -20 0
-26 35 -33 0
-35 28 -33 0
-33 35 13 0
-1 31 -29 0
-16 9 -5 0
-3 -30 -16 0
25 -13 11 0
27 26 32 0
-5 26 -2 0
-22 8 -33 0
10 25 -18 0
-26 -12 19 0
-15 -29 22 0
22 21 19 0
-25 -30 19 0
33 24 -10 0
-26 29 -21 0
19 34 -1 0
19 20 18 0
-1 -18 -7 0
23 -10 32 0
-28 -16 -22 0
-21 -6 1 0
17 -3 6 0
5 25 16 0
-6 22 26 0
27 -2 5 0
28 -16 29 0
1 -13 -33 0
-19 -34 -18 0
-12 19 27 0
-16 20 -9 0
-30 -26 3 0
34 -28 -8 0
5 24 -27 0
-10 -21 17 0
-28 16 -35 0
33 25 -35 0
11 13 -6 0
