c instance by G2
c solution = 00010101100000101111001110110111000
c Known solution cost is 8492 
p cnf 35 50
w 82 390 54 20 45 447 52 274 280 203 116 125 13 344 420 390 498 223 34 386 253 196 161 110 475 217 185 367 195 294 361 456 413 167 246
28 32 -22 0
7 17 -23 0
-10 -28 11 0
-20 8 -22 0
-32 30 14 0
-18 8 -30 0
16 -15 28 0
20 14 -6 0
33 -28 31 0
-8 -7 29 0
24 -8 14 0
18 -34 -20 0
-11 1 -31 0
-5 1 -20 0
18 15 -11 0
9 5 -6 0
-27 18 35 0
-31 29 -35 0
-19 -33 21 0
-22 34 -13 0
8 6 -18 0
1 -23 -26 0
-31 28 25 0
-14 -33 4 0
-35 21 11 0
-30 -13 -20 0
15 10 1 0
-27 -25 23 0
35 -18 17 0
33 -14 3 0
-34 -32 -24 0
13 5 4 0
21 -15 -16 0
-13 -31 9 0
-12 -30 -25 0
32 -20 11 0
27 -4 12 0
-1 7 -27 0
-17 3 25 0
-29 -34 -11 0
1 -25 6 0
-23 -22 -17 0
-2 5 -32 0
-4 -19 -21 0
-3 35 26 0
-10 7 5 0
11 32 -1 0
-6 5 19 0
11 -31 -29 0
-20 26 28 0
