c instance by G2
c solution = 10100101011110011011001011000111001
c Known solution cost is 6686 
p cnf 35 50
w 123 451 185 26 181 24 282 355 423 87 209 306 180 53 22 22 391 98 196 207 109 470 85 466 370 98 44 299 25 1 83 198 458 139 20
18 34 -22 0
13 -2 -24 0
-26 34 -18 0
-28 8 -2 0
22 12 -9 0
-27 15 33 0
-11 -33 -35 0
30 -19 27 0
13 2 31 0
-31 -4 -17 0
12 10 -34 0
22 4 1 0
30 6 5 0
-3 -4 -19 0
28 34 19 0
-10 -12 35 0
23 -31 9 0
-12 16 33 0
11 18 -10 0
16 -26 25 0
17 -13 7 0
-15 7 -20 0
29 -1 -28 0
-7 30 1 0
6 -19 -13 0
-25 29 -27 0
-31 -8 -34 0
22 4 -14 0
-10 -3 13 0
14 -32 -2 0
17 4 1 0
5 -10 3 0
-29 -8 -35 0
-13 20 -17 0
34 18 12 0
31 24 -1 0
-20 -9 33 0
28 8 -17 0
-1 -24 -26 0
23 14 -30 0
10 29 -13 0
34 25 4 0
9 -19 -33 0
18 -5 -3 0
-35 7 32 0
-35 -7 -30 0
28 -19 -21 0
-10 26 24 0
1 -17 -31 0
1 24 -20 0
