c instance by G2
c solution = 10110000110101100001001001010111111
c Known solution cost is 9233 
p cnf 35 50
w 488 151 402 231 28 267 492 111 140 117 225 263 64 74 334 380 173 335 365 261 230 381 407 295 370 386 83 280 230 388 138 445 386 72 241
-29 22 -20 0
-20 18 -13 0
-4 20 11 0
12 -6 31 0
14 27 15 0
-4 -5 -3 0
-15 -22 -1 0
-7 17 13 0
-12 -19 5 0
-10 34 29 0
6 29 3 0
-12 -13 -19 0
-34 33 27 0
11 -32 12 0
-11 -28 -15 0
-33 4 -12 0
18 8 10 0
28 -32 -12 0
-4 2 26 0
28 -15 17 0
23 32 -4 0
2 14 -15 0
5 22 23 0
28 -12 -31 0
-7 2 -15 0
-28 13 20 0
-6 22 19 0
-32 -1 26 0
27 -25 22 0
2 7 -27 0
-21 11 17 0
-10 4 -28 0
-1 -35 -8 0
27 30 17 0
-24 23 -3 0
1 -35 -4 0
24 -2 7 0
-16 -8 26 0
8 -1 31 0
5 -18 17 0
-33 5 35 0
-4 -12 -17 0
-1 -24 16 0
-3 -4 -16 0
-19 13 25 0
-3 13 1 0
3 -27 26 0
32 -28 -31 0
-20 9 -33 0
22 15 -20 0
