c instance by G2
c solution = 00101101111000110001110001111011101
c Known solution cost is 9477 
p cnf 35 50
w 20 396 357 163 254 357 321 497 412 479 219 163 392 336 164 242 126 381 352 139 109 48 189 488 66 93 217 104 110 229 473 204 479 457 441
28 -25 3 0
1 -7 -26 0
2 -5 28 0
-17 19 -9 0
-27 -32 3 0
33 -26 -16 0
-17 -4 29 0
-4 15 -13 0
-30 -5 4 0
-29 19 8 0
-17 20 31 0
-25 23 -1 0
18 22 14 0
-26 18 10 0
-2 -26 -31 0
-31 6 -35 0
-22 -13 -19 0
31 -21 -35 0
-31 21 -33 0
-14 -27 -31 0
-5 -20 11 0
-19 -6 7 0
-16 31 9 0
23 -28 20 0
-27 -22 26 0
-23 1 29 0
-17 16 5 0
-27 11 12 0
15 34 -16 0
14 -12 -9 0
2 16 4 0
-25 -21 -20 0
-15 7 -18 0
9 -4 26 0
35 14 2 0
-27 14 5 0
33 -8 -32 0
25 -31 -4 0
16 -5 -24 0
-8 -16 35 0
-5 -1 -21 0
4 -13 26 0
2 14 -23 0
-27 -35 -34 0
34 -26 -13 0
-9 25 29 0
18 9 -21 0
32 -26 -16 0
25 -3 -24 0
27 -20 -26 0
