c instance by G2
c solution = 11011100000111100100111111000001011
c Known solution cost is 10129 
p cnf 35 50
w 300 324 365 14 420 456 341 153 201 133 474 112 6 347 32 122 436 189 449 353 476 355 401 261 452 12 372 61 446 458 383 360 430 173 262
29 -33 -25 0
9 20 21 0
27 -15 -8 0
-1 -23 12 0
29 18 -14 0
2 11 -26 0
-32 -5 34 0
28 26 -32 0
-30 18 24 0
14 31 30 0
9 25 3 0
-1 -14 -17 0
4 17 12 0
-6 -2 -29 0
22 -15 16 0
30 9 -33 0
-23 35 -32 0
13 -12 19 0
-21 17 -20 0
20 -27 -1 0
23 -15 -13 0
32 -13 -26 0
23 21 25 0
-29 -18 -35 0
34 20 16 0
-1 28 34 0
-3 16 -14 0
-3 -6 -7 0
-10 9 17 0
4 19 -35 0
-11 30 -35 0
-12 5 29 0
5 31 10 0
-26 7 1 0
26 -14 -22 0
3 -2 -19 0
6 -23 19 0
-4 -20 -10 0
-32 -31 19 0
30 -28 -25 0
17 -5 -16 0
-7 -23 30 0
-13 15 -26 0
-30 17 -12 0
11 -18 15 0
10 24 28 0
10 13 -22 0
-1 10 -31 0
11 -9 10 0
4 1 19 0
