c instance by G2
c solution = 01001101110011101100001000011010100
c Known solution cost is 8737 
p cnf 35 50
w 8 242 44 243 147 450 381 326 193 225 113 307 281 168 450 351 262 489 319 262 210 198 51 51 247 488 322 181 55 155 197 98 489 446 288
-14 -24 1 0
12 -34 32 0
16 -25 -28 0
22 11 -16 0
17 32 20 0
19 18 -28 0
12 -1 -10 0
30 -20 -31 0
30 8 14 0
-17 -14 23 0
-24 -1 -16 0
-26 -7 -4 0
12 -22 35 0
3 25 -32 0
-10 24 14 0
-6 -32 -26 0
-13 -5 -22 0
-2 17 24 0
-17 8 -2 0
-7 22 -6 0
-17 -21 24 0
28 1 16 0
3 27 -30 0
-2 -11 32 0
9 -6 -28 0
-6 3 5 0
4 29 -33 0
-15 13 5 0
-33 -3 1 0
-26 4 -17 0
-8 15 1 0
-5 -28 6 0
26 -9 -4 0
-8 34 -19 0
15 -9 -25 0
-16 5 34 0
-6 31 -5 0
-27 -17 -2 0
-8 13 -6 0
33 19 -28 0
10 24 -18 0
33 22 28 0
-8 23 28 0
3 -35 -23 0
12 -2 -30 0
-17 2 -10 0
23 2 -25 0
3 25 -12 0
20 -22 -2 0
-16 -2 -8 0
