c instance by G2
c solution = 10100110110011000010001100000100001
c Known solution cost is 9588 
p cnf 35 50
w 292 255 353 253 306 306 208 236 21 396 9 196 239 280 429 429 486 333 128 499 273 343 348 254 264 261 276 369 27 0 339 399 142 382 257
-20 -22 6 0
-34 33 -1 0
34 -5 29 0
-22 31 2 0
-33 -19 26 0
-13 -21 20 0
14 13 5 0
-6 19 32 0
-10 7 15 0
28 8 -25 0
23 -6 -26 0
34 14 -3 0
31 10 22 0
20 21 -26 0
-4 -3 8 0
-31 27 17 0
23 -13 -9 0
-14 24 34 0
15 -28 -13 0
-7 10 11 0
20 -16 32 0
-32 25 26 0
23 -11 -32 0
22 21 23 0
-13 1 5 0
-9 -1 35 0
12 16 -11 0
-9 31 -25 0
2 30 8 0
24 22 -14 0
32 -20 8 0
33 -32 -24 0
-23 -29 -3 0
-10 -3 6 0
24 16 -4 0
-9 32 -17 0
27 -31 -23 0
28 -12 31 0
2 19 33 0
-19 -10 9 0
-17 -1 2 0
-18 27 12 0
3 -24 17 0
-15 21 4 0
18 -10 -27 0
-2 33 -24 0
31 26 1 0
6 -2 -34 0
-35 -8 -10 0
13 27 31 0
