c instance by G2
c solution = 00101100110000010111100110011100100
c Known solution cost is 7796 
p cnf 35 50
w 319 179 226 159 140 13 381 326 224 144 178 5 367 442 489 72 191 256 124 264 434 172 223 41 213 259 336 137 418 91 117 359 61 59 377
11 -1 26 0
14 -12 34 0
-18 -16 -34 0
-20 -17 -29 0
-28 -10 30 0
32 9 12 0
-3 14 -27 0
11 10 1 0
17 31 19 0
23 4 29 0
-11 9 -13 0
10 -30 26 0
-23 -20 -29 0
8 -25 -32 0
8 -3 20 0
-28 -16 25 0
-14 12 -28 0
-18 29 35 0
-29 -7 12 0
35 4 -27 0
35 19 25 0
12 -16 5 0
-3 -8 -18 0
34 33 -9 0
13 -8 15 0
-9 -22 28 0
19 -14 11 0
-21 -31 -16 0
-30 -32 -18 0
17 24 31 0
-20 7 -15 0
23 -35 1 0
14 -4 17 0
-5 33 11 0
-24 13 -11 0
-6 -22 8 0
-26 27 22 0
-22 -16 -5 0
30 10 -4 0
4 20 -27 0
28 22 23 0
16 34 2 0
7 31 33 0
-6 31 18 0
-26 8 15 0
6 23 -28 0
21 17 -18 0
-10 -13 26 0
11 12 3 0
-2 35 12 0
