c instance by G2
c solution = 01010110000101000110111101101111100
c Known solution cost is 8133 
p cnf 35 50
w 53 192 396 373 310 342 303 498 344 198 87 324 155 258 357 281 175 10 221 115 436 40 131 53 368 419 65 203 4 338 138 55 279 136 476
14 -24 5 0
7 28 27 0
12 -23 -21 0
-9 3 20 0
10 -19 -35 0
28 8 -16 0
-10 -14 -19 0
-32 18 35 0
23 -30 20 0
19 -29 -31 0
-6 9 4 0
5 31 13 0
21 16 -18 0
6 29 23 0
20 -31 -8 0
22 -12 9 0
-1 -7 -17 0
26 -24 -22 0
16 -5 17 0
9 -18 14 0
22 -9 6 0
6 35 -32 0
10 -24 2 0
-18 -11 1 0
24 -14 -21 0
30 -33 -19 0
-4 -34 -16 0
-22 3 32 0
-28 -12 -8 0
-29 -2 14 0
25 -29 7 0
11 -6 -17 0
-15 3 10 0
8 13 29 0
5 1 -20 0
-27 -28 -32 0
-23 -30 -34 0
35 27 -2 0
-19 -6 27 0
-13 -12 -18 0
-30 -10 -19 0
5 -31 -10 0
-24 -3 -7 0
10 -3 -12 0
-9 3 -8 0
-25 -30 -19 0
-23 18 -17 0
-18 30 26 0
-1 13 -23 0
33 -2 10 0
