c instance by G2
c solution = 11111101110100000010101100110000011
c Known solution cost is 8770 
p cnf 35 50
w 332 155 373 162 137 41 232 402 329 235 396 265 498 181 303 416 314 270 59 405 292 318 311 35 101 29 379 7 163 181 292 413 377 79 288
-15 28 32 0
-13 32 11 0
-19 -21 -26 0
-10 -34 27 0
26 -15 -31 0
18 7 34 0
5 -35 20 0
16 -17 30 0
22 -31 -24 0
-7 25 -23 0
35 -1 -4 0
24 -28 -11 0
-35 33 23 0
-23 22 8 0
-34 -16 -4 0
4 -35 32 0
-31 -20 -29 0
-16 -28 -4 0
7 15 24 0
-17 30 -6 0
-25 -34 -1 0
11 33 2 0
26 -22 25 0
6 -21 -1 0
32 19 -4 0
18 -35 -20 0
21 -29 7 0
25 -15 18 0
-13 18 35 0
-28 17 3 0
28 -6 29 0
-24 -34 -29 0
28 -8 25 0
-3 28 -16 0
-35 11 1 0
-9 28 21 0
32 -19 -11 0
-18 22 -19 0
-35 22 9 0
-3 -23 -30 0
35 -34 -5 0
-22 33 1 0
15 21 -23 0
12 16 -4 0
29 -19 10 0
-13 -5 6 0
18 -33 -5 0
-18 -32 -3 0
15 26 -32 0
-14 16 22 0
