c instance by G2
c solution = 00110100100000011101111111000100010
c Known solution cost is 10322 
p cnf 35 50
w 342 322 428 414 183 465 353 371 280 310 499 160 254 145 198 396 477 123 184 341 403 86 9 72 492 310 289 349 491 7 88 362 490 478 151
34 -21 18 0
20 -23 -24 0
2 10 -19 0
8 2 -15 0
-25 5 9 0
-30 14 34 0
-33 -30 -23 0
8 -7 9 0
-18 3 15 0
-26 -27 7 0
-21 20 19 0
30 31 -3 0
25 6 15 0
-4 -5 -6 0
-28 -21 11 0
2 -32 10 0
5 16 8 0
17 -2 8 0
13 -34 6 0
-8 19 -21 0
8 26 31 0
27 18 19 0
-6 -31 30 0
22 35 8 0
26 -3 -15 0
-14 13 5 0
-25 -17 -2 0
10 -19 -30 0
24 15 13 0
-7 2 26 0
35 -30 -29 0
-1 -20 -9 0
-7 -21 -29 0
7 33 3 0
10 7 4 0
12 25 -6 0
-24 20 -7 0
-18 21 19 0
-7 -16 11 0
-10 15 -24 0
16 5 27 0
-9 17 29 0
28 -35 -16 0
-6 -11 -4 0
-4 23 29 0
14 -12 -23 0
-13 5 8 0
24 25 -34 0
-31 18 -27 0
1 -31 -24 0
