c instance by G2
c solution = 00110011010011111011101101110111100
c Known solution cost is 9578 
p cnf 35 50
w 184 377 103 84 366 205 415 305 324 426 103 220 451 111 235 255 439 221 242 5 374 5 436 224 261 374 103 171 353 200 396 309 447 387 467
-15 11 31 0
-21 -7 20 0
16 29 -33 0
-32 -19 26 0
-3 2 27 0
35 -16 21 0
19 18 29 0
17 -28 -19 0
8 31 -33 0
22 33 -14 0
-25 1 34 0
-23 -2 -13 0
2 -20 -12 0
22 -31 15 0
12 -18 -28 0
-13 -9 -32 0
-5 -33 -13 0
-22 -4 18 0
15 21 1 0
-31 -35 -14 0
10 -3 9 0
30 28 -7 0
23 -13 -7 0
-21 14 9 0
25 23 -17 0
29 11 30 0
-29 34 -30 0
-1 22 -17 0
6 -19 33 0
31 1 10 0
-8 28 5 0
-3 7 1 0
-25 -3 -24 0
1 8 -14 0
-7 6 28 0
-17 34 4 0
-3 -6 -15 0
-7 15 27 0
-7 -11 -26 0
9 29 -11 0
5 -14 3 0
5 24 -3 0
4 -6 10 0
30 18 17 0
-20 -34 -12 0
31 12 -1 0
32 -8 -7 0
-18 12 32 0
-33 -26 13 0
-34 -32 -21 0
