c instance by G2
c solution = 10100111001111110010111000110101001
c Known solution cost is 9831 
p cnf 35 50
w 406 319 378 49 389 483 296 422 28 149 287 287 27 376 490 243 337 292 284 452 461 123 192 59 173 440 476 41 167 200 152 374 481 309 189
-21 24 28 0
-31 -7 -14 0
-28 21 -30 0
7 10 31 0
22 29 -23 0
-9 24 -18 0
-27 -34 12 0
15 22 -30 0
-13 24 23 0
25 -5 34 0
-22 -11 32 0
-9 -14 22 0
13 -23 -11 0
-16 -3 -29 0
29 -32 27 0
34 -20 35 0
-15 4 16 0
-27 6 -3 0
5 -7 -10 0
2 -25 -14 0
18 -19 -26 0
29 -20 17 0
31 -27 -18 0
-30 14 34 0
5 21 -8 0
-24 -27 18 0
-14 -12 11 0
-35 -4 2 0
-22 -34 20 0
5 12 26 0
19 -22 9 0
34 35 -30 0
-27 26 8 0
1 -20 14 0
-14 -27 32 0
-27 10 -2 0
8 -22 18 0
-8 1 17 0
-33 20 7 0
-16 -18 -25 0
33 -9 -23 0
10 3 -27 0
-30 -3 -17 0
-17 20 -35 0
18 5 -33 0
10 30 9 0
31 -35 15 0
-11 16 -13 0
-15 20 1 0
13 -6 -35 0
