c instance by G2
c solution = 00000000111000111001001111011100111
c Known solution cost is 8868 
p cnf 35 50
w 117 69 156 178 273 234 354 387 227 297 448 190 172 165 405 175 479 414 222 392 427 170 431 219 356 303 425 131 252 251 12 8 163 162 204
-20 27 33 0
4 1 29 0
27 -33 30 0
16 -12 -18 0
19 13 10 0
2 -4 27 0
-4 18 27 0
-23 -26 -2 0
-4 -12 -27 0
5 25 -16 0
-8 -23 -17 0
-21 6 -10 0
8 20 -28 0
6 -28 9 0
-15 -35 -5 0
-3 -20 32 0
-35 19 -6 0
4 3 26 0
20 34 -23 0
25 -15 28 0
-9 27 34 0
-35 17 13 0
-6 -20 -26 0
-33 -18 -30 0
-16 -8 -17 0
30 34 -33 0
-32 5 31 0
-27 6 21 0
-7 -34 31 0
23 1 -24 0
-10 -25 -31 0
-10 -17 -32 0
-10 6 -2 0
27 15 1 0
-21 -2 -29 0
16 4 -11 0
-10 -17 -22 0
27 32 -19 0
-34 -29 -14 0
-1 22 3 0
12 -5 19 0
35 27 12 0
34 24 -15 0
12 11 6 0
-26 28 5 0
6 20 -3 0
32 27 24 0
20 8 -16 0
13 -12 -17 0
22 -13 -26 0
