c instance by G2
c solution = 01010011000011011100001111110110000
c Known solution cost is 8854 
p cnf 35 50
w 86 249 388 333 336 89 65 227 209 420 454 5 149 271 95 254 305 60 418 112 461 424 161 399 436 432 121 388 296 19 324 113 176 472 107
-2 -20 -18 0
-21 -31 -7 0
-5 -27 34 0
23 -34 1 0
-26 -15 -24 0
6 -19 8 0
-7 -3 -25 0
-31 17 -25 0
-28 -10 -16 0
1 -32 -11 0
23 15 29 0
-1 29 -24 0
8 -16 19 0
-25 -34 3 0
33 -3 2 0
18 -7 3 0
6 -26 24 0
-16 -8 -21 0
-32 -23 29 0
6 -9 30 0
17 -24 33 0
-35 21 -30 0
7 -13 11 0
-30 1 -19 0
-26 10 28 0
2 -23 -29 0
27 -14 10 0
20 -9 -24 0
12 26 32 0
-25 1 31 0
-3 -17 5 0
21 27 12 0
30 6 21 0
22 -3 -16 0
12 16 -18 0
-8 1 14 0
11 10 -3 0
13 -25 -18 0
6 22 4 0
5 -29 20 0
-23 25 6 0
-27 24 -4 0
-22 15 12 0
-17 -24 30 0
-12 -16 -18 0
34 2 3 0
-33 -8 21 0
26 32 21 0
-11 15 -18 0
-13 -6 -4 0
