c instance by G2
c solution = 01010010110110111000000000111100010
c Known solution cost is 8340 
p cnf 35 50
w 230 216 490 135 279 349 311 234 191 337 202 441 404 23 447 357 72 496 457 1 375 420 9 66 33 418 229 58 128 374 79 36 177 8 258
-31 21 -29 0
-27 -26 21 0
-9 20 -18 0
-13 -19 -15 0
-35 -28 19 0
-6 -20 -26 0
-5 -35 22 0
-12 -30 -23 0
6 -17 -32 0
-7 -9 -1 0
-14 -1 -26 0
29 -14 34 0
29 -35 19 0
-22 -34 6 0
-3 -4 5 0
-3 -13 10 0
-25 22 -29 0
-12 34 -29 0
33 -28 -32 0
2 -16 33 0
33 -9 16 0
-34 -22 5 0
-15 17 -7 0
22 9 -28 0
-8 32 12 0
26 -33 24 0
33 13 -27 0
-35 -25 -9 0
35 28 11 0
-21 -4 1 0
33 -28 -5 0
-29 -17 15 0
-30 -34 -6 0
26 -30 7 0
-24 -28 -16 0
22 6 -20 0
-13 -14 1 0
-12 10 26 0
-11 10 25 0
12 18 -30 0
6 -24 -2 0
18 -28 -11 0
-2 31 29 0
-27 -8 14 0
-27 -13 17 0
25 22 4 0
27 1 -16 0
30 35 19 0
17 -23 -4 0
5 35 -24 0
