c instance by G2
c solution = 00110010100110100011000100111101100
c Known solution cost is 9263 
p cnf 35 50
w 272 54 477 210 308 454 295 120 451 384 58 480 272 106 296 131 438 315 385 398 423 101 424 48 7 214 499 8 290 29 15 372 112 439 378
-19 13 21 0
-29 20 21 0
-34 11 2 0
10 -1 25 0
14 21 -23 0
-16 14 -33 0
4 -21 10 0
33 31 16 0
13 26 -3 0
-7 -14 8 0
34 35 -8 0
-20 -6 -33 0
-4 30 -23 0
-33 -32 -18 0
27 -9 6 0
12 23 22 0
5 -14 29 0
21 15 5 0
4 -32 21 0
18 29 16 0
-15 -12 32 0
-15 -10 25 0
-5 10 -30 0
-13 30 20 0
23 -8 -19 0
23 25 -22 0
4 -30 10 0
27 9 -8 0
20 -22 -3 0
-32 -26 -33 0
-35 -24 6 0
-11 -7 -24 0
26 -28 4 0
-9 -25 5 0
26 11 28 0
-20 -12 -2 0
34 -15 -22 0
-33 25 -21 0
9 2 -13 0
30 26 -27 0
-17 22 -20 0
-31 -13 16 0
3 18 8 0
21 11 -25 0
7 -3 35 0
-33 24 -9 0
11 19 14 0
11 -32 15 0
-31 25 20 0
-13 -29 32 0
