c instance by G2
c solution = 11111111011101111100001011110111000
c Known solution cost is 8609 
p cnf 35 50
w 292 232 71 188 281 123 150 46 209 416 44 78 324 472 369 389 494 304 139 153 207 146 56 421 435 458 105 88 452 303 438 65 65 267 329
19 -18 27 0
24 -17 26 0
-25 7 10 0
-17 -33 -25 0
33 -4 23 0
1 9 -17 0
-24 20 -4 0
-29 -27 22 0
-23 4 20 0
-30 32 -23 0
-15 -26 28 0
-16 -17 10 0
-14 28 -31 0
30 -14 21 0
-32 -18 -21 0
-6 14 3 0
-14 -21 28 0
9 8 35 0
7 -23 -6 0
7 31 -32 0
20 -1 -34 0
-16 -13 -2 0
20 33 -35 0
-31 -16 12 0
22 -17 6 0
32 9 -12 0
13 21 15 0
-26 -17 -21 0
-4 25 33 0
-10 -19 -30 0
16 33 -30 0
-9 -5 -18 0
18 -31 -10 0
3 -10 -5 0
19 -22 -32 0
-6 16 4 0
-3 19 -20 0
7 -12 -16 0
35 27 9 0
23 29 9 0
-17 -27 14 0
-16 -14 11 0
19 5 29 0
20 8 -10 0
-19 -33 25 0
31 -18 22 0
35 17 -14 0
-8 3 12 0
-4 9 2 0
8 -16 -21 0
