c instance by G2
c solution = 10110111101000100011101101010011110
c Known solution cost is 9032 
p cnf 35 50
w 126 426 111 161 333 315 462 180 200 65 491 193 228 77 452 441 362 207 15 139 262 16 226 271 488 246 217 387 160 390 295 377 476 3 234
-5 18 14 0
-34 4 18 0
7 -2 -25 0
3 -15 -32 0
-2 -18 26 0
14 31 18 0
-22 -11 5 0
-28 -15 -2 0
8 33 -27 0
19 14 -31 0
-27 29 -19 0
2 -34 -25 0
22 -31 3 0
-10 35 -24 0
30 1 18 0
-32 -31 15 0
-29 -21 -23 0
9 30 16 0
31 -3 35 0
32 30 13 0
30 -3 28 0
-3 -12 -7 0
-35 30 -4 0
11 -34 -9 0
-33 24 -32 0
-18 -21 -33 0
30 15 4 0
13 -14 19 0
-24 -33 -14 0
-33 26 -28 0
-33 -26 8 0
8 -24 -25 0
16 34 -15 0
10 -2 34 0
-17 25 -24 0
27 -6 20 0
25 -13 -21 0
25 -16 -32 0
14 7 -3 0
4 -32 -29 0
21 5 -7 0
19 9 32 0
-30 -28 -9 0
16 15 -4 0
-3 29 23 0
16 26 2 0
-6 19 -1 0
-19 30 6 0
-33 23 -32 0
-26 33 -6 0
