c instance by G2
c solution = 11111100110101110001011110111110100
c Known solution cost is 8425 
p cnf 35 50
w 83 265 111 181 142 362 399 97 51 123 66 294 155 270 424 444 483 109 448 57 169 373 437 41 359 94 401 124 255 96 406 462 377 150 117
-2 -15 33 0
31 35 -10 0
-29 26 -19 0
14 -23 -30 0
-33 18 4 0
25 -22 -31 0
29 -31 -23 0
32 19 -7 0
35 32 23 0
18 -10 16 0
-20 18 -11 0
27 -5 -14 0
28 13 -25 0
-15 20 7 0
14 -3 21 0
-33 -15 5 0
-19 13 -24 0
-32 18 35 0
9 -23 -31 0
1 -18 25 0
-5 19 10 0
-8 21 18 0
8 -18 35 0
12 -30 -10 0
-9 22 26 0
-17 -14 19 0
-3 -21 -4 0
30 -6 -34 0
26 6 13 0
2 13 35 0
-20 -4 -35 0
-26 -29 -3 0
-20 -2 -32 0
7 -27 1 0
24 25 29 0
-26 25 -2 0
-25 13 -34 0
27 2 -8 0
29 -6 34 0
33 12 -34 0
-14 -21 -1 0
21 -35 30 0
21 -11 30 0
-13 -10 34 0
-22 15 -25 0
32 3 -12 0
-31 7 6 0
31 -16 -12 0
-2 24 -14 0
30 35 -2 0
