c instance by G2
c solution = 10100010100100010100101001000001000
c Known solution cost is 9939 
p cnf 35 50
w 4 342 76 390 430 260 475 182 330 369 337 167 428 333 197 63 135 460 273 481 174 479 231 206 165 428 400 125 436 487 41 412 349 267 7
35 14 -25 0
11 -21 23 0
2 -16 9 0
1 5 -9 0
33 -13 -31 0
-35 -8 -1 0
31 -32 -30 0
18 26 -27 0
18 -21 5 0
21 15 -29 0
-7 -24 19 0
-32 -15 -23 0
-29 -23 -21 0
-18 -9 -19 0
25 -21 -22 0
-5 10 -2 0
8 22 3 0
22 -23 26 0
10 29 21 0
30 -11 -3 0
-30 28 6 0
-4 13 27 0
-30 32 28 0
30 -20 29 0
8 -23 -5 0
-33 15 8 0
13 -17 33 0
-31 -7 -35 0
-5 -2 11 0
11 -10 14 0
23 -31 22 0
24 -18 32 0
10 -1 16 0
-12 29 7 0
-1 14 -28 0
-15 34 13 0
-27 29 7 0
-7 -31 22 0
-16 -35 -23 0
-13 -23 15 0
30 10 -8 0
-12 27 -6 0
-9 -34 35 0
-18 -32 -27 0
33 12 -21 0
-2 -18 22 0
9 -4 33 0
-24 30 22 0
-16 -14 -1 0
-13 -32 5 0
