c instance by G2
c solution = 00100100110100111101110010010111001
c Known solution cost is 9861 
p cnf 35 50
w 366 315 0 429 23 435 271 483 290 321 387 164 231 396 254 474 363 481 477 28 171 165 381 108 281 136 369 163 380 316 380 349 237 214 23
10 -31 8 0
-17 -2 -9 0
-19 -13 32 0
-21 -12 18 0
-16 -11 -30 0
-4 -35 30 0
-14 21 -27 0
12 -10 -31 0
-22 18 -26 0
29 -33 -22 0
-16 11 -13 0
26 15 -18 0
1 21 -24 0
-3 7 25 0
-3 -8 34 0
-30 -28 9 0
5 -4 24 0
17 29 24 0
-10 -28 3 0
21 -28 23 0
-6 8 -7 0
21 -30 18 0
-9 13 10 0
11 5 -1 0
7 30 33 0
27 2 10 0
34 -30 12 0
-18 4 -23 0
-28 -22 16 0
16 9 -17 0
-35 33 -19 0
-22 -21 -26 0
6 11 32 0
4 -27 -3 0
-17 -5 27 0
1 7 -34 0
-6 32 -17 0
21 -30 -22 0
-6 18 13 0
2 -10 22 0
-29 33 -17 0
-21 -1 7 0
29 -35 31 0
20 4 -30 0
-24 7 -20 0
-15 35 26 0
-10 28 -6 0
-14 -32 29 0
-20 -1 -18 0
6 14 33 0
