c instance by G2
c solution = 11110100101000111000000110011000000
c Known solution cost is 9329 
p cnf 35 50
w 398 172 413 172 424 240 465 357 467 191 258 132 266 101 286 74 232 128 69 359 298 495 162 438 243 464 281 287 414 195 310 238 159 98 43
-34 32 -5 0
-10 19 -1 0
-16 34 -30 0
19 6 -35 0
4 2 -18 0
12 -21 18 0
34 -33 14 0
-34 33 12 0
-20 -24 -9 0
7 27 -5 0
-3 26 -18 0
-1 -25 17 0
-3 -34 -29 0
27 -15 9 0
-25 22 -26 0
7 16 -21 0
28 2 -12 0
4 14 -15 0
23 -35 13 0
34 1 2 0
11 -14 -2 0
27 -33 -30 0
-12 -2 -15 0
20 2 18 0
-9 13 15 0
33 16 -1 0
11 -28 -35 0
8 -23 -16 0
-32 14 31 0
-17 -25 6 0
22 -14 18 0
-3 33 -32 0
24 -35 7 0
24 5 -25 0
35 33 3 0
-24 1 22 0
-3 -9 -7 0
-17 27 29 0
-34 -27 8 0
-22 10 19 0
-24 -31 8 0
-8 -25 12 0
5 -2 25 0
13 17 -34 0
28 21 -9 0
-13 -15 33 0
11 -15 8 0
-19 10 34 0
3 -28 -27 0
21 -27 -3 0
