c instance by G2
c solution = 00110110100110000010011100100101101
c Known solution cost is 7799 
p cnf 35 50
w 298 45 85 177 301 191 54 12 224 237 16 281 205 426 251 145 141 115 294 213 494 201 405 331 42 469 242 210 150 218 218 359 325 76 348
12 18 13 0
-24 -30 -10 0
25 -8 28 0
35 29 -6 0
19 29 -7 0
35 20 -34 0
-14 -15 -17 0
-5 -10 3 0
13 16 14 0
16 29 -15 0
-33 26 -1 0
11 -2 -3 0
-29 10 15 0
-21 31 16 0
-16 -6 5 0
3 -4 -6 0
-30 -22 -5 0
-14 -8 35 0
-7 -11 25 0
1 7 20 0
-3 -4 -20 0
29 23 -3 0
-19 -14 -28 0
4 21 -24 0
-30 -26 31 0
-6 16 24 0
-14 -33 7 0
5 -9 12 0
-28 16 -32 0
-18 -35 -2 0
22 -24 29 0
-24 -17 15 0
-3 10 -16 0
-22 9 -27 0
11 -14 29 0
-18 28 -4 0
-32 -15 -35 0
-13 12 -17 0
32 11 -4 0
32 -3 -34 0
26 33 -4 0
32 1 -9 0
-24 18 -25 0
-33 -28 2 0
-31 -7 1 0
15 30 20 0
-22 -32 27 0
2 6 10 0
-6 -30 -34 0
26 -7 3 0
