c instance by G2
c solution = 01001001100111101010101001011101100
c Known solution cost is 8155 
p cnf 35 50
w 72 464 244 88 396 152 296 128 131 203 241 404 138 230 330 400 406 11 475 412 61 166 168 236 67 30 122 100 282 113 377 132 419 304 357
4 29 14 0
-7 21 -22 0
-31 -23 -12 0
21 -17 31 0
-8 12 -15 0
-13 -34 -32 0
-18 35 31 0
34 19 10 0
-26 -30 -35 0
3 -9 23 0
8 35 -12 0
-23 13 2 0
-29 -33 17 0
32 -26 -29 0
33 27 -2 0
-12 20 26 0
6 -31 -20 0
-22 -21 -8 0
-10 13 33 0
-23 -3 18 0
5 -15 -30 0
30 -2 21 0
7 13 -5 0
14 34 24 0
-6 5 24 0
-9 -31 34 0
-4 27 7 0
33 -11 -32 0
9 22 -21 0
-2 19 6 0
-21 -2 -11 0
-30 -26 -6 0
-8 -1 -2 0
-30 -24 -18 0
34 28 35 0
2 -28 35 0
3 31 -22 0
-9 30 -28 0
2 20 12 0
-30 -33 15 0
2 15 -19 0
-23 4 -24 0
6 29 20 0
-23 11 -27 0
-20 3 22 0
3 -16 7 0
7 -33 -25 0
25 -28 -16 0
16 -9 -7 0
-10 18 25 0
