c instance by G2
c solution = 111001001101101100010001101
c Known solution cost is 6822 
p cnf 27 50
w 344 209 132 432 321 110 98 252 46 369 23 11 370 390 214 347 361 304 394 435 305 285 236 238 7 94 495
-1 -2 20 0
8 7 6 0
21 -16 9 0
-6 -13 27 0
-24 23 12 0
-24 9 -5 0
23 -17 -3 0
-9 1 18 0
-19 -5 1 0
-18 -9 -26 0
-27 2 -6 0
-27 -6 -8 0
-10 -23 27 0
26 -12 -5 0
1 -17 12 0
-14 19 -6 0
-22 21 18 0
-20 8 -18 0
13 -10 8 0
-2 9 -6 0
25 -5 23 0
16 10 13 0
-13 -7 -3 0
-14 12 -3 0
21 -5 23 0
19 -6 25 0
-25 -16 15 0
-15 -6 10 0
-2 -7 -4 0
-6 -15 -23 0
-21 5 -13 0
19 -11 -3 0
16 23 -15 0
-24 3 5 0
13 23 19 0
-5 18 -22 0
-4 12 3 0
9 25 15 0
18 14 -22 0
-16 -13 -4 0
-3 -11 21 0
26 10 -27 0
-6 24 10 0
-10 -26 -13 0
5 -27 3 0
-5 27 -20 0
-21 10 -11 0
-19 -24 22 0
-22 -26 -25 0
19 -13 24 0
