c instance by G2
c solution = 011001110001010011000011010
c Known solution cost is 5076 
p cnf 27 50
w 12 18 234 392 92 21 81 207 25 204 229 98 66 14 449 400 72 77 499 477 85 433 486 45 11 171 178
-2 -26 -20 0
-1 -13 22 0
-1 5 -26 0
-11 19 22 0
25 -13 -17 0
-17 -7 -20 0
-24 -2 18 0
8 -7 10 0
5 -23 -4 0
-12 -10 -26 0
25 -10 26 0
-2 23 -8 0
6 -17 19 0
-19 18 27 0
18 19 7 0
27 17 -6 0
-19 21 20 0
6 -12 9 0
13 1 3 0
-12 -9 16 0
-6 3 15 0
-18 7 9 0
24 20 -6 0
18 5 -6 0
11 12 -6 0
26 -24 -18 0
-18 -7 -27 0
18 -24 -1 0
-21 -12 1 0
25 -23 26 0
19 6 -4 0
6 2 -17 0
26 -17 19 0
-16 -6 -2 0
-25 21 -12 0
-14 2 17 0
-6 -2 -15 0
-6 4 12 0
17 -13 -12 0
-16 13 24 0
-2 -20 -1 0
18 11 -7 0
-6 20 -22 0
4 19 3 0
10 -5 15 0
27 -18 23 0
27 -3 14 0
24 11 20 0
-17 -10 8 0
2 -17 -18 0
