c instance by G2
c solution = 101100011011011011001010011
c Known solution cost is 7102 
p cnf 27 50
w 429 311 145 67 363 99 249 305 476 223 488 193 154 473 108 116 345 176 463 471 182 84 0 466 347 369 0
-10 16 2 0
-26 9 10 0
-18 26 19 0
27 21 7 0
-10 -18 -23 0
7 23 -10 0
22 -20 -11 0
4 6 13 0
11 -6 -15 0
7 13 17 0
2 -5 7 0
8 27 5 0
-26 -17 23 0
-7 -26 -14 0
-16 -27 2 0
-18 -13 11 0
-21 11 -8 0
3 7 2 0
-8 -19 22 0
-8 16 -22 0
-6 8 -7 0
-18 24 17 0
-24 -27 12 0
6 -20 -7 0
-3 1 -23 0
-27 1 -26 0
10 22 -7 0
-27 9 -8 0
-9 10 8 0
-2 -18 -26 0
-17 -9 27 0
-6 22 -9 0
20 14 24 0
1 -19 14 0
17 7 -14 0
-12 21 -3 0
-18 2 12 0
13 -25 -15 0
18 -6 19 0
-16 24 6 0
-13 19 -14 0
22 -18 14 0
19 15 -20 0
-9 -25 -17 0
5 -24 -11 0
17 -26 3 0
16 22 18 0
-23 7 -19 0
-21 -25 -15 0
19 -21 15 0
