c instance by G2
c solution = 001001100011011001101000111
c Known solution cost is 7145 
p cnf 27 50
w 462 235 464 262 222 207 139 429 450 180 168 289 161 93 304 191 29 53 54 338 322 493 405 457 116 152 470
7 6 -15 0
5 -17 -11 0
-3 -10 1 0
-9 1 -25 0
3 10 -11 0
-19 24 11 0
27 -5 1 0
-8 10 16 0
24 20 26 0
1 9 -16 0
6 -19 14 0
-1 -18 5 0
-18 26 -24 0
-3 17 19 0
9 16 15 0
-17 -21 -23 0
-16 -24 -19 0
-24 10 -3 0
17 22 -2 0
-20 22 -15 0
-26 21 17 0
12 -26 9 0
18 -15 -27 0
5 14 -26 0
-14 -6 26 0
4 -21 -24 0
-19 25 -6 0
-25 -8 -14 0
-5 20 -15 0
4 17 6 0
5 11 -19 0
-23 -7 24 0
-16 -4 -25 0
-6 -16 12 0
-7 5 -22 0
8 27 -6 0
-13 -21 -15 0
-16 1 -8 0
20 -25 14 0
-9 -11 -4 0
-22 17 18 0
15 -24 17 0
15 22 -1 0
11 -10 8 0
26 15 -22 0
7 13 -19 0
-4 17 -12 0
3 22 -26 0
23 26 19 0
-3 -17 24 0
