c instance by G2
c solution = 001011001001110101001101111
c Known solution cost is 6973 
p cnf 27 50
w 257 418 50 193 304 436 385 487 285 153 224 215 299 497 481 239 8 65 85 121 268 333 386 71 275 230 208
14 15 2 0
19 24 -11 0
4 -2 10 0
-25 -9 -23 0
3 -6 8 0
-18 22 15 0
-6 -24 13 0
-1 -18 23 0
-24 7 13 0
9 11 20 0
8 -17 -2 0
20 26 -13 0
-18 -26 25 0
22 1 -8 0
-14 23 12 0
23 -17 -27 0
-16 -21 -20 0
-13 16 -25 0
-10 -25 23 0
7 -4 10 0
-26 11 27 0
-18 -8 -27 0
19 -12 26 0
24 2 4 0
19 24 8 0
-19 -17 3 0
8 -17 24 0
-26 -7 -23 0
-15 -22 -14 0
-11 -27 -9 0
14 2 16 0
-7 17 -24 0
-11 14 -22 0
-12 -21 13 0
-11 23 -25 0
3 10 11 0
-3 21 -13 0
-2 24 -21 0
5 8 20 0
12 3 -24 0
-3 -1 -13 0
4 24 -16 0
-22 -20 -15 0
-4 -22 17 0
18 4 -14 0
6 -14 -24 0
-19 -5 -27 0
-5 6 20 0
-27 -15 -11 0
2 -17 4 0
