c instance by G2
c solution = 101101110010001101011010001
c Known solution cost is 7353 
p cnf 27 50
w 469 114 215 149 491 408 86 61 467 12 212 124 471 47 416 5 455 432 49 449 150 441 483 458 339 117 233
14 11 2 0
-16 11 -4 0
7 14 -8 0
-25 1 -21 0
-18 8 -24 0
-21 -12 18 0
-3 6 -7 0
27 -1 9 0
-24 6 -10 0
-8 -26 22 0
12 -18 -22 0
17 -7 -24 0
10 -25 12 0
-20 22 18 0
20 9 -17 0
17 12 -13 0
-2 17 12 0
17 -22 -12 0
-15 9 3 0
19 5 -12 0
-11 25 8 0
22 -18 4 0
-21 -17 -15 0
1 -23 -11 0
7 11 -8 0
-6 -9 -23 0
-9 -8 2 0
-21 16 -7 0
-27 -5 12 0
-27 -7 -13 0
-11 15 -27 0
3 13 22 0
-11 20 -21 0
-21 -19 9 0
26 -3 23 0
20 8 5 0
-17 12 14 0
-7 -8 21 0
-26 2 -16 0
-16 -20 7 0
-17 -12 -8 0
12 -3 -14 0
7 14 -2 0
27 -13 -23 0
-4 9 -10 0
-16 3 -20 0
-13 -2 -10 0
-4 -12 -26 0
-4 -25 1 0
-21 -25 2 0
