c instance by G2
c solution = 001111001110111110001011010
c Known solution cost is 6755 
p cnf 27 50
w 236 298 455 349 57 245 330 82 462 334 410 446 230 13 56 43 30 300 360 108 15 321 296 404 496 121 258
-26 7 -25 0
11 22 19 0
-9 -27 -24 0
-25 23 -5 0
-5 2 14 0
-18 -23 19 0
8 18 -19 0
-20 12 -15 0
25 -13 -1 0
-2 20 -18 0
15 25 -21 0
-23 -13 17 0
10 4 -3 0
-17 8 -2 0
3 16 19 0
-14 27 13 0
-10 -9 -2 0
-23 16 -17 0
-14 3 13 0
-24 -22 21 0
1 13 9 0
27 -15 -12 0
2 22 -7 0
15 -24 -26 0
15 -26 -14 0
-9 10 -11 0
-26 2 23 0
-5 -6 3 0
-1 5 -6 0
25 19 -7 0
-22 -13 -5 0
-9 4 15 0
1 -20 10 0
-4 26 8 0
12 -3 6 0
-18 -7 19 0
3 -12 -8 0
4 1 -24 0
24 -3 -17 0
16 -1 14 0
-8 -14 -13 0
27 12 23 0
21 19 12 0
-7 -14 -15 0
-21 24 15 0
7 23 8 0
13 4 19 0
-15 5 -24 0
12 -16 9 0
21 -22 -20 0
