c instance by G2
c solution = 101110010111111011011011110
c Known solution cost is 6594 
p cnf 27 50
w 2 497 19 226 260 272 368 53 202 443 318 57 282 100 494 372 298 347 79 209 155 352 410 370 95 76 238
26 6 14 0
-3 -6 26 0
1 -13 -5 0
5 13 18 0
-19 7 -1 0
25 -9 18 0
-16 6 -17 0
27 -18 24 0
-5 -24 10 0
-11 19 -7 0
-8 6 11 0
-2 -24 -11 0
-7 -10 -21 0
12 -25 13 0
20 -26 -15 0
16 15 -12 0
-17 -13 -6 0
-20 -10 -9 0
-7 -24 3 0
1 22 -23 0
-18 19 26 0
-10 9 23 0
-25 -18 15 0
15 -12 6 0
9 -13 8 0
1 -8 16 0
12 6 -10 0
-8 19 14 0
17 -23 19 0
-13 17 1 0
21 22 -24 0
-11 -5 12 0
-11 7 3 0
-19 2 -5 0
5 -20 -1 0
-24 17 -20 0
13 -17 -24 0
16 15 27 0
4 -15 -1 0
-3 -22 9 0
8 11 -7 0
-27 12 20 0
-25 7 -19 0
6 -21 25 0
25 -15 -8 0
6 -4 -2 0
-25 18 27 0
-19 23 -8 0
4 18 -17 0
-24 -27 -1 0
