c instance by G2
c solution = 100011001100001100111001101
c Known solution cost is 6538 
p cnf 27 50
w 151 441 22 302 349 7 52 397 349 224 22 242 384 230 202 477 177 130 50 58 444 66 298 484 493 105 382
7 18 -2 0
11 -24 -4 0
4 -7 15 0
-1 -23 11 0
-9 -20 -7 0
17 -14 11 0
6 2 -16 0
26 -12 -5 0
-8 9 -27 0
-3 -1 9 0
-12 4 18 0
-24 -16 1 0
24 4 -14 0
-24 -26 -5 0
14 -2 -6 0
15 27 -20 0
3 15 -9 0
9 17 -10 0
-19 -25 -3 0
-21 -19 -22 0
25 9 -12 0
-20 7 19 0
-10 27 11 0
5 -3 10 0
-8 -22 7 0
-5 -24 -4 0
-12 -11 -21 0
15 3 17 0
22 9 11 0
-1 25 -27 0
5 17 26 0
-24 -25 -26 0
21 -16 -1 0
-5 -10 16 0
-10 18 16 0
-8 11 26 0
-27 11 6 0
24 -10 -25 0
18 -6 -11 0
11 -27 20 0
12 7 10 0
-20 -17 -27 0
-20 24 -22 0
-12 4 -1 0
-11 7 -20 0
-13 -1 -19 0
-16 -9 -18 0
24 2 -10 0
-11 -26 -1 0
-14 1 -13 0
