c instance by G2
c solution = 010100011010001101010000101
c Known solution cost is 6696 
p cnf 27 50
w 474 143 439 44 172 20 190 396 9 371 105 293 222 226 450 382 476 267 78 323 442 129 359 180 53 264 189
8 -19 27 0
6 22 -23 0
-26 3 17 0
-1 7 10 0
13 -10 -16 0
18 -16 6 0
2 14 5 0
-27 9 5 0
-4 -7 6 0
-20 -16 11 0
5 -14 10 0
3 -19 -20 0
-10 26 -22 0
-5 -15 25 0
2 -27 -5 0
7 17 -1 0
-9 -14 -17 0
-24 18 5 0
-4 23 -3 0
13 -2 -3 0
-13 3 7 0
16 2 4 0
-5 -11 -9 0
7 -23 -5 0
5 24 25 0
22 15 -26 0
10 -19 8 0
-17 -20 -25 0
27 -16 -20 0
13 5 8 0
-22 -11 16 0
24 -12 7 0
-12 15 -5 0
15 5 1 0
24 10 16 0
13 -22 5 0
26 20 -25 0
-16 -24 1 0
-20 -15 25 0
17 18 10 0
12 4 -2 0
19 5 27 0
12 14 -21 0
5 -15 4 0
-6 14 12 0
3 15 4 0
9 19 -2 0
11 21 25 0
26 -14 -22 0
-21 22 -3 0
