c instance by G2
c solution = 001000111110001010101011001
c Known solution cost is 7492 
p cnf 27 50
w 42 325 420 209 179 471 459 492 435 314 349 375 55 161 100 397 22 247 46 223 165 406 379 114 341 432 334
12 -21 -13 0
21 -17 -19 0
25 6 10 0
8 -9 1 0
19 -11 -23 0
5 10 23 0
21 -25 19 0
11 10 -24 0
15 5 -19 0
20 -14 -9 0
2 1 -16 0
27 10 -20 0
-5 -21 -10 0
-23 19 -5 0
2 21 4 0
27 -15 -6 0
-26 -10 19 0
-27 -8 19 0
10 19 -23 0
10 -14 -26 0
5 -14 -11 0
-26 2 -21 0
12 -25 -11 0
-10 12 23 0
5 -2 14 0
-23 -19 -22 0
-10 -4 -23 0
19 -17 -26 0
-3 11 -24 0
19 14 -13 0
5 -8 24 0
-15 24 -18 0
-3 -6 1 0
-25 -2 -13 0
-13 -18 -4 0
7 -26 25 0
-19 -18 14 0
-8 -14 -26 0
5 -2 26 0
26 -3 27 0
24 10 -1 0
-23 13 -1 0
3 16 14 0
-10 -11 -12 0
22 -21 -20 0
-3 12 9 0
10 -21 -17 0
17 -8 13 0
-22 -19 -15 0
7 -9 4 0
