c instance by G2
c solution = 111000001001100100101010101
c Known solution cost is 6658 
p cnf 27 50
w 443 58 220 294 430 195 43 25 180 43 185 144 335 18 493 200 329 249 325 303 474 125 340 387 361 139 320
-7 -5 13 0
4 13 -12 0
-11 18 19 0
26 -9 -20 0
-22 -27 26 0
-4 8 -3 0
-11 16 -9 0
27 -16 -2 0
14 -3 -8 0
-27 -19 -6 0
20 12 5 0
6 -7 5 0
11 -17 6 0
-27 -14 13 0
1 4 20 0
-24 -7 26 0
1 -20 -18 0
6 16 -12 0
-2 -11 20 0
-10 24 -21 0
-19 -23 -5 0
-16 -13 -18 0
-9 -4 -23 0
6 17 21 0
-11 9 16 0
4 19 -23 0
-8 -18 -7 0
-22 14 7 0
-12 14 23 0
-20 -18 22 0
15 -16 -26 0
8 24 -15 0
3 11 -19 0
9 11 24 0
-11 22 -12 0
2 -1 -3 0
19 20 4 0
25 18 20 0
-2 10 23 0
-19 -10 6 0
-20 -6 8 0
-6 5 -15 0
24 7 -15 0
-24 -3 21 0
1 -20 22 0
-14 11 5 0
-10 18 13 0
-27 -10 -14 0
-4 -25 18 0
-12 14 -24 0
