c instance by G2
c solution = 100001000010111101010101001
c Known solution cost is 8272 
p cnf 27 50
w 456 458 287 116 295 170 457 221 327 343 294 41 90 454 206 289 189 474 451 480 488 42 318 150 280 452 444
5 4 22 0
-1 -17 14 0
-2 11 -26 0
19 13 -16 0
11 -13 7 0
7 -18 -17 0
-10 1 -8 0
-13 -17 6 0
1 -27 25 0
8 24 -1 0
-12 21 -6 0
4 26 -5 0
17 -18 -8 0
5 -21 -26 0
-4 -18 10 0
-22 -19 15 0
10 15 22 0
-1 -19 -14 0
-4 -22 21 0
-20 -9 -16 0
-7 -5 4 0
-2 26 20 0
-10 17 20 0
-27 -12 -1 0
21 20 -13 0
-19 -27 23 0
-5 26 -25 0
-10 8 -19 0
3 8 -21 0
-20 23 -26 0
21 -1 -23 0
10 8 -3 0
14 5 10 0
3 7 -5 0
11 -17 13 0
8 10 -5 0
-10 -24 8 0
-15 2 11 0
18 12 -14 0
22 -17 4 0
-16 25 27 0
6 26 -13 0
-27 24 -4 0
19 26 -2 0
-17 -6 -1 0
-6 -7 2 0
20 -13 5 0
-27 15 17 0
-13 16 2 0
-15 -25 -24 0
