c instance by G2
c solution = 001100000011110101011011000
c Known solution cost is 7176 
p cnf 27 50
w 374 491 205 387 12 41 101 430 149 295 199 202 252 63 284 289 487 119 56 491 293 28 453 478 493 198 306
-23 17 -26 0
13 -17 27 0
-11 -4 -7 0
27 11 1 0
2 16 22 0
16 -3 -21 0
4 27 -18 0
-18 -7 19 0
20 26 6 0
-25 15 22 0
17 25 -8 0
-20 13 19 0
-12 -11 -6 0
-10 18 -23 0
-9 7 -20 0
-22 9 7 0
-26 24 -9 0
19 7 18 0
-18 -14 13 0
24 -21 -16 0
16 7 19 0
10 17 23 0
5 17 12 0
2 26 -27 0
-17 -13 -4 0
-19 -14 22 0
24 6 19 0
-15 -9 1 0
15 -24 16 0
12 15 23 0
23 -11 27 0
-4 18 -21 0
7 -6 21 0
-14 -25 -8 0
-1 27 -23 0
-21 -7 1 0
-2 5 8 0
2 -23 14 0
-5 -24 -14 0
2 -21 -10 0
-21 -15 -3 0
-1 -13 11 0
-19 -1 -23 0
-8 13 12 0
25 13 4 0
-25 7 2 0
26 3 10 0
21 15 -4 0
-1 2 20 0
11 2 18 0
