c instance by G2
c solution = 111010100111000101101010001001
c Known solution cost is 5974 
p cnf 30 50
w 31 316 21 46 479 296 225 282 43 248 196 298 35 290 74 85 380 439 258 176 195 62 295 156 178 277 312 9 33 239
-29 -27 10 0
-4 25 10 0
-4 -27 -25 0
27 -18 2 0
17 7 -23 0
-26 20 -11 0
19 4 8 0
-27 10 -11 0
18 4 -7 0
-7 -15 -27 0
-21 5 13 0
-28 -30 -18 0
28 1 13 0
-1 -4 -2 0
-16 -1 30 0
12 30 -6 0
-14 4 -20 0
6 -25 -5 0
-14 -17 -29 0
15 19 -1 0
26 -1 -20 0
13 14 -29 0
25 27 28 0
7 -27 28 0
23 -1 -3 0
15 -10 -6 0
-11 -26 -30 0
-23 -12 -8 0
-22 10 -13 0
-21 -3 -9 0
6 15 12 0
8 2 28 0
-21 -18 16 0
29 -12 21 0
-12 -19 -14 0
8 11 22 0
14 15 -4 0
-21 -13 14 0
-11 -17 -12 0
15 -24 -2 0
26 5 -21 0
24 7 21 0
-17 -12 4 0
28 22 -9 0
-22 25 -12 0
-21 -1 30 0
17 -14 -19 0
-30 3 25 0
-22 -17 -30 0
-15 12 -18 0
