c instance by G2
c solution = 110100011110010100010101001011
c Known solution cost is 7059 
p cnf 30 50
w 16 238 194 209 353 150 185 182 328 200 69 194 434 251 324 483 334 118 160 266 480 393 272 61 425 238 227 56 27 192
-18 29 -12 0
-14 27 17 0
-20 16 -9 0
-26 -16 -8 0
-8 -14 29 0
-30 10 21 0
19 9 -4 0
11 -8 17 0
-11 2 10 0
-25 -22 19 0
14 19 17 0
25 2 -16 0
26 -7 19 0
-13 -7 -29 0
25 -16 8 0
-14 -7 3 0
21 -19 -11 0
1 -29 13 0
-23 9 16 0
10 29 -7 0
-21 -1 23 0
-28 -4 -11 0
-22 30 -8 0
-4 25 27 0
18 -25 1 0
-23 -10 -2 0
-2 -6 17 0
-17 3 21 0
9 23 15 0
7 -30 -3 0
23 4 -27 0
-11 20 7 0
14 22 11 0
24 -2 5 0
-24 16 -11 0
-22 -13 -29 0
-29 11 5 0
-10 -8 2 0
-10 2 -12 0
-16 14 6 0
13 -28 5 0
-25 -28 30 0
-20 9 -18 0
-20 -9 -15 0
-18 -8 -29 0
-12 -27 17 0
16 -8 29 0
22 25 17 0
-4 -9 -5 0
26 8 19 0
