c instance by G2
c solution = 101000111001110110001000101101
c Known solution cost is 7661 
p cnf 30 50
w 136 214 240 349 434 108 308 225 368 176 390 102 225 384 399 250 158 194 420 61 219 258 215 319 472 102 15 116 318 486
11 -24 -14 0
2 -5 -21 0
-1 -7 16 0
14 -28 -12 0
17 -25 -28 0
21 5 13 0
1 -21 18 0
18 20 3 0
12 -30 -13 0
-23 -25 20 0
19 -10 4 0
-29 -17 23 0
-27 -16 -23 0
-19 -17 -8 0
-25 27 -1 0
8 9 -11 0
28 25 -22 0
20 23 -4 0
-13 -2 22 0
-20 -21 -13 0
-21 -14 -6 0
11 -25 13 0
-10 -28 -3 0
-15 -16 -1 0
-24 7 28 0
14 -19 6 0
-4 -9 -13 0
25 5 17 0
19 -2 12 0
22 -11 -17 0
-26 5 19 0
-21 25 4 0
-15 -18 8 0
-17 -6 10 0
-8 21 -25 0
-14 -30 7 0
2 23 9 0
13 -14 -20 0
-30 8 23 0
-22 18 13 0
-3 -17 27 0
19 30 -25 0
-25 5 -22 0
-25 18 28 0
6 -23 2 0
18 24 -29 0
-2 8 -20 0
-16 22 13 0
-18 19 26 0
5 -17 -22 0
