c instance by G2
c solution = 010100011011000001011010101000
c Known solution cost is 7211 
p cnf 30 50
w 75 255 171 77 266 173 204 467 179 12 463 414 10 19 482 318 8 338 310 319 296 442 487 297 366 225 174 64 196 104
24 -13 26 0
-22 -17 -21 0
7 -29 17 0
-12 -21 27 0
-28 6 23 0
10 20 -2 0
-25 -14 16 0
-19 14 28 0
-11 18 -4 0
-26 -25 1 0
7 12 -18 0
21 -27 4 0
21 -9 16 0
30 -10 6 0
-2 -20 -24 0
1 -20 12 0
-28 29 1 0
2 25 -15 0
11 -21 -18 0
14 -15 5 0
-5 -11 15 0
-12 -3 19 0
-26 6 -20 0
25 29 24 0
-27 1 2 0
23 -12 14 0
-11 13 9 0
17 -5 16 0
-6 7 5 0
-4 5 -1 0
8 -21 30 0
-4 3 -17 0
-9 -7 -13 0
7 4 28 0
-20 -23 2 0
20 14 1 0
-16 26 22 0
-24 16 -17 0
-12 -25 11 0
-3 -8 -11 0
27 -30 6 0
-10 -28 8 0
16 4 8 0
-8 3 -30 0
25 -26 7 0
4 17 20 0
19 -22 -8 0
5 19 -17 0
19 -14 5 0
-7 3 -21 0
