c instance by G2
c solution = 100101011100101001110100001011
c Known solution cost is 8908 
p cnf 30 50
w 297 415 306 454 272 463 313 151 152 243 489 407 349 468 346 59 404 98 344 365 137 349 444 180 80 244 408 350 184 137
-28 -19 -13 0
13 -25 8 0
-23 28 -19 0
-7 14 -4 0
6 9 -21 0
-14 -26 -3 0
4 24 26 0
1 -8 -19 0
-15 -7 5 0
-18 29 24 0
26 6 -13 0
-6 13 26 0
-17 -1 -10 0
19 17 16 0
-22 9 28 0
-3 21 -22 0
27 11 4 0
16 8 -30 0
18 12 16 0
-10 -28 25 0
22 23 -7 0
20 -16 14 0
-16 -3 -20 0
24 -8 -11 0
-27 -16 -4 0
-17 -18 -19 0
13 6 16 0
13 -24 -26 0
17 -29 -5 0
30 -28 8 0
-18 -17 -21 0
-30 14 -12 0
-9 8 16 0
-19 23 -17 0
-20 -8 -24 0
3 -30 27 0
5 -20 -14 0
26 15 23 0
-25 -19 -1 0
-17 30 -27 0
-2 28 -19 0
-21 5 -30 0
2 19 16 0
-20 22 -18 0
-19 -15 -26 0
9 7 26 0
28 30 17 0
10 3 -1 0
-24 -11 20 0
3 -10 20 0
