c instance by G2
c solution = 101100101100010011001100110101
c Known solution cost is 6700 
p cnf 30 50
w 469 216 184 335 303 133 480 246 141 373 187 96 333 321 499 80 95 68 103 8 11 4 9 410 368 235 93 252 454 194
-16 -22 -23 0
11 -22 18 0
-21 4 -1 0
24 21 -15 0
-18 -14 -19 0
1 -28 11 0
5 17 -19 0
-10 4 -13 0
20 -10 -11 0
-6 11 -23 0
2 24 -23 0
-24 12 11 0
8 29 9 0
-30 25 20 0
-28 -10 30 0
15 -5 8 0
3 -14 -22 0
30 2 -11 0
-1 26 -14 0
-3 4 -30 0
-25 -3 22 0
-4 20 7 0
10 -9 -14 0
-9 -20 8 0
-17 14 11 0
26 17 -29 0
27 -28 -16 0
-24 23 13 0
-7 25 2 0
15 -1 -16 0
-28 19 -13 0
-15 2 28 0
-16 11 27 0
-17 -6 -28 0
17 15 -22 0
-16 -10 27 0
21 -3 11 0
5 -2 -25 0
-9 -29 -13 0
22 7 29 0
18 13 8 0
29 3 6 0
6 20 21 0
-8 6 -1 0
-26 12 -27 0
19 5 -15 0
24 22 -1 0
-28 -29 11 0
-30 -7 -12 0
12 28 6 0
