c instance by G2
c solution = 111110101000110000010100101100
c Known solution cost is 6778 
p cnf 30 50
w 173 299 187 151 1 18 288 409 174 1 470 111 127 80 434 55 319 211 233 442 358 423 267 153 221 128 107 408 248 282
7 -22 -4 0
-17 18 14 0
-28 14 -2 0
-6 18 24 0
24 -16 -27 0
-28 -10 -17 0
-22 16 -30 0
-11 -29 -8 0
20 1 18 0
16 -17 -11 0
13 -29 -14 0
-1 -15 -20 0
22 -23 4 0
-2 27 24 0
30 -27 28 0
5 -11 29 0
5 23 -13 0
-21 25 3 0
-27 5 16 0
-25 12 -24 0
16 25 -27 0
22 29 11 0
12 15 -8 0
-14 -28 -12 0
-18 -20 -25 0
-1 -2 -11 0
-7 -10 30 0
-26 -7 -20 0
-19 23 21 0
-2 1 -13 0
-24 20 5 0
-2 6 -29 0
3 -7 10 0
-2 23 -21 0
4 23 30 0
8 13 29 0
13 -22 24 0
-23 10 24 0
-20 4 -9 0
-4 20 29 0
-2 -17 29 0
2 -22 -28 0
18 -21 -25 0
18 13 -16 0
26 -16 22 0
9 16 19 0
-21 3 -24 0
-6 -11 -10 0
-10 2 24 0
15 9 -5 0
