c instance by G2
c solution = 000000111101001101110000011011
c Known solution cost is 6417 
p cnf 30 50
w 48 377 112 151 356 1 204 391 386 17 173 54 156 178 272 33 285 272 307 171 388 60 55 175 110 493 317 479 182 214
-18 -1 -10 0
-25 20 8 0
24 -30 7 0
-21 -15 -1 0
16 28 -8 0
21 -22 17 0
15 -27 -4 0
1 21 20 0
13 -28 -26 0
7 -3 28 0
-12 -2 25 0
5 -9 18 0
-9 -17 -24 0
-25 19 29 0
-10 -4 2 0
27 25 -18 0
26 -30 -20 0
24 23 -5 0
12 -8 -30 0
-25 19 -20 0
-20 5 -13 0
26 -1 7 0
15 -18 -10 0
11 -23 22 0
-16 -27 9 0
6 -22 28 0
8 23 28 0
-12 -24 6 0
19 23 6 0
23 17 -28 0
-17 -28 -30 0
1 9 3 0
30 11 25 0
-11 -12 -7 0
-7 -16 15 0
-3 25 -8 0
22 -6 -26 0
-25 23 3 0
-13 6 -5 0
25 -5 -14 0
16 4 -7 0
9 -25 -30 0
-15 -24 -10 0
-7 25 -14 0
-17 23 1 0
30 -9 4 0
22 -9 29 0
-26 -3 21 0
-21 -26 24 0
-16 10 -26 0
