c instance by G2
c solution = 110001001001100010110111110001
c Known solution cost is 7816 
p cnf 30 50
w 407 294 135 26 128 286 297 35 481 313 372 63 497 294 489 236 365 343 139 292 256 164 91 140 170 332 384 287 322 178
26 -23 -27 0
-7 20 -8 0
5 -10 -17 0
13 24 25 0
14 -26 -16 0
-22 5 12 0
-16 7 20 0
24 -19 -30 0
20 -8 -10 0
-12 1 -22 0
15 27 17 0
20 26 -2 0
-7 -30 -2 0
6 18 -2 0
9 7 3 0
-16 1 7 0
-23 22 27 0
-9 -5 -16 0
-7 -25 -10 0
17 6 24 0
-24 -9 12 0
-1 -8 15 0
-12 -25 13 0
-29 -17 16 0
-22 20 -24 0
25 -20 27 0
-10 -26 -17 0
-26 -11 -2 0
2 -1 -23 0
12 28 -23 0
-14 -19 16 0
-2 -5 10 0
-6 23 -13 0
27 -13 -15 0
28 -22 -15 0
8 30 29 0
-5 -10 18 0
10 -16 -17 0
-28 -20 18 0
4 -27 -1 0
11 -12 26 0
-4 -22 -7 0
15 4 19 0
-21 -25 -2 0
5 -2 26 0
-1 30 18 0
14 -4 -24 0
5 -18 10 0
-20 27 -21 0
4 18 -3 0
