c instance by G2
c solution = 001000010011101111011011101111
c Known solution cost is 8461 
p cnf 30 50
w 499 443 347 3 390 317 473 416 386 395 99 434 447 15 31 429 78 142 161 236 236 325 242 192 260 463 445 27 495 35
-8 17 -23 0
7 -13 18 0
-19 26 22 0
4 18 -23 0
20 1 -4 0
-29 -19 -27 0
27 -25 -22 0
3 -27 14 0
4 29 11 0
7 -10 -4 0
19 -10 -24 0
20 5 -25 0
5 4 15 0
5 -17 27 0
-6 -12 14 0
-30 27 11 0
26 4 -5 0
-28 29 -11 0
19 11 -13 0
16 -27 -21 0
13 -12 -28 0
-1 25 -8 0
-9 -23 -19 0
22 -20 -26 0
12 4 -27 0
-6 14 4 0
26 25 -16 0
-13 -26 21 0
26 6 12 0
15 -2 -28 0
21 -20 -30 0
2 -9 -28 0
-4 7 -25 0
-28 3 5 0
26 5 24 0
-18 23 5 0
-7 -23 -16 0
22 -20 -26 0
-30 -16 -22 0
28 9 2 0
15 2 6 0
-27 4 -2 0
26 8 -15 0
-16 30 -11 0
-29 27 5 0
-27 18 9 0
19 -1 -23 0
-14 -15 10 0
11 30 22 0
-29 -4 -27 0
