c instance by G2
c solution = 000000110111100011010100110010
c Known solution cost is 7607 
p cnf 30 50
w 121 49 265 453 183 496 298 101 129 77 111 337 397 305 451 64 315 57 253 355 127 321 244 247 388 381 363 339 25 355
26 -11 -7 0
-25 13 16 0
-8 19 -14 0
22 -7 -10 0
-13 3 10 0
-1 23 17 0
-19 -12 16 0
29 -18 -25 0
-25 -5 3 0
30 14 18 0
-12 -9 21 0
3 5 -6 0
-11 16 -24 0
16 -28 -22 0
7 14 29 0
1 -23 24 0
1 -10 12 0
-17 2 18 0
-14 -22 -7 0
15 -30 -18 0
-23 -11 -29 0
-12 11 -19 0
-4 19 -1 0
21 -13 26 0
-6 29 18 0
-17 14 22 0
19 15 7 0
20 -2 -10 0
-2 -22 -7 0
27 10 5 0
14 9 26 0
8 4 14 0
-5 30 -8 0
-20 10 -3 0
-16 -20 24 0
21 -15 -12 0
14 25 -11 0
23 14 17 0
-6 30 1 0
-18 -27 6 0
-24 13 -6 0
-1 27 16 0
11 -30 18 0
11 -10 -17 0
-10 17 -11 0
20 1 -12 0
-21 9 -13 0
-16 21 -20 0
-20 -4 -13 0
16 -17 -3 0
