c instance by G2
c solution = 110100101001110101000110101011
c Known solution cost is 7010 
p cnf 30 50
w 54 452 18 302 369 431 230 195 237 363 62 492 181 184 87 299 470 196 427 83 263 148 368 27 84 23 489 50 128 298
20 -23 18 0
14 -8 -5 0
12 15 -23 0
-1 -19 26 0
30 -23 20 0
-10 24 25 0
25 -9 -18 0
18 3 -8 0
-7 -22 25 0
-22 14 -7 0
-18 23 6 0
-25 18 -22 0
-5 2 1 0
-3 -5 10 0
-30 13 -8 0
28 -16 -17 0
-27 -11 24 0
7 -14 -29 0
-4 27 -18 0
29 23 -11 0
-30 -7 -8 0
-3 -2 8 0
-2 -24 10 0
-20 -12 -30 0
20 -6 -30 0
6 -28 -14 0
-9 -25 22 0
8 19 22 0
-30 -15 -14 0
-5 -19 -6 0
-25 -14 4 0
19 8 -26 0
5 4 28 0
5 16 -27 0
9 -13 3 0
-15 18 8 0
21 -13 -5 0
22 -1 -2 0
-21 -13 -9 0
13 28 21 0
2 -30 6 0
6 -14 -19 0
22 -24 -9 0
-9 14 7 0
-3 17 -23 0
12 -16 6 0
-10 -9 -12 0
1 10 -29 0
10 29 -16 0
27 -28 -25 0
