c instance by G2
c solution = 101100011000000100011000101011
c Known solution cost is 6756 
p cnf 30 50
w 20 237 287 143 45 267 259 320 362 369 311 77 392 195 198 118 22 126 477 361 397 177 456 107 408 104 154 168 165 34
18 12 -13 0
23 -2 21 0
17 -14 13 0
14 19 8 0
-12 -25 -9 0
30 -12 -8 0
-14 4 11 0
-26 -3 18 0
5 -29 4 0
-8 29 -16 0
-18 -20 -30 0
24 20 7 0
18 -27 -23 0
19 18 21 0
16 -7 -22 0
-27 -2 -29 0
29 -3 -26 0
-12 24 -21 0
-22 -29 19 0
5 -9 -19 0
6 1 -29 0
18 21 14 0
-2 -13 16 0
24 -12 25 0
-9 3 26 0
14 -25 -17 0
27 -5 2 0
-3 -16 30 0
-1 22 -11 0
-1 -2 -4 0
-24 6 15 0
11 -20 -6 0
18 25 13 0
5 9 11 0
-19 -13 23 0
-4 -9 -15 0
-5 -25 -30 0
-9 -19 14 0
-21 22 -28 0
10 19 27 0
2 17 -26 0
-8 17 -10 0
18 -6 19 0
-6 -28 26 0
-6 -18 16 0
16 22 25 0
-2 21 18 0
16 -20 11 0
13 -18 1 0
-7 12 28 0
