c instance by G2
c solution = 110111100010111011000111100000
c Known solution cost is 7878 
p cnf 30 50
w 119 309 298 498 306 72 113 406 341 224 495 491 226 434 333 145 226 395 243 209 68 92 170 50 420 428 472 62 46 187
26 -24 18 0
-8 20 -5 0
-1 -13 24 0
-5 -24 -12 0
13 8 -15 0
23 -21 9 0
11 24 27 0
-4 -6 11 0
20 30 -27 0
7 23 -19 0
15 -3 -30 0
-24 3 6 0
-13 12 14 0
13 -30 15 0
-6 -29 -11 0
30 -1 -26 0
2 -21 1 0
-5 -7 -10 0
-5 22 19 0
5 -23 3 0
-23 2 26 0
-18 -21 -10 0
17 -6 -18 0
-16 7 -29 0
-21 -25 26 0
-12 -7 11 0
26 -11 -3 0
8 -12 -2 0
30 8 4 0
19 26 15 0
16 -5 1 0
-13 -10 -30 0
10 -9 -1 0
23 -1 7 0
-23 -16 -13 0
-23 -19 -13 0
7 -25 -23 0
7 -17 2 0
-26 9 24 0
19 23 -4 0
21 27 25 0
-28 -5 12 0
17 -20 -2 0
3 -24 -28 0
-15 4 14 0
30 -20 -4 0
29 9 -12 0
-4 -24 6 0
-18 25 9 0
-30 -5 9 0
