c instance by G2
c solution = 001111010100111000110100110100
c Known solution cost is 8216 
p cnf 30 50
w 478 73 445 276 384 142 475 195 454 492 192 28 139 491 398 265 3 186 99 213 402 208 330 161 7 417 337 406 217 303
-28 6 24 0
-19 -2 29 0
-14 -21 1 0
22 29 3 0
18 -22 -1 0
-7 -16 -28 0
23 9 15 0
-15 -28 8 0
1 -5 -11 0
26 -6 -28 0
-10 -20 19 0
-27 21 30 0
-18 7 -22 0
-16 9 -10 0
-2 -14 1 0
24 -2 1 0
29 -19 -9 0
-6 -16 -23 0
2 12 5 0
-4 -3 -12 0
8 23 30 0
-30 -2 28 0
-21 7 -25 0
-19 4 11 0
-30 -27 18 0
-4 10 3 0
-13 22 -15 0
13 -3 -8 0
-11 -2 5 0
-8 11 -17 0
16 -26 -12 0
-23 -7 -17 0
-13 7 4 0
-23 11 1 0
-26 -27 -3 0
10 -20 -17 0
-14 -4 -27 0
-26 18 20 0
28 -25 -26 0
2 -15 25 0
16 10 24 0
-7 -19 -26 0
18 20 8 0
-5 19 2 0
-5 -30 1 0
12 14 1 0
7 -13 -29 0
5 -8 -11 0
-14 2 3 0
9 -24 -6 0
