c instance by G2
c solution = 000110000101100110101100101011
c Known solution cost is 8041 
p cnf 30 50
w 371 165 177 270 353 187 183 496 187 117 431 334 338 256 272 460 403 211 361 397 205 43 81 212 392 339 334 53 197 216
26 -8 -3 0
10 -3 20 0
-17 22 -18 0
-13 7 5 0
-9 -25 -21 0
-1 -27 -17 0
-29 -13 -28 0
-21 -3 -22 0
12 18 15 0
10 24 -19 0
-17 -6 7 0
4 8 -25 0
16 3 19 0
-20 18 23 0
-5 30 -23 0
17 11 23 0
11 -2 -19 0
26 27 -13 0
-11 -17 -27 0
-24 3 18 0
-16 29 24 0
8 27 14 0
30 27 12 0
3 -10 -2 0
1 -18 -27 0
1 23 29 0
-19 21 -13 0
-21 -29 -8 0
-10 -25 19 0
-11 -18 10 0
1 30 -22 0
-7 -13 -5 0
17 -13 7 0
25 11 1 0
-10 16 2 0
2 1 -15 0
-21 -22 -15 0
22 -3 -11 0
28 -4 -9 0
-21 8 4 0
-12 -30 13 0
7 22 -17 0
-10 12 -20 0
-23 8 -17 0
-16 -14 -27 0
-26 -22 7 0
-7 -13 17 0
-3 6 -5 0
18 27 21 0
3 15 -23 0
