c instance by G2
c solution = 011011001110101110010010100011
c Known solution cost is 7971 
p cnf 30 50
w 262 446 121 78 170 260 246 307 281 266 46 164 120 151 23 284 219 351 360 320 307 236 321 388 486 462 218 498 147 433
-2 14 17 0
15 -5 21 0
22 11 -10 0
-9 -14 -13 0
-11 21 -1 0
12 -24 -15 0
30 27 -10 0
29 18 -23 0
19 -29 -22 0
-20 9 14 0
9 -14 24 0
-29 -9 -18 0
26 -27 24 0
19 5 -9 0
17 7 6 0
16 -30 -29 0
-21 10 -8 0
-22 -23 -18 0
-3 10 24 0
-17 22 -26 0
27 1 -19 0
-2 -5 -8 0
-29 -20 25 0
-26 -15 -29 0
-22 26 9 0
-30 -10 13 0
10 -15 19 0
28 -10 -24 0
21 24 -28 0
-23 2 19 0
6 -28 19 0
20 -16 28 0
22 5 -24 0
-10 -20 -21 0
15 24 28 0
7 20 4 0
19 22 23 0
8 -27 19 0
6 18 8 0
-20 -7 26 0
-8 -19 -20 0
11 24 12 0
3 1 -6 0
3 -29 7 0
-22 -18 -9 0
-2 -23 -4 0
11 14 12 0
23 -2 -16 0
-9 -11 -12 0
-4 7 23 0
