c instance by G2
c solution = 100000100001001010101111001100
c Known solution cost is 6752 
p cnf 30 50
w 389 143 23 184 423 330 21 78 147 2 327 352 75 378 305 19 254 440 191 20 344 482 19 212 489 315 289 47 54 400
-7 21 26 0
-5 -15 -27 0
1 -19 20 0
-19 2 -8 0
26 19 -17 0
15 26 -21 0
-30 -2 -7 0
-21 -13 2 0
-3 -26 -27 0
-8 -27 28 0
19 -7 23 0
-6 8 14 0
26 -10 -22 0
-29 5 2 0
30 -13 3 0
-15 -13 -8 0
-14 -21 -27 0
10 9 12 0
-28 25 -18 0
6 20 28 0
17 25 18 0
18 -4 -15 0
-27 -15 -16 0
23 -15 -1 0
8 27 -4 0
1 -11 28 0
6 -12 -30 0
-7 14 17 0
-25 29 -2 0
-21 -22 1 0
-24 -28 -2 0
14 19 -5 0
14 10 24 0
7 -27 -1 0
-9 5 -28 0
-29 6 9 0
20 -11 3 0
-23 17 -30 0
-19 -11 -24 0
9 20 27 0
-20 2 13 0
1 -3 25 0
-12 -17 -25 0
12 3 14 0
23 26 14 0
27 20 13 0
-14 26 23 0
-27 -26 -24 0
20 13 22 0
-15 -3 -24 0
