c instance by G2
c solution = 00011010111000001010010100111011
c Known solution cost is 5672 
p cnf 32 50
w 39 14 0 32 168 206 249 70 32 277 109 368 219 150 117 435 111 190 408 36 441 400 141 38 23 123 200 260 412 14 155 235
9 25 6 0
-18 2 -4 0
6 -31 -16 0
-22 -13 20 0
22 16 -19 0
16 17 -29 0
25 -3 28 0
-24 29 26 0
17 13 -6 0
-29 -27 -23 0
18 -4 10 0
30 29 -25 0
8 -26 16 0
-25 -28 15 0
15 7 -10 0
-26 -6 -30 0
-22 29 21 0
-4 15 11 0
27 15 -28 0
-27 21 -12 0
-17 6 -3 0
-28 26 4 0
-5 -9 -26 0
11 25 1 0
3 32 15 0
14 19 -9 0
-28 17 -31 0
-11 6 -15 0
-21 -5 -11 0
-1 18 -28 0
28 26 20 0
31 20 12 0
23 16 24 0
8 -14 12 0
-20 27 6 0
-4 -7 -8 0
-20 6 -9 0
-6 21 -15 0
-6 -27 -28 0
-19 22 10 0
-30 15 -29 0
-25 9 31 0
-32 11 -4 0
-9 5 20 0
1 24 15 0
2 10 -7 0
-27 -19 -2 0
-14 -28 -5 0
15 -30 14 0
5 -3 -1 0
