c instance by G2
c solution = 11100101011010011001100010101011
c Known solution cost is 7647 
p cnf 32 50
w 381 325 259 338 490 79 259 230 21 206 8 343 105 393 389 214 86 206 182 298 132 97 110 379 443 438 387 173 131 353 110 82
-22 -32 -11 0
-27 3 -13 0
22 -10 11 0
12 -5 -17 0
-4 2 1 0
-24 -11 17 0
6 16 -31 0
28 -3 -30 0
-12 14 -25 0
12 -16 31 0
12 -17 25 0
-13 27 -29 0
30 22 29 0
29 26 -19 0
14 -7 -6 0
26 -7 -15 0
-26 30 19 0
-11 32 -25 0
-19 7 15 0
-5 23 11 0
-29 -4 14 0
29 32 -22 0
-30 -27 -3 0
-4 15 12 0
10 23 -31 0
-9 26 7 0
18 20 -13 0
21 -31 -27 0
-10 1 -4 0
4 24 13 0
-23 7 26 0
-27 -32 13 0
-17 -16 -9 0
-3 -1 -14 0
-28 18 -27 0
13 -3 14 0
-6 -14 -3 0
1 -29 -6 0
5 19 -24 0
17 -21 30 0
-7 -23 27 0
-10 -15 -31 0
20 -7 -31 0
5 18 8 0
2 28 15 0
4 -18 30 0
-21 9 6 0
17 22 8 0
16 22 -21 0
17 -24 -22 0
