c instance by G2
c solution = 01110001101011001010100011010011
c Known solution cost is 7270 
p cnf 32 50
w 491 443 88 238 473 118 307 255 49 213 391 240 354 259 79 45 206 295 94 194 475 153 265 148 51 94 177 340 106 51 282 296
-3 -24 12 0
20 32 5 0
1 -6 -27 0
12 -18 20 0
14 15 20 0
10 -16 23 0
-12 -28 -8 0
2 20 12 0
18 27 31 0
-20 11 15 0
24 21 16 0
32 28 -7 0
-9 25 -28 0
9 2 -3 0
-11 2 5 0
-15 -21 -9 0
5 -11 17 0
7 10 8 0
12 -27 10 0
-26 20 3 0
1 8 -2 0
-26 13 24 0
15 -31 -29 0
-28 9 -19 0
12 -5 29 0
-30 7 -11 0
16 -23 -14 0
23 -26 -6 0
27 12 -30 0
-1 -3 -21 0
30 -13 11 0
-17 -23 30 0
30 -22 -5 0
-11 28 15 0
-10 -32 -26 0
12 -8 -30 0
-7 16 20 0
-4 5 -20 0
-3 23 -7 0
-19 10 25 0
22 -23 -31 0
29 19 15 0
-23 -25 5 0
-28 -4 -18 0
29 -2 -22 0
-27 -7 -4 0
-2 24 4 0
-23 -21 -11 0
26 23 -19 0
-26 30 -12 0
