c instance by G2
c solution = 00011000110010010011100110001011
c Known solution cost is 9673 
p cnf 32 50
w 443 458 1 336 295 86 330 245 45 149 496 219 281 414 435 440 474 316 460 185 50 312 308 39 481 228 318 352 219 470 389 399
13 -19 27 0
-24 -31 20 0
27 -16 -30 0
21 27 -13 0
-30 5 -25 0
-22 -9 12 0
12 -7 28 0
-17 -19 12 0
25 7 -5 0
-11 -15 2 0
-13 18 19 0
25 -29 2 0
14 -5 10 0
28 15 32 0
-2 8 -29 0
20 1 10 0
29 -32 28 0
29 -27 16 0
-2 11 -27 0
-26 11 -13 0
-15 21 22 0
31 -32 26 0
-18 -9 17 0
-32 12 5 0
28 17 -23 0
-1 30 22 0
-14 26 -5 0
-24 4 27 0
-8 -25 15 0
-12 -23 30 0
-16 7 -15 0
-9 6 10 0
-27 -20 22 0
12 9 8 0
-11 28 -9 0
1 -4 -6 0
-16 13 -32 0
2 -3 11 0
28 11 -22 0
-12 17 28 0
-28 17 26 0
-21 16 3 0
1 -3 22 0
13 8 6 0
14 25 13 0
25 28 -22 0
1 -7 -32 0
-28 -9 25 0
28 24 -9 0
22 16 -9 0
