c instance by G2
c solution = 00011001110001110100110100011010
c Known solution cost is 8564 
p cnf 32 50
w 19 67 58 177 279 425 287 451 101 2 180 366 246 187 398 38 435 358 336 470 46 313 230 391 240 430 180 378 467 343 370 296
7 -10 -32 0
-20 -15 -21 0
-1 27 -15 0
-18 7 24 0
-14 -9 18 0
-11 -16 -10 0
-16 -21 28 0
5 -16 20 0
-27 -10 26 0
-5 -27 -18 0
31 -29 3 0
-28 -20 -24 0
17 19 15 0
15 16 -23 0
-21 22 4 0
16 6 19 0
6 32 -23 0
13 30 -7 0
22 12 -27 0
-2 1 13 0
-6 21 30 0
10 15 8 0
-12 -24 2 0
22 20 7 0
-20 -25 -21 0
20 -12 -22 0
-10 -30 12 0
-28 14 -31 0
19 -8 -3 0
7 -13 -9 0
13 32 8 0
32 -15 21 0
-20 16 29 0
5 21 -18 0
12 32 -26 0
2 4 -8 0
19 10 23 0
7 26 -6 0
2 -4 -19 0
17 -3 -5 0
29 -24 27 0
-19 7 -15 0
24 13 -16 0
-17 25 30 0
-31 -27 3 0
27 -11 -20 0
12 -25 -21 0
17 -12 30 0
27 9 2 0
-30 2 17 0
