c instance by G2
c solution = 11110011100110101111001000100001
c Known solution cost is 8620 
p cnf 32 50
w 238 393 35 201 285 424 458 433 214 153 78 325 131 452 487 267 413 346 28 498 259 264 307 396 33 174 260 266 111 66 360 265
25 -3 12 0
-15 17 -27 0
-14 -27 -1 0
-8 -17 1 0
-11 6 25 0
-15 18 25 0
14 -17 9 0
14 -24 -19 0
-18 -25 -3 0
-6 32 4 0
25 11 -28 0
15 -20 -27 0
-9 -5 -17 0
23 14 -31 0
21 -1 -10 0
-25 17 22 0
20 31 24 0
-28 -12 10 0
24 30 -26 0
-32 -13 -31 0
-23 -26 9 0
-30 6 26 0
-21 -4 31 0
30 23 -8 0
30 10 2 0
30 -4 -26 0
6 8 5 0
-23 32 14 0
-32 5 -16 0
24 8 10 0
21 -4 15 0
-10 6 -7 0
27 -28 7 0
-4 3 -27 0
15 28 9 0
25 -22 26 0
19 -2 -20 0
-4 -30 32 0
20 -13 -29 0
-23 22 27 0
-25 31 27 0
-8 13 -7 0
-3 13 -27 0
-19 7 -4 0
7 28 23 0
15 -13 -6 0
24 -2 -6 0
-17 15 1 0
-29 -20 -1 0
-23 4 30 0
