c instance by G2
c solution = 11010111110010110101001111100010
c Known solution cost is 7091 
p cnf 32 50
w 182 411 103 372 44 260 121 344 111 108 488 102 72 340 207 300 65 386 481 199 31 7 398 498 269 312 125 22 185 75 322 151
12 17 13 0
-18 -27 -12 0
29 -10 2 0
2 31 -17 0
-8 -2 -22 0
3 -30 29 0
18 -26 11 0
13 -12 15 0
19 -14 -13 0
-20 10 17 0
-23 6 -2 0
-18 29 23 0
-31 25 22 0
28 -10 -29 0
28 -23 -17 0
-18 -11 -25 0
-32 -8 -1 0
6 -15 -16 0
3 -9 -28 0
2 -8 7 0
30 -15 -17 0
-5 -31 -1 0
-21 5 -8 0
20 -6 32 0
29 -16 15 0
20 -9 -2 0
8 4 19 0
6 -15 -4 0
8 19 5 0
-12 -28 22 0
16 -25 19 0
4 -21 -31 0
-24 4 -9 0
7 -20 19 0
19 -16 -30 0
10 -26 11 0
-29 -16 15 0
2 -21 5 0
-11 -15 27 0
-10 24 -31 0
27 -6 -13 0
-29 -8 -4 0
-3 -15 12 0
25 1 17 0
-30 17 -7 0
21 1 -4 0
-19 -20 -7 0
26 -24 -9 0
-16 -24 31 0
9 32 -24 0
