c instance by G2
c solution = 00011010110101001111101011111000
c Known solution cost is 8400 
p cnf 32 50
w 371 365 420 494 345 358 419 43 147 164 65 158 83 165 291 238 58 358 481 139 269 5 62 476 493 17 427 363 278 120 423 305
32 27 11 0
13 -3 -29 0
-10 -18 9 0
6 -31 -10 0
7 30 -18 0
-29 -21 -22 0
26 22 3 0
6 -11 22 0
15 17 -21 0
-19 5 30 0
-10 19 -18 0
28 -20 -23 0
7 -5 31 0
-29 -32 -28 0
-10 -24 -26 0
-18 25 -14 0
1 12 -17 0
20 2 -13 0
-23 2 -13 0
8 24 17 0
1 -2 13 0
4 -32 -29 0
-24 9 -25 0
-25 21 1 0
29 -9 -14 0
18 1 31 0
-16 -8 -22 0
14 8 1 0
-15 6 16 0
-30 19 -13 0
-5 -6 -14 0
-21 -27 -3 0
-16 -4 -5 0
14 -9 -18 0
16 -3 15 0
-13 -4 -26 0
8 -1 -28 0
2 -13 1 0
10 2 32 0
5 18 14 0
13 -7 20 0
-10 -3 22 0
8 4 20 0
-16 -19 -12 0
-32 -16 -1 0
-8 24 -21 0
-9 4 -28 0
-10 23 -18 0
-9 -30 2 0
-20 6 9 0
