c instance by G2
c solution = 10111001100001010010000000110111
c Known solution cost is 9525 
p cnf 32 50
w 402 366 202 396 281 284 290 438 475 190 482 167 280 120 445 268 467 394 109 134 86 195 382 429 158 425 474 401 291 109 329 56
2 -13 -27 0
-16 -30 -6 0
32 13 11 0
-23 26 -3 0
-4 -21 -19 0
20 19 -32 0
14 -25 19 0
-11 -30 -5 0
7 -27 19 0
9 -4 15 0
30 -32 12 0
-29 15 10 0
-4 -21 -8 0
-13 -4 15 0
10 25 -17 0
8 -4 -5 0
-3 -20 29 0
-1 27 2 0
30 -25 4 0
-26 10 14 0
-10 13 -14 0
17 31 13 0
24 5 21 0
31 17 13 0
-27 -6 29 0
-24 26 10 0
-26 -27 -5 0
-16 5 -9 0
13 -23 -1 0
2 14 -16 0
-7 20 -9 0
-7 2 20 0
-2 29 -27 0
-1 28 -8 0
17 -15 25 0
-12 17 23 0
-32 -22 -24 0
16 -19 21 0
-25 -19 -16 0
1 12 21 0
27 -25 -8 0
7 -5 -18 0
-26 -4 -8 0
-9 -32 3 0
6 -24 9 0
2 -30 4 0
1 -17 18 0
29 -5 28 0
-20 -4 -27 0
-27 -22 -5 0
