c instance by G2
c solution = 10010000100011100000101000001111
c Known solution cost is 10984 
p cnf 32 50
w 367 497 93 277 430 347 233 192 357 157 432 456 469 471 375 157 440 246 305 437 307 440 325 493 258 453 71 211 474 457 396 361
-17 24 -13 0
24 26 -10 0
28 15 -29 0
-22 -30 13 0
-9 -28 -13 0
-29 -27 17 0
17 6 4 0
-16 -19 -24 0
-6 -23 9 0
-31 32 25 0
-30 28 -18 0
-19 -11 14 0
-15 8 -11 0
1 18 -9 0
-4 20 15 0
9 25 10 0
-17 -25 -15 0
-30 -7 14 0
-8 5 -15 0
-24 -28 27 0
23 16 20 0
14 -15 -29 0
5 -1 -20 0
-25 28 20 0
-9 -22 27 0
-21 20 -5 0
29 -24 -31 0
-11 21 -24 0
18 13 12 0
19 26 -16 0
22 -12 8 0
-30 21 16 0
11 20 -24 0
25 8 29 0
30 -9 11 0
22 -30 -26 0
-18 4 -29 0
-7 10 -21 0
-22 -9 7 0
-31 25 -8 0
18 -2 20 0
5 14 29 0
31 -2 12 0
-14 -19 -21 0
-16 26 29 0
-3 22 16 0
-16 18 14 0
5 16 -6 0
31 26 -9 0
13 31 20 0
