c instance by G2
c solution = 10101100000100110111011011010010
c Known solution cost is 8347 
p cnf 32 50
w 454 346 240 497 154 4 70 329 262 243 135 476 139 119 379 279 281 6 194 239 427 384 390 29 329 72 354 432 368 233 173 310
10 15 -18 0
-14 30 13 0
-17 24 -25 0
-31 -29 11 0
-26 -25 -14 0
-5 -7 25 0
-7 -26 -23 0
-19 28 9 0
25 -6 8 0
-12 25 6 0
6 32 17 0
10 -27 21 0
-13 -28 -15 0
-12 -4 8 0
-15 -9 6 0
-15 -20 -9 0
-28 -15 20 0
-21 -3 -23 0
9 27 19 0
3 29 -14 0
23 14 -28 0
-25 27 3 0
18 -1 10 0
-8 -31 32 0
2 24 -30 0
-25 -10 -19 0
10 -1 -24 0
-26 -3 1 0
5 -3 -14 0
22 11 -20 0
-22 -27 -8 0
25 20 2 0
-27 -13 -11 0
27 12 6 0
-2 -5 -18 0
-12 29 -14 0
13 18 6 0
22 13 17 0
26 -6 -19 0
-19 -27 21 0
-18 -12 -29 0
-1 -11 13 0
9 -2 16 0
-16 5 30 0
-31 12 -16 0
18 -16 -1 0
14 -13 4 0
-1 -32 -26 0
32 2 16 0
21 31 -15 0
