c instance by G2
c solution = 00010101001000101001110011011111
c Known solution cost is 7699 
p cnf 32 50
w 15 49 354 391 361 385 214 160 347 391 57 400 498 200 58 229 276 100 269 343 409 141 10 496 303 85 350 363 294 56 89 6
-28 2 11 0
8 25 -29 0
18 -29 17 0
6 -28 -21 0
-27 16 1 0
-11 -9 21 0
-22 31 16 0
31 17 26 0
20 -30 -26 0
-12 1 -32 0
-20 -19 7 0
7 -22 28 0
-17 16 -18 0
23 -32 -27 0
-26 -28 -1 0
-21 14 -3 0
-7 -26 -6 0
30 12 -6 0
13 -5 -17 0
11 -31 -16 0
9 29 -5 0
-14 -20 16 0
-25 10 -13 0
-23 27 -20 0
14 -7 26 0
24 -23 -3 0
9 12 4 0
19 -16 -22 0
-30 2 29 0
-13 -25 -14 0
27 4 -8 0
9 7 21 0
-3 -22 -16 0
9 20 -26 0
14 22 5 0
18 -21 -23 0
-8 18 29 0
15 10 23 0
5 19 26 0
-25 -11 -2 0
-9 19 10 0
19 9 -24 0
12 7 8 0
-29 32 3 0
30 -3 26 0
-5 -16 20 0
-16 -20 -25 0
19 23 -10 0
-19 -24 13 0
25 18 -22 0
