c instance by G2
c solution = 01001001101001001011010101010101
c Known solution cost is 7272 
p cnf 32 50
w 340 156 7 461 301 421 257 452 34 73 181 93 38 245 87 132 352 34 27 370 187 208 34 183 10 426 472 89 341 495 459 307
-16 31 29 0
28 -26 -5 0
7 16 32 0
-20 -9 -18 0
26 -16 -11 0
-15 -26 7 0
-11 12 -31 0
-16 -4 -30 0
15 17 -19 0
5 13 -19 0
12 -17 -23 0
4 30 17 0
15 19 -28 0
19 -18 -15 0
7 -16 -18 0
-24 31 -3 0
-21 -8 25 0
-26 11 -22 0
22 18 24 0
7 -5 -25 0
14 -27 -25 0
13 -27 4 0
30 7 -26 0
-25 23 17 0
-20 2 -32 0
-14 -17 -6 0
25 9 -30 0
-32 1 20 0
7 8 -20 0
-9 -17 -4 0
3 -27 -11 0
10 20 -8 0
-15 -31 -6 0
14 23 -17 0
-30 24 7 0
-17 -4 12 0
18 -13 -28 0
8 -30 -15 0
-18 12 31 0
26 25 13 0
22 30 1 0
22 -17 -30 0
26 -13 5 0
13 -10 -11 0
-1 -9 3 0
-27 22 30 0
-12 -22 21 0
28 -7 31 0
16 -7 -9 0
-29 12 -11 0
