c instance by G2
c solution = 01111110100010100001010000000101
c Known solution cost is 6674 
p cnf 32 50
w 269 36 16 228 312 280 143 207 269 27 23 169 18 131 414 35 225 252 384 379 70 219 41 40 327 195 141 271 393 290 444 426
-14 -13 1 0
10 -12 29 0
8 14 -18 0
-12 17 29 0
-9 4 -18 0
-19 -15 28 0
-2 15 8 0
-15 -23 12 0
1 -23 16 0
-20 -11 16 0
-6 -28 23 0
-17 29 -24 0
26 -1 -30 0
24 10 -23 0
-31 -5 12 0
-30 4 8 0
3 -6 -20 0
29 -22 32 0
11 -24 -3 0
7 -11 4 0
-26 -7 -5 0
29 21 -8 0
13 12 -1 0
17 23 -29 0
23 -15 9 0
-19 -10 -7 0
27 -13 9 0
-2 5 19 0
-16 1 23 0
-26 -4 32 0
2 -7 18 0
17 25 7 0
-21 19 -30 0
-7 8 13 0
-17 -2 -9 0
19 -20 -18 0
11 13 -19 0
-2 4 12 0
-23 -5 -3 0
25 -27 1 0
-21 -23 -25 0
19 6 -15 0
29 -10 25 0
-25 -32 8 0
17 3 -15 0
22 27 1 0
-26 -6 8 0
-12 -7 4 0
30 26 17 0
20 18 28 0
