c instance by G2
c solution = 11010000000010000011001001100011
c Known solution cost is 8133 
p cnf 32 50
w 120 48 47 161 296 298 291 18 101 424 117 328 366 195 197 392 127 61 384 478 491 314 413 467 442 380 394 301 139 24 45 274
-3 -13 18 0
32 19 6 0
-10 4 -16 0
-32 -31 -21 0
29 28 -22 0
11 31 -20 0
-29 -15 2 0
-31 30 -10 0
20 22 -27 0
-23 -19 -5 0
5 26 20 0
32 11 15 0
-32 12 -16 0
-6 22 -32 0
-15 -26 9 0
-31 4 22 0
-20 -26 -12 0
-26 14 4 0
-32 -17 -2 0
9 -1 -7 0
6 8 -11 0
8 1 29 0
-12 17 7 0
18 -25 9 0
-22 17 -20 0
21 -32 -7 0
-10 -2 32 0
-14 -31 15 0
2 -5 -12 0
13 8 -31 0
19 -27 -32 0
28 5 -24 0
10 -15 -21 0
-25 -13 14 0
-25 2 -6 0
-12 -7 2 0
-18 -27 15 0
11 -8 -4 0
31 -2 9 0
32 -13 -4 0
-28 3 18 0
11 -13 2 0
-24 -4 -6 0
-29 28 8 0
-30 15 -2 0
11 -9 8 0
-26 -2 27 0
23 17 6 0
-20 9 26 0
-23 -4 -10 0
