c instance by G2
c solution = 1101100011100111010100110001011010101
c Known solution cost is 7885 
p cnf 37 50
w 146 491 375 111 439 194 164 392 364 493 74 86 188 390 428 376 18 118 26 162 184 147 164 426 124 12 320 27 250 50 33 6 321 228 443 106 9
22 -17 36 0
7 8 15 0
19 -31 11 0
27 -22 19 0
35 -14 -32 0
-2 -18 -7 0
35 -15 24 0
-26 3 27 0
5 -1 7 0
-9 -13 -8 0
12 -34 22 0
-24 -6 32 0
-35 -2 -27 0
-9 8 28 0
18 8 7 0
36 -24 -25 0
-24 -18 31 0
17 24 -35 0
-3 -1 6 0
-21 -28 3 0
34 -8 7 0
34 -33 -8 0
20 26 6 0
-5 -20 10 0
-14 -34 7 0
-34 8 -9 0
23 25 -14 0
19 -29 -4 0
31 8 2 0
2 27 7 0
-26 -34 -10 0
8 16 12 0
-32 12 17 0
-9 -36 -28 0
-37 -11 -13 0
17 -10 9 0
-14 -2 37 0
7 4 36 0
14 25 22 0
-10 33 -31 0
-35 -12 -14 0
-13 6 -14 0
-24 -26 -9 0
30 -11 -18 0
35 22 -28 0
12 1 22 0
-15 -36 4 0
20 -37 -28 0
-11 -10 -19 0
-36 -35 34 0
