c instance by G2
c solution = 0101011110011100101100001100011011101
c Known solution cost is 8669 
p cnf 37 50
w 9 472 463 111 370 497 58 96 284 10 91 251 19 232 317 421 333 191 332 129 374 74 224 433 417 379 463 183 390 28 82 102 278 81 266 101 108
26 20 34 0
-19 -21 23 0
-4 6 32 0
36 20 22 0
35 -25 27 0
3 7 -18 0
16 -22 3 0
-23 -21 12 0
-26 25 16 0
5 24 -10 0
-17 -10 12 0
-26 -16 28 0
-6 9 34 0
22 32 -1 0
28 -27 1 0
-34 2 -13 0
-30 -8 -15 0
-4 -10 16 0
-28 -19 -33 0
9 28 22 0
-30 33 22 0
10 7 -13 0
-4 29 -27 0
17 -2 -7 0
-12 28 -29 0
-18 -10 -35 0
-37 27 34 0
36 -20 -3 0
-8 16 -23 0
-33 15 -32 0
15 -30 37 0
36 5 13 0
-35 29 4 0
27 19 -8 0
-17 -10 -12 0
-35 17 34 0
-20 23 -36 0
14 -20 -35 0
-18 -4 -33 0
27 12 11 0
-6 -37 -11 0
-26 5 8 0
13 -26 -5 0
-5 36 -13 0
-7 30 -26 0
-36 1 25 0
10 -25 31 0
28 26 -33 0
-15 16 -26 0
-6 -25 -24 0
