c instance by G2
c solution = 1110101110110001011000111011010110010
c Known solution cost is 8358 
p cnf 37 50
w 114 0 306 102 293 496 34 262 233 96 153 313 394 494 80 55 64 210 452 419 287 155 360 76 108 303 105 338 216 463 195 130 205 238 105 36 468
-30 -9 -29 0
26 -2 18 0
-28 9 3 0
-20 13 -27 0
15 11 -25 0
-36 34 16 0
-34 9 -3 0
2 -16 -23 0
-32 10 12 0
26 -16 27 0
29 -14 -12 0
10 8 -12 0
-33 -21 4 0
-23 31 -34 0
-22 4 20 0
-28 30 29 0
24 -23 -32 0
17 -16 -4 0
15 34 -31 0
9 -30 35 0
34 23 -30 0
-5 7 -19 0
13 36 37 0
10 -18 -22 0
10 -9 12 0
-30 -11 28 0
-2 1 -7 0
-8 -26 -23 0
15 27 -11 0
30 20 -34 0
34 -16 -35 0
10 -37 17 0
-24 -6 -8 0
-12 -19 5 0
-4 36 25 0
6 -12 -35 0
6 -24 -17 0
-1 33 13 0
-30 21 16 0
34 36 -25 0
-5 -12 -15 0
25 -23 4 0
-10 31 21 0
-37 -19 -31 0
19 -7 29 0
-19 -25 32 0
-13 -36 -9 0
-25 -29 4 0
5 37 21 0
-1 3 -2 0
