c instance by G2
c solution = 0000100011001000101100001110101010011
c Known solution cost is 8430 
p cnf 37 50
w 8 202 43 97 180 177 342 216 189 494 226 16 441 75 461 317 453 109 193 95 150 444 437 409 391 122 60 399 46 277 477 27 250 56 321 122 108
16 18 -6 0
4 36 3 0
-12 30 -9 0
7 -5 37 0
12 4 -34 0
29 -36 34 0
19 3 12 0
-27 -28 30 0
17 21 4 0
-17 35 -1 0
5 4 23 0
-36 -6 35 0
27 4 32 0
-11 16 -33 0
-19 31 34 0
30 -25 -21 0
-7 -5 24 0
23 2 20 0
-35 23 -29 0
-31 -20 -22 0
-19 -29 -6 0
-5 -4 -29 0
-24 -37 35 0
30 -25 -14 0
16 -13 -23 0
14 -27 -3 0
-2 -4 -25 0
23 3 -22 0
23 9 21 0
-27 10 15 0
-37 33 -31 0
-13 -36 -14 0
23 28 -15 0
23 -36 -15 0
11 34 -7 0
14 -18 35 0
-5 26 -17 0
-37 -16 10 0
35 13 30 0
31 6 -8 0
9 4 27 0
-30 -19 11 0
24 6 -8 0
11 -28 12 0
11 -32 15 0
35 4 -2 0
-16 -25 -26 0
-26 25 18 0
-14 -24 -4 0
26 17 -32 0
