c instance by G2
c solution = 0100111110111100010100101111001010110
c Known solution cost is 9338 
p cnf 37 50
w 438 410 114 383 194 416 184 436 191 219 97 88 136 321 68 171 477 355 460 15 271 173 167 301 116 290 267 495 5 275 106 467 68 150 330 413 271
-16 21 17 0
-5 4 -3 0
4 2 21 0
29 -13 5 0
-36 5 32 0
-1 22 -13 0
-2 28 -33 0
3 9 -18 0
36 21 10 0
-35 -9 -30 0
-22 -23 11 0
-23 -12 -19 0
36 35 -8 0
-12 4 -19 0
-24 4 -6 0
34 37 14 0
-33 -10 -15 0
-29 -18 1 0
-33 26 -27 0
-16 -18 19 0
21 -10 3 0
27 -20 -35 0
33 -11 -35 0
20 -26 16 0
-25 15 -30 0
20 -36 10 0
-33 18 15 0
-8 -22 32 0
-25 35 -14 0
24 8 -36 0
-18 -8 11 0
-20 27 22 0
-26 -18 -17 0
6 -27 15 0
-18 -32 -23 0
-18 23 4 0
-15 10 -11 0
-34 -2 21 0
3 21 25 0
-21 -26 -2 0
-37 -33 15 0
17 31 -20 0
15 13 32 0
14 17 -4 0
22 -25 7 0
10 12 19 0
22 13 5 0
27 -13 34 0
-4 -2 37 0
26 7 1 0
