c instance by G2
c solution = 0001010001000001011011100001100101111
c Known solution cost is 9263 
p cnf 37 50
w 219 9 294 84 56 337 412 479 221 41 395 396 87 359 76 342 216 449 173 476 269 168 219 69 306 74 286 373 9 468 430 150 341 445 262 113 160
-36 16 7 0
1 32 33 0
4 17 -21 0
15 -20 8 0
-10 23 -2 0
-29 8 -26 0
33 -35 -17 0
15 -27 3 0
-8 -18 25 0
20 36 27 0
21 9 -22 0
-17 -34 -12 0
-30 20 -19 0
14 26 18 0
3 16 -35 0
-1 -32 -34 0
10 7 8 0
-13 -4 27 0
17 37 -16 0
3 34 11 0
19 -6 14 0
7 -30 9 0
-21 2 35 0
-34 5 -15 0
-32 14 -12 0
12 -5 -10 0
-13 -23 24 0
24 -33 -10 0
6 -21 27 0
-23 13 -11 0
-18 14 -13 0
27 33 23 0
29 -1 24 0
2 -34 -14 0
-36 -17 -23 0
17 -9 13 0
18 -26 -4 0
-25 -14 19 0
30 1 -31 0
-14 35 -21 0
18 -21 16 0
22 30 1 0
8 2 28 0
12 1 -7 0
-35 -3 13 0
-23 -25 -6 0
20 15 -24 0
29 -35 17 0
-2 -5 -23 0
14 -2 -6 0
