c instance by G2
c solution = 1000000101000100110000001111001010111
c Known solution cost is 8395 
p cnf 37 50
w 482 17 151 128 353 169 32 464 79 384 444 200 347 171 53 53 295 150 380 15 276 206 333 379 28 82 213 250 194 51 114 351 267 353 381 105 445
-25 30 18 0
16 13 -34 0
-13 22 12 0
14 6 -29 0
4 -21 -12 0
30 4 10 0
29 -32 20 0
-15 12 2 0
-36 -18 -3 0
4 37 -28 0
2 11 -9 0
23 -18 -30 0
-37 3 -20 0
-10 -16 32 0
3 8 15 0
14 12 24 0
15 -21 28 0
3 33 -25 0
-4 30 21 0
-4 -19 -25 0
-28 35 23 0
23 8 20 0
-19 -8 29 0
-18 32 -11 0
-21 -20 -27 0
-9 -33 24 0
3 -19 -5 0
28 5 9 0
-23 30 9 0
-33 2 -6 0
1 -36 9 0
12 -23 29 0
-29 11 6 0
34 -37 36 0
-36 -7 -18 0
26 16 21 0
15 -5 -25 0
34 27 -37 0
-27 29 -24 0
16 -22 34 0
15 -34 -32 0
-20 24 15 0
29 31 5 0
-3 -4 37 0
20 9 -12 0
-32 2 -10 0
15 34 17 0
32 25 7 0
5 -2 12 0
-21 15 16 0
