c instance by G2
c solution = 1110100101111000110111101001011110111
c Known solution cost is 9526 
p cnf 37 50
w 484 196 251 225 111 39 421 334 438 109 0 62 159 481 207 278 317 17 304 73 273 435 201 330 316 410 360 388 32 198 146 242 485 185 448 83 488
-4 -16 -5 0
30 -16 18 0
-2 -11 25 0
29 -30 -16 0
-28 8 2 0
14 33 -35 0
20 -12 13 0
37 -15 23 0
29 -5 -4 0
-32 31 34 0
-12 37 29 0
-13 16 8 0
-18 13 29 0
9 11 -25 0
35 -31 -13 0
-22 2 -25 0
26 -25 10 0
-32 22 -17 0
20 19 -11 0
-2 36 -23 0
21 -11 34 0
23 26 -12 0
-6 -10 -30 0
-33 12 19 0
5 -20 -3 0
24 37 -17 0
-14 -8 -36 0
-20 26 30 0
-31 32 26 0
-26 -30 9 0
34 35 -17 0
-23 6 -29 0
-36 -33 -34 0
-8 -10 -19 0
28 -12 16 0
-22 -13 18 0
-11 -6 25 0
25 14 15 0
-9 -31 -11 0
-35 -36 -15 0
-33 -29 -25 0
4 -2 1 0
-35 17 26 0
7 4 3 0
8 13 22 0
-8 19 -7 0
-23 -27 24 0
-12 -24 -30 0
30 -16 15 0
-35 19 -27 0
