c instance by G2
c solution = 1110011101111011001011010111100011001
c Known solution cost is 10371 
p cnf 37 50
w 392 288 422 184 443 486 123 463 65 100 244 50 302 363 399 31 402 481 296 374 369 359 6 399 195 321 284 431 438 102 496 440 3 10 147 51 412
-22 35 21 0
3 -6 14 0
-22 -28 8 0
2 -22 -10 0
22 9 -11 0
31 29 -33 0
-29 19 35 0
37 -9 2 0
-2 -28 -30 0
-3 -14 -17 0
-37 -7 -23 0
7 9 24 0
23 -20 9 0
28 18 -6 0
-21 27 -34 0
-3 34 -23 0
-26 34 -27 0
-33 21 20 0
12 33 26 0
-2 12 -25 0
-16 -14 -27 0
-3 -33 28 0
31 -11 -36 0
18 -5 -13 0
-17 20 -33 0
25 -15 -35 0
-7 13 -10 0
15 -16 -21 0
10 -8 -12 0
-3 28 -13 0
-19 16 -2 0
-23 34 14 0
13 -24 4 0
23 33 36 0
-20 21 4 0
-3 -9 18 0
-35 -32 8 0
-25 -1 35 0
36 1 -29 0
5 26 -13 0
35 37 23 0
-22 -18 30 0
-2 -32 31 0
-21 -16 6 0
-16 -33 11 0
-4 -2 -10 0
4 24 -11 0
12 -27 -26 0
23 -6 7 0
-22 -31 -21 0
