c instance by G2
c solution = 0100111100000101011011101000110100001
c Known solution cost is 8190 
p cnf 37 50
w 145 192 26 129 143 376 70 391 33 449 4 26 161 308 368 28 420 171 67 451 45 243 89 458 259 374 167 332 427 418 44 34 187 468 497 80 110
30 3 -14 0
-18 5 -37 0
-28 26 3 0
9 20 29 0
4 12 21 0
-18 37 34 0
-8 -29 25 0
-4 28 -23 0
31 12 -3 0
8 -37 36 0
3 17 -34 0
2 19 11 0
-6 -9 16 0
-18 -26 11 0
-3 -36 23 0
18 -7 -2 0
34 31 -12 0
-6 33 -24 0
33 -15 -6 0
22 -16 4 0
31 -4 -7 0
12 16 -29 0
34 -27 -30 0
-18 -7 -1 0
-19 -26 -2 0
12 5 -16 0
-9 -16 1 0
-20 -24 32 0
-4 -17 32 0
2 1 -32 0
-6 -5 -33 0
-19 3 -36 0
1 -14 32 0
-13 -32 -22 0
36 20 23 0
12 -17 -21 0
37 24 31 0
-6 7 -22 0
-36 7 26 0
-11 -5 27 0
-5 19 27 0
17 -35 -7 0
22 -26 13 0
9 -16 14 0
6 36 3 0
7 22 24 0
16 -27 -24 0
-10 -2 15 0
-31 27 36 0
-32 -20 11 0
