c instance by G2
c solution = 0001110110000110111001010010110011110
c Known solution cost is 8604 
p cnf 37 50
w 478 63 374 31 229 343 236 35 194 13 297 51 399 314 118 209 360 308 246 15 114 311 339 73 154 24 262 282 89 251 445 252 384 46 431 436 398
-14 8 37 0
-22 36 -29 0
-8 -7 -14 0
11 24 16 0
22 -31 20 0
19 13 1 0
-9 34 -22 0
-18 -25 -8 0
18 27 9 0
9 21 8 0
-34 -3 -17 0
5 30 37 0
-9 -24 -31 0
30 -9 11 0
27 32 -30 0
11 16 -12 0
-12 -21 -36 0
-19 32 24 0
25 -28 -34 0
-12 1 25 0
1 5 37 0
-6 13 -26 0
-27 -21 12 0
32 35 7 0
-32 -8 13 0
-6 18 -15 0
-27 -37 28 0
11 22 -5 0
-23 -24 -14 0
-35 -34 -16 0
36 6 26 0
13 -10 3 0
-17 -11 -15 0
-17 13 -28 0
4 23 26 0
19 -29 -6 0
-4 3 15 0
12 30 -17 0
-24 -2 -15 0
31 -13 32 0
-14 34 7 0
29 -22 -6 0
16 -1 20 0
23 -35 -3 0
-8 1 6 0
-6 33 -19 0
-20 -34 -14 0
-9 11 14 0
1 25 17 0
9 -33 31 0
