c instance by G2
c solution = 1100101110100100110011101010011000111
c Known solution cost is 10868 
p cnf 37 50
w 470 459 454 254 268 493 456 96 196 135 271 312 49 271 357 345 365 277 357 380 43 222 432 91 325 257 497 59 362 81 355 498 476 224 307 202 172
-1 22 -2 0
10 -28 -29 0
-22 -5 -12 0
26 -10 25 0
-28 9 -27 0
-19 21 12 0
26 27 -18 0
17 13 -25 0
-3 -37 -30 0
-23 18 4 0
-26 13 29 0
-4 -36 -31 0
-21 33 5 0
-6 4 2 0
-11 -8 27 0
3 13 -4 0
4 2 -22 0
-35 -20 -19 0
3 -5 37 0
8 29 -36 0
23 -9 6 0
21 -23 -36 0
-33 -22 -14 0
-2 36 -7 0
-34 -14 10 0
-29 33 -17 0
20 37 12 0
-32 -31 -25 0
-15 -37 10 0
9 3 -29 0
24 -6 -36 0
-22 1 -35 0
16 10 7 0
-11 15 30 0
13 -16 -21 0
-8 29 -19 0
-20 -21 -14 0
-23 14 19 0
-17 10 -24 0
35 32 -8 0
-9 15 -13 0
3 -15 33 0
25 12 -11 0
11 -37 24 0
-22 31 13 0
-33 32 20 0
-28 -22 -5 0
26 -30 9 0
-23 -10 3 0
-29 -27 -1 0
