c instance by G2
c solution = 0110111001000110011111111010001010011
c Known solution cost is 9108 
p cnf 37 50
w 182 38 482 411 75 209 95 63 392 244 73 268 469 182 359 263 230 200 293 287 64 106 255 153 353 348 458 140 411 367 275 160 289 213 167 490 44
-9 17 -24 0
37 36 -34 0
-26 22 10 0
-32 -6 -20 0
24 4 29 0
16 33 -3 0
-35 -27 -18 0
-34 -25 -33 0
20 28 -7 0
-23 7 16 0
-18 -13 -14 0
3 4 -18 0
-35 12 8 0
-33 4 10 0
12 -33 14 0
19 1 29 0
15 -19 9 0
-14 31 -6 0
-20 -7 6 0
-30 36 10 0
5 -31 -14 0
9 36 4 0
-15 25 -24 0
-12 -2 -36 0
-15 30 -4 0
34 -16 -19 0
17 37 -33 0
-15 -21 -8 0
35 -33 -30 0
5 24 8 0
-29 17 32 0
-15 -28 -37 0
23 -22 -2 0
-27 33 22 0
-19 -37 -26 0
-33 -21 3 0
2 4 13 0
-31 18 -24 0
-17 35 16 0
27 30 9 0
-33 14 -2 0
21 -20 17 0
16 29 -11 0
-11 -21 -7 0
11 -1 -25 0
29 31 8 0
21 -14 24 0
4 29 22 0
-22 -35 -14 0
13 7 29 0
