c instance by G2
c solution = 0001111100011011011011110001100100111
c Known solution cost is 10079 
p cnf 37 50
w 38 195 401 300 63 174 344 399 398 389 132 359 469 463 93 328 277 428 495 235 170 377 351 183 10 374 134 5 445 366 38 376 328 340 17 485 100
11 -32 35 0
7 -12 -19 0
25 -30 2 0
-6 9 8 0
21 14 -12 0
-31 -29 -28 0
-4 -9 -16 0
-34 -29 -37 0
4 2 16 0
20 26 15 0
16 -22 -13 0
17 13 14 0
-22 -1 26 0
-13 30 29 0
-36 23 -4 0
10 -15 7 0
12 25 -23 0
5 34 33 0
-32 25 18 0
-14 -16 3 0
33 -15 32 0
5 27 -3 0
-27 -22 -4 0
-22 24 -37 0
-24 -25 -12 0
-24 17 28 0
27 21 11 0
-3 29 36 0
-10 -36 -18 0
-16 2 -33 0
-21 10 -33 0
25 6 -29 0
31 36 25 0
-29 -31 35 0
-3 33 -18 0
-25 23 16 0
-26 -8 -37 0
5 15 -2 0
4 11 -12 0
3 -34 -11 0
3 -15 -17 0
3 -2 26 0
22 -16 -36 0
29 15 31 0
33 -6 37 0
3 -18 -20 0
-23 9 19 0
28 22 30 0
-18 -11 27 0
-32 -15 21 0
