c instance by G2
c solution = 1111010100000111101010011001001001110
c Known solution cost is 8497 
p cnf 37 50
w 298 266 364 361 497 6 267 176 379 148 64 233 265 63 137 421 384 183 219 260 12 245 56 124 249 262 89 404 36 331 31 177 399 427 333 190 141
37 19 -34 0
31 -25 13 0
-9 -36 -1 0
-15 -11 -4 0
30 -1 -32 0
33 35 29 0
19 1 2 0
-16 -7 -37 0
16 -31 18 0
-13 10 -19 0
-18 23 -19 0
-28 2 -3 0
35 22 -6 0
-10 26 -35 0
6 12 5 0
25 8 14 0
-27 10 -34 0
-5 32 33 0
37 -22 33 0
18 1 -28 0
-26 -35 18 0
-31 -20 9 0
-27 33 -15 0
-1 30 3 0
-23 -24 -31 0
19 2 -10 0
-37 5 33 0
8 -30 26 0
-30 22 -36 0
-4 -23 -11 0
8 -4 18 0
22 8 13 0
22 -34 28 0
22 11 25 0
31 14 29 0
-2 15 -8 0
10 -13 16 0
-12 29 32 0
32 17 -21 0
7 34 11 0
22 -17 4 0
-6 36 18 0
14 -15 23 0
-29 -35 27 0
-8 24 5 0
29 8 -17 0
-21 -33 7 0
18 -4 -7 0
-18 37 -3 0
21 -16 26 0
