c instance by G2
c solution = 0110010010101011010000111010111010100
c Known solution cost is 9803 
p cnf 37 50
w 98 291 8 483 90 192 221 258 127 349 180 417 352 483 279 466 494 464 295 197 59 330 396 128 405 124 68 266 222 170 173 131 178 436 99 438 436
-19 -6 7 0
-13 -22 -2 0
-36 17 -18 0
31 14 -33 0
-2 18 28 0
1 2 16 0
-3 16 -35 0
36 -34 7 0
10 -1 -13 0
32 5 33 0
-35 27 15 0
19 24 31 0
-17 -7 -18 0
-13 37 -26 0
2 8 -33 0
18 30 -1 0
10 30 34 0
-20 35 15 0
-18 34 -14 0
-35 34 13 0
-33 -32 -31 0
3 10 28 0
-11 -14 10 0
-24 -15 -37 0
21 29 -30 0
-8 -24 21 0
5 -1 13 0
-21 10 32 0
-31 -29 23 0
1 21 -28 0
-2 -6 -5 0
-24 15 9 0
-3 33 -8 0
24 -16 -18 0
-12 5 -27 0
-10 -24 -3 0
5 -33 35 0
9 8 34 0
9 -24 34 0
-4 5 12 0
6 -27 34 0
-27 -7 17 0
-16 27 37 0
-23 -1 -7 0
11 17 7 0
-20 -16 22 0
22 28 25 0
-24 -30 11 0
15 7 20 0
22 -17 -11 0
