c instance by G2
c solution = 0110001000001000110001010110101011000
c Known solution cost is 9598 
p cnf 37 50
w 466 16 332 356 409 411 4 376 24 368 60 235 264 289 373 334 410 356 183 47 325 328 156 101 126 402 200 459 152 335 224 367 174 43 442 432 19
-16 -37 -23 0
-22 -28 32 0
23 26 -17 0
-20 16 19 0
-21 -24 -32 0
-7 -1 20 0
32 37 -35 0
-19 16 1 0
23 31 36 0
-34 3 14 0
7 13 27 0
-15 -37 -1 0
12 -21 -18 0
23 -37 -31 0
18 -34 11 0
32 -9 25 0
5 29 -22 0
11 4 -25 0
-4 -29 14 0
24 19 -2 0
-31 12 -35 0
9 37 17 0
1 24 14 0
-14 32 21 0
-16 -29 -7 0
1 13 37 0
5 -37 -29 0
-7 -24 -30 0
-18 -17 7 0
-12 36 -13 0
32 10 -5 0
32 -6 -26 0
-35 21 -23 0
34 -3 32 0
18 -35 -37 0
-22 -29 -10 0
-29 -23 -3 0
-27 -11 14 0
-19 -13 32 0
8 -28 14 0
-18 2 12 0
-8 15 -33 0
-13 -36 -22 0
1 -18 33 0
28 -22 27 0
-15 25 19 0
-33 -24 -32 0
-3 -2 22 0
31 23 -13 0
37 -32 -17 0
