c instance by G2
c solution = 1010110100001101011010111111100101001
c Known solution cost is 8509 
p cnf 37 50
w 416 106 2 122 159 292 412 240 77 33 185 262 180 206 421 186 189 305 241 8 455 309 486 37 212 338 52 49 152 415 289 300 260 313 399 9 392
-22 -18 23 0
7 18 -24 0
-33 15 2 0
20 -8 -7 0
-35 1 -36 0
29 -10 -19 0
-22 30 -18 0
30 -17 -19 0
25 12 -19 0
-28 8 -24 0
2 36 -20 0
14 -34 -1 0
-21 -4 -29 0
3 21 -2 0
-14 20 -36 0
19 13 25 0
20 -34 29 0
-19 -6 -11 0
-20 -12 -16 0
-37 19 33 0
-2 -5 10 0
10 5 36 0
24 30 -25 0
6 35 22 0
-35 22 -1 0
31 -24 5 0
4 16 -32 0
-31 35 -26 0
-10 -14 9 0
-21 -5 32 0
-33 19 -16 0
-26 13 -3 0
22 32 5 0
-30 17 -34 0
-35 12 -23 0
23 7 -1 0
14 -37 -29 0
-8 27 -6 0
4 3 -34 0
26 17 30 0
11 -9 -1 0
-32 21 22 0
22 1 20 0
-19 36 28 0
7 23 12 0
11 -18 26 0
37 22 36 0
34 35 20 0
33 -32 -12 0
-14 -15 -34 0
