c instance by G2
c solution = 110100010110101001101101100001
c Known solution cost is 7254 
p cnf 30 50
w 136 30 244 469 301 320 347 429 245 369 89 91 370 425 436 461 97 234 254 201 39 207 28 104 479 330 178 14 87 240
-5 23 6 0
15 26 -25 0
-28 19 -25 0
27 -7 -18 0
-12 16 -10 0
-10 26 22 0
-27 -20 -1 0
21 -4 25 0
-19 -26 -8 0
-29 7 9 0
19 23 14 0
-28 -15 22 0
-20 -5 -13 0
4 -8 -24 0
6 18 -13 0
-30 -7 5 0
16 4 7 0
-21 9 30 0
29 -26 -4 0
20 -23 12 0
-17 -13 -2 0
-20 -1 29 0
-18 -16 14 0
8 -10 -18 0
-14 -4 5 0
7 23 -27 0
27 4 -26 0
15 13 -26 0
-7 -14 2 0
21 -18 23 0
28 -9 12 0
-29 -20 14 0
-10 27 25 0
-18 24 -19 0
12 -3 -23 0
6 11 5 0
-22 -3 6 0
-2 13 -1 0
-25 1 -4 0
-18 3 -6 0
5 -17 10 0
-1 -5 19 0
-12 14 -10 0
-10 -28 -30 0
10 -2 -25 0
17 -12 -29 0
-12 -5 -16 0
-24 8 -27 0
-24 -1 25 0
16 7 2 0
