c instance by G2
c solution = 001001101100100010110110001110
c Known solution cost is 7946 
p cnf 30 50
w 366 95 257 447 496 143 146 483 392 230 70 483 386 153 56 33 66 444 367 196 453 438 244 378 418 43 208 224 153 78
1 -12 15 0
-23 25 -21 0
-5 15 2 0
-29 -26 1 0
16 2 28 0
18 -8 1 0
20 30 18 0
-3 -30 -11 0
-7 16 -21 0
-28 4 -18 0
11 -1 15 0
21 8 -14 0
-10 -3 17 0
8 12 -4 0
1 19 -15 0
-23 25 6 0
15 13 -19 0
-27 21 -25 0
-20 2 -11 0
21 17 25 0
17 14 25 0
11 25 27 0
15 -30 -13 0
12 -25 -17 0
-14 26 6 0
-8 -22 -3 0
-27 -7 -25 0
-13 29 -12 0
4 3 -10 0
-30 -22 2 0
-28 24 23 0
18 -16 -28 0
-23 -20 28 0
-22 29 25 0
7 -20 -17 0
-6 22 5 0
30 4 28 0
-10 -12 1 0
27 15 -3 0
27 1 26 0
-10 -15 -3 0
8 -29 -24 0
-7 16 19 0
-6 -1 -23 0
-13 -30 -28 0
15 -19 9 0
-25 -7 -30 0
-29 10 18 0
19 4 8 0
-3 -2 12 0
