c instance by G2
c solution = 100101011000101010100011000011
c Known solution cost is 7824 
p cnf 30 50
w 373 171 103 417 369 59 166 9 123 220 101 72 478 131 259 99 454 195 400 450 468 346 485 127 81 439 133 315 367 414
-2 -9 12 0
11 15 9 0
18 -4 9 0
-6 18 29 0
-7 -8 11 0
16 7 13 0
-29 -26 -4 0
25 -22 21 0
-15 -1 -20 0
2 -8 15 0
-29 -16 18 0
-22 23 2 0
28 -20 -3 0
-29 21 -5 0
4 8 -2 0
-6 3 4 0
-29 30 18 0
28 -21 -6 0
26 19 -1 0
30 15 -5 0
-23 -9 8 0
-23 -27 -29 0
-11 30 -12 0
-4 23 28 0
14 19 -27 0
27 -3 11 0
-28 20 10 0
11 17 -19 0
8 -1 26 0
13 -25 -26 0
1 -17 14 0
-25 15 22 0
22 -29 -10 0
-13 15 22 0
-6 22 -2 0
27 -12 -18 0
12 -25 -6 0
6 27 12 0
-24 -12 -4 0
26 -19 24 0
4 26 -30 0
26 -17 -11 0
-23 15 -17 0
11 16 -26 0
23 -21 7 0
-22 -8 12 0
14 21 19 0
-18 27 -30 0
-26 -19 -12 0
-6 22 -14 0
