c instance by G2
c solution = 010101100000110110100101000101
c Known solution cost is 7424 
p cnf 30 50
w 297 441 77 285 264 39 461 138 297 490 285 10 464 213 245 295 129 43 43 226 309 53 40 379 381 451 396 190 414 69
-9 17 -4 0
-7 -22 -3 0
28 23 -24 0
-4 -9 -6 0
-6 18 2 0
29 -18 20 0
26 -21 -24 0
-7 -15 3 0
26 -21 15 0
-25 7 23 0
29 -7 -1 0
-10 -18 -19 0
-3 12 -23 0
-8 21 5 0
17 -13 -16 0
-22 7 23 0
20 6 27 0
-19 23 -9 0
19 -28 -14 0
1 -2 19 0
-2 22 -30 0
-4 -16 30 0
-15 12 -6 0
-20 -11 -1 0
-27 -28 -14 0
30 -9 1 0
-14 29 24 0
16 27 1 0
9 12 4 0
11 17 29 0
4 -27 -19 0
-18 -28 -7 0
-14 -10 20 0
9 -4 7 0
-2 -12 8 0
25 10 13 0
-25 -16 9 0
14 -4 -28 0
-4 6 20 0
-12 -28 5 0
-29 -13 27 0
-12 14 -25 0
10 -11 -17 0
-25 28 3 0
-4 -5 15 0
6 18 -22 0
-17 -23 15 0
8 -6 -20 0
1 -4 -26 0
-18 -17 -30 0
