c instance by G2
c solution = 110011000010000011010010000010
c Known solution cost is 7111 
p cnf 30 50
w 349 74 444 245 54 341 111 259 439 473 196 356 38 440 111 426 18 44 490 168 395 76 363 150 215 224 282 168 42 120
24 -18 17 0
7 -14 24 0
-26 -11 -30 0
-24 -14 10 0
9 21 -4 0
-2 7 -13 0
-18 14 -26 0
8 -9 17 0
22 -3 28 0
13 -19 -11 0
7 -30 2 0
21 -29 -30 0
6 -30 -20 0
26 -6 -7 0
3 -1 -22 0
3 -5 -9 0
-27 -23 24 0
20 -13 -17 0
30 15 -16 0
-11 -10 -20 0
23 -5 -13 0
-8 12 15 0
-17 7 23 0
-19 -27 -4 0
-21 26 -1 0
6 4 27 0
12 10 11 0
-4 -20 -5 0
9 -10 7 0
24 22 -14 0
21 29 -18 0
-3 -30 24 0
2 19 21 0
8 7 18 0
-7 22 5 0
1 26 16 0
29 -24 25 0
-5 1 11 0
-24 13 30 0
-12 16 13 0
-18 5 30 0
-2 17 24 0
22 -11 20 0
-13 -21 -17 0
-17 -19 12 0
-25 24 -17 0
-20 -25 -7 0
3 27 -15 0
-28 -1 19 0
-1 7 23 0
