c instance by G2
c solution = 100100111111110001001011011001
c Known solution cost is 7971 
p cnf 30 50
w 245 210 295 33 120 299 111 123 132 279 460 444 470 50 408 86 473 106 141 177 290 416 323 472 492 357 395 276 268 20
17 -10 -22 0
-20 -18 -10 0
-17 -30 -18 0
20 17 9 0
-9 1 12 0
21 4 -19 0
13 12 25 0
-2 22 -13 0
-21 -25 -4 0
29 -6 -11 0
25 16 23 0
12 -17 21 0
6 26 -8 0
-4 11 -14 0
18 3 -30 0
5 -23 -17 0
19 8 -10 0
24 -9 -1 0
17 -25 -21 0
-12 -4 10 0
-13 -15 -4 0
-12 29 -28 0
-12 -22 -21 0
22 -11 13 0
-26 21 -8 0
-16 6 -9 0
-14 -3 -7 0
-7 12 -14 0
25 20 -5 0
7 -14 25 0
-18 -7 30 0
5 26 -8 0
25 -29 -14 0
-25 12 17 0
-11 27 29 0
1 -10 -21 0
-16 29 -3 0
-5 -23 -21 0
14 28 5 0
-25 17 -12 0
-8 18 -9 0
-10 -19 -24 0
1 29 5 0
4 25 -23 0
-14 30 10 0
-6 -24 -11 0
-20 3 25 0
-12 24 -23 0
14 -27 -25 0
-25 26 -19 0
