c instance by G2
c solution = 001100011101101111011010100111
c Known solution cost is 8410 
p cnf 30 50
w 252 250 321 181 209 367 283 320 246 290 438 260 366 441 363 165 343 395 493 78 253 90 21 444 352 202 11 467 22 487
-3 11 -19 0
-27 -3 -23 0
-8 -24 -20 0
16 9 11 0
7 29 -9 0
-1 -30 24 0
-11 -4 29 0
-23 -24 19 0
8 19 -28 0
-18 21 24 0
-1 -19 -21 0
-3 12 -29 0
-14 22 -8 0
22 -10 -6 0
-18 -14 -19 0
2 26 3 0
30 -3 26 0
27 18 -10 0
-12 -7 -9 0
25 22 27 0
-2 22 4 0
19 -8 23 0
3 13 22 0
-12 28 -20 0
-20 19 13 0
-3 16 1 0
10 -8 -20 0
15 11 -18 0
-7 -20 26 0
4 -12 30 0
23 -16 11 0
10 2 -24 0
-12 -17 9 0
-29 -22 -20 0
-3 22 -2 0
14 -5 -13 0
15 -19 12 0
6 -16 -26 0
-16 -11 6 0
-7 -25 11 0
27 1 4 0
1 -13 -6 0
-6 -24 -30 0
11 20 -3 0
-8 -6 -12 0
-28 14 15 0
3 5 9 0
9 -7 -30 0
17 19 -12 0
16 -3 26 0
