c instance by G2
c solution = 110011101000010110010101000110
c Known solution cost is 8839 
p cnf 30 50
w 499 262 359 285 212 139 317 329 187 492 427 370 451 332 379 141 472 250 385 57 243 286 402 226 253 107 329 288 221 139
-15 7 12 0
-7 -25 -20 0
29 -28 -22 0
30 -25 19 0
27 -2 -4 0
26 18 24 0
8 -17 -18 0
-29 -23 -16 0
14 13 27 0
-22 -26 -5 0
-14 -10 26 0
-11 -30 3 0
8 -21 14 0
11 -2 9 0
17 27 26 0
25 14 21 0
13 2 23 0
16 13 10 0
25 -29 20 0
-18 -15 1 0
5 11 26 0
-5 15 -27 0
9 27 26 0
-7 -1 -13 0
-8 13 -2 0
18 14 -23 0
-21 19 8 0
11 -24 -8 0
-3 27 -29 0
21 26 -19 0
-9 23 -15 0
12 -30 -26 0
28 -15 23 0
2 -3 18 0
19 6 -1 0
-15 -22 -14 0
29 -7 -23 0
-28 12 -4 0
11 28 -6 0
-14 9 -29 0
5 2 17 0
-1 12 22 0
4 1 -7 0
-16 26 7 0
18 -27 8 0
-2 -30 -16 0
-12 10 18 0
-7 29 -24 0
4 10 -11 0
19 24 12 0
