c instance by G2
c solution = 101000111010111010111101101110
c Known solution cost is 6206 
p cnf 30 50
w 143 312 231 384 315 291 399 211 7 303 41 32 185 108 274 196 142 435 344 160 326 128 189 494 89 245 108 42 34 38
8 -10 -14 0
20 -19 -14 0
-9 1 30 0
16 25 5 0
17 1 3 0
16 9 -19 0
30 15 16 0
2 -27 -18 0
-9 -27 14 0
-30 -22 -14 0
-9 -1 17 0
-1 -8 -23 0
-28 29 23 0
-11 -14 8 0
11 7 -24 0
-15 -14 21 0
9 25 27 0
-3 2 24 0
5 -16 12 0
-25 3 18 0
-7 25 13 0
7 -22 4 0
-7 21 -23 0
-13 25 -29 0
-11 -5 10 0
-16 6 4 0
-5 -1 -3 0
-10 6 -28 0
20 -21 -24 0
-21 -25 -26 0
13 -1 -16 0
4 5 11 0
1 4 -9 0
19 13 -14 0
1 24 25 0
-12 4 5 0
2 25 1 0
14 -26 4 0
13 -14 18 0
21 17 11 0
-11 -9 -2 0
4 -19 -18 0
-26 -4 15 0
-21 22 -28 0
-25 23 27 0
16 -28 -4 0
28 -8 30 0
-19 -6 5 0
-2 27 16 0
-3 19 30 0
