c instance by G2
c solution = 111011000111001111001010010001
c Known solution cost is 5351 
p cnf 30 50
w 388 319 239 27 383 117 252 15 64 164 462 230 28 288 105 389 10 65 66 9 341 300 106 130 21 94 40 187 54 458
14 -20 -26 0
-15 -14 19 0
-16 -2 17 0
25 -28 24 0
19 10 -30 0
5 16 22 0
-17 -10 -22 0
4 -29 24 0
19 7 1 0
15 -23 -21 0
-10 -19 -1 0
-1 -5 18 0
3 -10 19 0
16 -26 -5 0
-22 -14 28 0
19 -26 -8 0
-23 5 -15 0
-2 7 -24 0
30 19 -1 0
18 -26 20 0
21 20 8 0
28 6 -10 0
2 -10 14 0
-29 6 -8 0
-16 -11 -9 0
17 -11 -29 0
12 20 27 0
8 11 28 0
6 27 -20 0
-28 26 -22 0
-25 -18 -16 0
25 28 -7 0
4 18 2 0
-13 22 -19 0
-20 5 -19 0
-29 -15 3 0
24 14 12 0
23 7 -21 0
22 -6 -19 0
28 26 27 0
14 -29 -23 0
-23 -2 -13 0
30 8 -18 0
-30 27 2 0
-15 27 -20 0
-3 -27 9 0
-4 -16 -6 0
20 -7 -26 0
27 -21 -4 0
-15 7 23 0
