c instance by G2
c solution = 011011001010110101101011011011
c Known solution cost is 7460 
p cnf 30 50
w 479 27 470 34 347 0 465 244 237 235 213 170 202 328 129 66 343 245 224 80 264 223 493 207 458 305 233 305 188 246
-29 27 10 0
4 -21 18 0
12 -5 2 0
20 -10 -16 0
10 22 24 0
17 -13 26 0
24 3 -29 0
8 16 25 0
16 -2 -29 0
9 -14 7 0
12 -5 -1 0
7 -28 12 0
30 -14 -19 0
-22 -15 7 0
-8 -14 -5 0
3 -28 7 0
13 22 8 0
-16 19 -14 0
-23 14 -24 0
-17 -2 -8 0
20 5 2 0
21 29 -8 0
-24 -14 -7 0
17 -20 -28 0
22 5 -26 0
-25 -27 -29 0
18 3 -14 0
17 20 6 0
-23 -6 -12 0
14 -23 -13 0
27 29 14 0
-14 -29 -10 0
-11 -17 22 0
-4 -24 14 0
-26 17 11 0
28 -16 -25 0
21 -3 7 0
-9 -20 -11 0
14 30 26 0
-3 -2 26 0
-19 -11 3 0
27 -12 2 0
29 1 7 0
-4 17 -27 0
-22 14 2 0
-21 -8 3 0
8 23 -11 0
28 2 -16 0
-22 8 -29 0
-15 -14 -6 0
