c instance by G2
c solution = 111010110101011010011101111000
c Known solution cost is 6646 
p cnf 30 50
w 274 3 330 198 242 269 441 300 308 336 229 166 259 200 148 381 242 115 26 81 129 76 165 201 400 302 257 304 263 1
9 18 -29 0
19 17 -26 0
19 -7 -28 0
-15 2 9 0
-12 -5 15 0
14 19 -7 0
-23 -17 -8 0
-22 8 -12 0
26 -27 -29 0
-9 19 16 0
-29 -8 24 0
5 -30 -27 0
18 -23 7 0
-1 -18 23 0
20 -21 23 0
-14 -16 19 0
-16 1 -26 0
21 13 11 0
19 1 16 0
-23 -18 -2 0
30 16 20 0
20 6 -24 0
12 -7 -19 0
-2 9 27 0
6 13 5 0
7 -24 -5 0
20 6 -24 0
10 -3 -17 0
24 -17 -27 0
-16 6 -24 0
29 -30 -8 0
16 22 -27 0
23 16 -11 0
19 -24 22 0
-17 -13 -24 0
5 -15 9 0
19 -4 -1 0
-15 -3 25 0
-26 29 3 0
6 27 -7 0
4 -15 26 0
21 -9 14 0
-7 -12 -19 0
-10 5 20 0
-1 -6 19 0
17 13 -29 0
20 -27 29 0
12 28 -27 0
2 -30 28 0
26 15 3 0
