c instance by G2
c solution = 011100010111100011001010000111
c Known solution cost is 7416 
p cnf 30 50
w 342 431 102 48 25 367 18 378 53 331 165 352 175 250 264 160 206 382 273 174 50 270 311 391 111 285 355 436 352 359
-3 8 18 0
20 14 -15 0
9 25 2 0
-23 24 -27 0
29 3 22 0
-11 1 -14 0
22 -15 7 0
17 -12 6 0
28 29 27 0
-16 -25 24 0
-28 -5 14 0
-25 -12 9 0
14 -23 21 0
9 8 -17 0
-26 -29 -11 0
24 13 15 0
-14 -4 -28 0
-5 -28 -23 0
3 -11 24 0
-1 14 -28 0
-17 20 -6 0
-10 -17 -9 0
9 -27 -12 0
24 29 -2 0
25 18 -13 0
28 19 -9 0
-23 15 11 0
-24 18 -27 0
-26 -29 7 0
-30 1 13 0
9 -11 -7 0
-10 -6 -1 0
2 11 12 0
-22 27 25 0
19 5 -16 0
1 22 -20 0
30 -18 -4 0
29 21 -17 0
-2 -13 28 0
-23 24 29 0
15 4 -25 0
-19 -2 -10 0
-10 21 5 0
-15 24 -20 0
2 27 5 0
12 -4 -2 0
15 5 10 0
7 -23 -24 0
1 23 -18 0
-11 -21 4 0
