c instance by G2
c solution = 100001101101001011101010111000
c Known solution cost is 8076 
p cnf 30 50
w 414 26 253 409 214 231 261 33 453 277 488 385 32 427 246 320 112 401 33 302 291 271 90 274 203 445 114 406 208 457
-18 14 -4 0
-26 -15 -20 0
20 23 -26 0
26 14 -9 0
13 -6 15 0
-15 27 -5 0
-24 -17 4 0
-19 15 -3 0
-29 11 -17 0
-17 3 -22 0
-22 -8 2 0
-23 -17 -29 0
29 -5 14 0
-24 -29 9 0
-12 14 9 0
-6 27 13 0
-3 -15 1 0
21 4 -6 0
-2 -7 26 0
7 9 27 0
-2 -12 -9 0
3 -28 11 0
20 10 14 0
-17 -30 20 0
3 24 23 0
-3 -13 -23 0
18 -8 -27 0
13 -3 8 0
3 19 -26 0
-19 10 30 0
-28 24 -25 0
-17 -18 -11 0
7 28 4 0
-5 9 12 0
11 -9 -4 0
30 -24 7 0
11 -8 14 0
-10 12 -9 0
-1 -6 -16 0
-9 18 11 0
-30 -15 7 0
30 1 -19 0
16 -17 7 0
8 -14 24 0
29 17 -23 0
-18 22 25 0
-19 2 -13 0
23 -18 15 0
7 22 23 0
6 -15 -21 0
