c instance by G2
c solution = 000101001100000001110111111101
c Known solution cost is 7090 
p cnf 30 50
w 418 463 232 335 0 291 52 419 202 6 121 157 394 408 234 310 65 306 365 78 478 364 433 334 166 17 52 51 271 68
14 21 30 0
6 20 -5 0
-12 9 -6 0
5 10 18 0
-14 7 11 0
14 -29 -26 0
14 10 29 0
1 21 -2 0
-20 10 -29 0
4 26 -24 0
-8 -22 -13 0
-18 -27 -7 0
24 -4 -18 0
3 21 26 0
29 5 -3 0
-24 22 8 0
-14 30 18 0
-6 -8 -22 0
-24 14 30 0
-10 -18 9 0
-25 6 -4 0
-9 -5 15 0
28 -19 7 0
-11 -27 8 0
19 4 -22 0
-9 18 15 0
-27 30 -18 0
-19 13 -12 0
4 15 -26 0
-11 -22 -19 0
-4 -21 -28 0
-22 23 11 0
1 -13 -19 0
16 -26 19 0
-29 -20 11 0
17 -6 -29 0
-19 -24 25 0
21 -24 25 0
-5 -28 10 0
17 -1 12 0
5 27 -23 0
-11 5 -18 0
20 12 -23 0
-17 -10 15 0
-13 -20 3 0
22 -13 -2 0
21 -29 14 0
11 -15 12 0
8 -23 -16 0
27 13 8 0
