c instance by G2
c solution = 100010101100111100000100110110
c Known solution cost is 6981 
p cnf 30 50
w 265 124 175 241 31 453 35 403 178 79 487 202 466 116 230 489 193 104 107 175 57 435 438 29 13 130 448 463 19 396
21 -11 24 0
-12 30 -1 0
-10 26 -13 0
12 -3 18 0
-5 -12 2 0
11 -19 -5 0
-4 -14 3 0
-25 -14 -30 0
6 -27 12 0
6 -3 18 0
-8 -6 14 0
-14 -10 13 0
20 -23 -15 0
1 18 2 0
29 -30 -23 0
-8 11 -10 0
13 -22 -28 0
4 -24 -26 0
10 3 19 0
-18 -9 6 0
-4 -19 25 0
-6 -22 27 0
-10 24 -27 0
9 -16 28 0
2 3 7 0
15 -16 -26 0
13 21 22 0
-10 18 -20 0
-16 -8 18 0
-16 5 19 0
1 23 3 0
-16 -28 29 0
27 22 -15 0
29 -13 -18 0
1 21 19 0
-13 -4 -10 0
15 20 24 0
-18 -21 -2 0
-28 -2 20 0
11 25 -13 0
-1 -16 9 0
30 -15 14 0
-26 2 16 0
-7 -17 6 0
-19 15 -7 0
18 -21 6 0
28 -11 -24 0
-9 18 28 0
-5 7 -22 0
-10 14 -25 0
