c instance by G2
c solution = 111100000001010001111010111001
c Known solution cost is 7481 
p cnf 30 50
w 478 27 283 281 149 416 131 422 9 44 368 292 291 489 377 130 70 354 287 366 179 168 99 213 408 145 100 479 160 266
24 -15 11 0
13 6 1 0
-29 10 13 0
-27 -8 -21 0
20 -19 -2 0
9 22 20 0
3 12 -13 0
1 -25 -9 0
5 -27 19 0
7 6 23 0
-21 -24 17 0
-7 13 9 0
11 4 -6 0
-17 -12 -3 0
15 2 17 0
-21 -28 13 0
-28 -25 -1 0
21 13 -25 0
17 -28 -10 0
3 13 -30 0
22 30 -14 0
2 24 -10 0
16 -12 -6 0
-26 -2 12 0
21 8 13 0
7 8 -29 0
2 -6 22 0
12 10 -6 0
28 16 -8 0
-16 12 -29 0
8 -27 -5 0
24 -23 25 0
-19 -6 29 0
18 17 8 0
28 6 27 0
-10 18 12 0
21 -13 -14 0
-30 -12 4 0
-22 -2 -18 0
10 -9 11 0
8 -28 5 0
29 -27 12 0
-30 -10 -17 0
-21 14 -26 0
7 -10 -19 0
6 -16 22 0
-25 26 16 0
20 24 -12 0
-27 -21 -13 0
-11 10 -30 0
