c instance by G2
c solution = 000011010110000001101101001000
c Known solution cost is 6872 
p cnf 30 50
w 40 48 376 99 35 119 131 258 122 394 190 94 346 418 178 84 425 380 356 345 152 44 78 97 435 492 339 428 343 26
20 -12 25 0
-3 29 -11 0
30 15 -1 0
-25 10 26 0
27 14 26 0
28 -23 25 0
25 -30 7 0
14 18 -27 0
9 -17 1 0
-29 14 15 0
20 -25 2 0
22 27 16 0
27 9 -16 0
-28 -6 4 0
-13 -8 -10 0
-24 -11 10 0
6 20 14 0
-16 -10 -22 0
22 16 -21 0
-20 26 1 0
21 15 25 0
-24 18 28 0
-7 -24 -21 0
13 -17 -11 0
-15 28 26 0
-6 24 -20 0
-4 2 -22 0
-28 -2 9 0
20 29 27 0
-21 26 5 0
5 3 20 0
6 17 -7 0
2 -1 -10 0
-1 3 -24 0
8 28 -5 0
-1 4 11 0
27 14 23 0
12 1 -14 0
30 1 -26 0
15 13 -14 0
13 -17 22 0
-24 14 -7 0
-6 -30 4 0
7 19 -18 0
-24 4 -2 0
17 -24 -9 0
11 2 17 0
-20 -11 15 0
12 24 -27 0
25 -15 14 0
