c instance by G2
c solution = 110110101101101010011100110101
c Known solution cost is 5572 
p cnf 30 50
w 485 138 324 178 39 92 62 105 207 157 99 318 196 164 428 300 51 428 64 403 237 93 343 56 266 54 60 6 190 29
25 2 10 0
8 10 29 0
22 -15 8 0
-8 -5 -22 0
-6 -4 -9 0
9 -28 -4 0
15 3 23 0
-8 11 -12 0
8 2 -6 0
-29 23 -12 0
-10 30 27 0
3 11 4 0
29 -7 20 0
-24 -21 8 0
-23 -30 -5 0
3 26 23 0
-13 -8 24 0
-8 -1 -15 0
18 -11 -26 0
-2 7 23 0
-27 9 -3 0
-3 -27 11 0
-26 23 -27 0
21 14 -10 0
16 -10 12 0
-26 2 -12 0
-25 -12 28 0
-21 2 -6 0
8 15 -9 0
-14 -10 -28 0
-14 -21 29 0
-12 -11 19 0
6 1 -9 0
17 27 19 0
-28 19 12 0
3 -15 28 0
-21 13 -25 0
-15 19 -16 0
-13 11 5 0
-9 -5 -18 0
24 25 3 0
6 -9 17 0
6 -20 -3 0
14 11 22 0
-7 -14 29 0
-24 1 14 0
16 -24 -17 0
-10 -7 2 0
6 -19 3 0
-24 -10 23 0
