c instance by G2
c solution = 100101100101011010001110100001
c Known solution cost is 6691 
p cnf 30 50
w 342 222 461 438 154 183 298 34 114 186 392 212 165 73 75 446 74 48 382 150 62 356 17 68 188 448 213 288 180 422
-23 14 -4 0
-10 -2 27 0
-15 -1 -18 0
16 -6 -5 0
-30 2 22 0
5 18 25 0
-15 26 7 0
12 5 19 0
-7 -25 21 0
-29 14 15 0
-8 -17 29 0
-30 -13 27 0
19 -29 3 0
11 -27 -12 0
30 11 6 0
5 3 6 0
4 1 -28 0
2 -4 -19 0
-11 -10 20 0
5 16 -24 0
11 13 10 0
-10 -23 1 0
-24 -23 -22 0
-9 8 13 0
-30 -11 20 0
-24 -10 -14 0
18 -20 9 0
-17 -3 9 0
-21 11 15 0
-5 1 7 0
29 -24 20 0
10 16 30 0
-26 24 -14 0
-8 5 -22 0
1 13 -9 0
4 3 26 0
1 -24 28 0
-1 30 -4 0
-19 -21 -12 0
-28 12 22 0
20 -16 -2 0
3 17 -22 0
28 -17 -16 0
-4 -24 23 0
-10 -12 -11 0
8 23 18 0
17 -23 -1 0
6 -23 24 0
-16 13 -23 0
-28 8 -6 0
