c instance by G2
c solution = 011001011010010110111100001110
c Known solution cost is 7882 
p cnf 30 50
w 385 250 41 206 139 470 94 331 461 451 223 75 130 479 493 50 432 273 499 432 387 388 88 302 49 192 54 312 124 72
-24 8 -29 0
6 2 9 0
3 21 -9 0
-6 -1 -3 0
-18 -22 -20 0
12 17 -7 0
-13 -16 -22 0
25 7 8 0
-26 -20 -9 0
-7 24 -9 0
-17 25 16 0
2 6 21 0
-27 23 11 0
-10 19 -9 0
3 -11 30 0
-27 14 -20 0
12 -25 -29 0
5 -16 6 0
-22 12 -4 0
-9 -24 -20 0
-27 -12 4 0
24 8 -3 0
20 7 -17 0
-25 4 -19 0
28 3 -2 0
-11 17 -20 0
13 1 3 0
-17 6 -12 0
18 -30 26 0
9 -2 -29 0
20 13 23 0
19 23 26 0
2 -22 -28 0
-20 -10 -9 0
28 -8 -2 0
-20 22 -29 0
6 4 22 0
10 -5 -17 0
-8 -23 -30 0
14 -9 -24 0
-27 -15 -9 0
-8 -25 -17 0
7 -14 21 0
15 -19 22 0
6 -23 22 0
15 -6 29 0
-16 -17 27 0
-29 5 -23 0
27 -24 3 0
-30 15 -7 0
