c instance by G2
c solution = 001001010000111001001101000000
c Known solution cost is 7102 
p cnf 30 50
w 390 51 464 84 308 459 210 311 27 72 460 352 295 284 103 18 83 462 283 183 184 171 303 49 289 333 118 212 156 388
-19 -21 23 0
-1 7 -28 0
-17 2 30 0
7 4 -9 0
-5 -14 28 0
-6 16 -7 0
-18 -7 19 0
29 -17 -8 0
-2 23 7 0
-21 22 25 0
24 -12 30 0
28 1 -16 0
19 -8 -23 0
-13 -10 22 0
18 -12 -25 0
-9 -6 18 0
7 -22 -17 0
-2 8 -3 0
4 -6 8 0
-13 -29 -15 0
14 19 5 0
8 -29 28 0
1 -27 30 0
-28 12 -14 0
5 -23 24 0
-24 -26 -10 0
-8 9 24 0
-15 -9 17 0
11 -21 -1 0
26 -25 -21 0
25 -21 -4 0
21 17 -27 0
17 6 7 0
-3 -26 -24 0
18 8 -19 0
28 1 -17 0
30 3 25 0
4 -11 -8 0
15 -13 19 0
-8 6 -18 0
-9 14 -1 0
10 13 9 0
1 -22 -30 0
27 30 18 0
21 20 30 0
-30 10 28 0
1 30 -12 0
-20 9 1 0
-10 26 2 0
26 22 -11 0
