c instance by G2
c solution = 110000001101000111110101101001
c Known solution cost is 7524 
p cnf 30 50
w 202 427 413 141 41 33 316 468 238 145 397 467 367 330 262 1 62 19 235 28 127 405 329 391 407 329 477 295 39 133
4 -20 -28 0
30 -27 -28 0
6 -23 -2 0
5 9 26 0
6 -17 -13 0
-1 -15 -18 0
28 12 5 0
21 -28 -4 0
-25 -12 10 0
-17 6 -29 0
18 26 6 0
5 -9 -23 0
24 -20 -12 0
19 5 -18 0
-16 -11 17 0
-24 -2 25 0
23 11 -8 0
6 13 -3 0
-11 -23 3 0
-29 21 -13 0
-24 21 2 0
6 11 -5 0
-17 -9 2 0
4 -14 24 0
3 -12 -7 0
27 -6 -14 0
2 -3 29 0
-18 -4 25 0
-27 -2 20 0
-20 18 -27 0
1 -12 -17 0
2 23 3 0
22 3 28 0
13 -6 19 0
-16 30 -1 0
-18 8 17 0
23 16 -26 0
-25 13 27 0
11 19 -24 0
-24 -4 -16 0
14 -21 -27 0
21 16 -24 0
-1 26 -6 0
3 -11 -25 0
4 -9 20 0
-7 -27 -9 0
23 -11 29 0
-24 -9 -14 0
4 -26 -25 0
-5 -23 28 0
