c instance by G2
c solution = 111001100101011001111001001011
c Known solution cost is 7447 
p cnf 30 50
w 315 386 157 264 388 453 138 315 105 89 370 389 27 220 165 138 49 396 389 5 34 298 266 382 188 366 243 190 272 450
10 -18 -6 0
-25 13 -6 0
-30 12 -24 0
17 -28 -7 0
8 2 -7 0
11 -24 -8 0
-22 -24 -20 0
27 -20 -7 0
-15 -5 22 0
23 22 -16 0
-24 -29 15 0
-21 -23 -2 0
-25 -29 -30 0
18 8 28 0
1 -27 -3 0
-14 -11 28 0
-13 -6 -29 0
16 7 -30 0
-4 28 22 0
-10 25 24 0
-17 5 16 0
20 -1 28 0
3 -2 13 0
-20 5 -23 0
18 -9 16 0
30 5 -14 0
-29 19 -6 0
-24 12 -3 0
29 20 25 0
-16 30 -3 0
28 -14 2 0
-2 20 -7 0
15 -23 13 0
-12 21 -19 0
20 14 29 0
-26 11 -7 0
6 17 -7 0
7 -18 1 0
-9 17 -29 0
14 11 4 0
15 29 -30 0
25 15 -19 0
25 17 3 0
-30 18 17 0
-1 -28 -24 0
-25 -17 -20 0
29 -26 16 0
-1 29 13 0
29 13 -3 0
7 -8 -25 0
