c instance by G2
c solution = 101010000010001001001110110001
c Known solution cost is 8215 
p cnf 30 50
w 58 473 407 11 139 350 412 424 124 422 368 72 132 309 223 340 404 449 109 167 190 326 223 378 368 400 222 337 141 237
26 28 19 0
-10 -18 -11 0
-7 16 6 0
-27 17 -22 0
-30 -22 -4 0
9 25 27 0
2 -25 30 0
27 -11 -17 0
24 1 20 0
-23 29 -13 0
3 30 -23 0
-2 14 15 0
-15 22 27 0
14 24 25 0
-12 8 17 0
6 -16 -22 0
17 21 -25 0
23 4 10 0
14 -2 -6 0
17 16 3 0
10 -1 15 0
25 17 -27 0
-23 4 -28 0
5 28 -3 0
-24 17 20 0
-1 -17 26 0
-23 21 11 0
-29 28 6 0
-15 -30 11 0
14 -1 -16 0
-8 -21 -30 0
12 -4 19 0
-5 -30 1 0
-22 10 -6 0
-10 4 7 0
-24 27 25 0
10 28 -20 0
14 29 -7 0
11 -4 8 0
-9 -3 -15 0
-14 17 -30 0
-21 -19 -3 0
-16 -5 -9 0
25 -5 17 0
-25 -26 -9 0
15 29 24 0
23 -13 -6 0
-5 18 24 0
27 -14 -9 0
12 -2 -1 0
