c instance by G2
c solution = 001010101101011010010000100111
c Known solution cost is 6388 
p cnf 30 50
w 305 276 17 141 332 240 264 396 351 192 477 445 187 146 302 110 25 63 189 376 240 127 4 161 93 91 404 41 21 372
-9 30 -12 0
-25 -14 -27 0
23 28 -15 0
11 -20 -23 0
18 -24 -15 0
25 4 6 0
-7 13 -19 0
-20 -5 9 0
4 29 -12 0
-14 -28 -1 0
-17 27 9 0
24 19 -21 0
-19 -10 -20 0
12 -25 -15 0
17 -3 27 0
12 5 14 0
20 6 21 0
-17 4 -22 0
13 -6 8 0
12 -22 -27 0
6 -3 -13 0
-28 -23 25 0
2 1 14 0
16 13 -2 0
23 11 -2 0
15 27 -19 0
-7 21 -16 0
-26 8 -28 0
8 5 -12 0
1 18 28 0
-7 -20 -18 0
-19 5 -9 0
-11 -7 1 0
-29 8 3 0
9 27 21 0
7 -14 -12 0
-19 -15 2 0
-28 19 20 0
-22 23 7 0
6 10 -20 0
-21 18 -3 0
-7 -8 22 0
-11 18 -7 0
6 17 -15 0
26 22 20 0
-4 26 13 0
27 15 -12 0
14 -4 15 0
-22 2 -17 0
4 -17 5 0
