c instance by G2
c solution = 011100100101100110110110101000
c Known solution cost is 6934 
p cnf 30 50
w 301 63 489 199 313 313 399 66 136 339 306 3 119 177 442 33 259 6 55 91 303 200 488 487 118 59 189 203 469 309
14 20 8 0
14 24 2 0
-14 22 -9 0
10 22 -11 0
2 -27 9 0
-16 17 22 0
22 -3 -17 0
-7 12 26 0
-12 -13 -15 0
-14 16 11 0
-16 1 -30 0
-7 -18 -19 0
6 -30 -2 0
15 -20 -21 0
-25 -20 -5 0
-9 8 -2 0
20 -4 28 0
-9 23 22 0
-20 -28 -22 0
27 -16 -23 0
-24 -2 18 0
6 25 5 0
5 4 -16 0
-2 15 3 0
-7 8 22 0
30 -23 12 0
8 -15 11 0
-1 -7 -3 0
29 28 19 0
-25 10 28 0
-19 -5 -20 0
-3 -29 -13 0
14 13 15 0
21 30 -1 0
-19 22 7 0
-26 5 -13 0
-27 -8 -20 0
-14 29 -10 0
14 7 -2 0
15 26 23 0
-20 15 -11 0
-3 2 -9 0
8 -10 -21 0
1 -9 -25 0
-23 -22 -6 0
-27 -1 15 0
-25 17 14 0
29 17 16 0
17 13 -27 0
29 -10 16 0
