c instance by G2
c solution = 001111100011000111011110011010
c Known solution cost is 6637 
p cnf 30 50
w 264 130 12 499 168 60 435 361 209 187 191 284 112 135 25 204 227 375 258 362 374 138 263 302 147 100 6 401 65 343
23 29 24 0
-14 30 -8 0
1 2 -25 0
19 2 -14 0
19 1 23 0
-2 -18 -20 0
28 -24 19 0
-26 18 4 0
-16 20 -21 0
-19 -18 -21 0
-3 17 -7 0
1 -20 22 0
11 -12 -4 0
-21 10 -8 0
28 27 9 0
-29 -4 5 0
23 27 6 0
-15 -28 27 0
12 -16 13 0
-6 -14 19 0
-20 -17 -28 0
14 -17 -13 0
-26 -18 7 0
9 -4 26 0
15 9 -1 0
-24 -30 -11 0
16 -7 -5 0
-16 -8 25 0
19 17 -20 0
-20 -26 4 0
-15 2 -21 0
-23 -13 -11 0
-27 -16 -24 0
-3 16 13 0
-24 21 27 0
-15 23 -14 0
21 -6 -17 0
-10 -5 -23 0
-30 2 -5 0
-9 -5 25 0
-20 4 2 0
4 -6 -19 0
14 -26 3 0
-16 1 18 0
-26 3 1 0
24 7 14 0
8 9 29 0
18 -29 7 0
22 -13 11 0
-26 13 6 0
