c instance by G2
c solution = 011001110011000011000001110000
c Known solution cost is 7738 
p cnf 30 50
w 438 153 180 245 41 371 428 291 419 183 221 352 317 229 118 409 406 213 235 347 242 479 123 213 281 204 30 235 24 311
-18 25 -23 0
-25 -11 6 0
-28 -21 14 0
-28 16 -12 0
30 -3 7 0
28 -1 27 0
18 29 30 0
-11 6 13 0
10 -30 19 0
16 22 3 0
20 5 -30 0
-3 -19 23 0
25 -12 -11 0
13 11 -12 0
28 4 -9 0
16 -13 -15 0
-25 -26 -15 0
-5 -12 27 0
-28 23 15 0
-15 4 29 0
22 30 -27 0
18 15 22 0
-14 -20 12 0
20 -10 -24 0
-18 11 17 0
-3 1 -16 0
-7 5 26 0
-23 -15 14 0
-23 25 1 0
-3 -4 16 0
12 -2 21 0
-11 -28 21 0
-18 -5 20 0
-30 8 -4 0
17 29 -12 0
9 -23 1 0
15 27 2 0
24 -17 -3 0
14 16 -22 0
8 21 11 0
-10 21 9 0
-13 -11 -12 0
28 12 -25 0
23 18 -6 0
28 -20 21 0
-14 5 1 0
22 14 -29 0
23 8 28 0
10 21 -9 0
14 -3 -21 0
