c instance by G2
c solution = 110010000000111101110010111010
c Known solution cost is 6153 
p cnf 30 50
w 218 199 49 260 196 183 335 73 392 323 419 289 22 483 261 242 251 276 179 99 397 5 176 105 2 64 87 7 478 83
8 -6 -5 0
-8 24 14 0
7 3 19 0
1 -19 -16 0
4 -5 -7 0
-27 15 7 0
10 9 27 0
-12 5 2 0
8 16 12 0
-27 -10 -9 0
12 17 15 0
24 22 14 0
-26 13 -5 0
-24 -15 -20 0
13 28 -1 0
27 -14 -18 0
-26 -30 -28 0
15 13 19 0
29 23 -8 0
2 13 21 0
28 -21 17 0
-28 -14 -20 0
15 7 -14 0
19 -16 -23 0
-16 -23 -10 0
24 4 20 0
-13 11 -3 0
-23 3 -12 0
7 -22 15 0
-28 14 -10 0
3 -22 11 0
12 17 -11 0
10 7 2 0
-23 25 -16 0
-13 4 26 0
-25 29 -27 0
-14 -8 24 0
17 -30 -5 0
11 23 -19 0
-4 3 -13 0
13 17 -24 0
-5 -9 24 0
-29 -28 9 0
11 21 -24 0
24 8 20 0
16 12 17 0
-16 5 -20 0
18 -13 6 0
-9 -21 11 0
-14 -17 28 0
