c instance by G2
c solution = 111011000001000000110111001011
c Known solution cost is 7132 
p cnf 30 50
w 293 329 292 317 30 126 475 225 100 442 348 416 230 496 50 31 173 30 257 195 202 155 400 218 186 64 128 424 208 292
11 6 -15 0
30 -18 5 0
14 -22 6 0
10 20 -12 0
-22 -17 -29 0
-3 -30 -9 0
24 17 -27 0
15 5 -6 0
3 -10 25 0
-17 26 16 0
-20 5 -15 0
-6 -29 1 0
5 -16 -13 0
7 27 25 0
-9 17 -28 0
-16 -20 -6 0
-19 -26 15 0
4 -12 -28 0
18 -25 -12 0
18 7 19 0
-8 17 -19 0
23 -19 8 0
-5 20 1 0
17 -3 -8 0
17 -18 -29 0
-30 3 17 0
-10 -3 -23 0
26 -15 13 0
-27 -21 -1 0
-22 -11 16 0
14 -23 27 0
7 -2 29 0
26 12 -6 0
-4 -2 -23 0
29 -30 -1 0
-3 -28 4 0
-3 22 -30 0
-5 -19 1 0
-22 -13 -16 0
23 -9 -24 0
7 -9 28 0
-22 -13 28 0
-27 30 14 0
-14 -3 28 0
-20 30 11 0
10 2 -24 0
-25 8 -2 0
-5 -24 -14 0
-24 -7 8 0
-12 -10 3 0
