c instance by G2
c solution = 011110101000101110010111101001
c Known solution cost is 7464 
p cnf 30 50
w 325 445 361 395 70 231 397 460 307 435 99 310 157 210 242 61 423 197 83 369 416 33 151 41 91 243 470 240 50 152
6 3 -9 0
-7 26 25 0
-13 29 23 0
-25 30 14 0
-18 -20 6 0
9 -4 1 0
24 -27 -9 0
-27 6 -1 0
-21 -3 29 0
-19 -16 -2 0
-24 -14 8 0
-8 -16 5 0
-8 18 -4 0
21 -22 23 0
29 21 5 0
24 19 18 0
-30 17 1 0
-11 -3 1 0
-13 -7 22 0
4 -30 26 0
21 14 16 0
3 -25 6 0
11 -6 8 0
-12 26 25 0
29 25 -22 0
8 14 -28 0
27 -21 -13 0
-30 -3 -12 0
3 28 -20 0
-30 -10 12 0
-13 7 30 0
-11 18 1 0
20 -12 -6 0
-9 7 -2 0
27 -22 -20 0
1 13 -3 0
-20 2 -22 0
-10 -7 -8 0
-26 16 -5 0
11 6 20 0
2 -1 -17 0
15 8 -23 0
2 -4 -27 0
-29 -27 -24 0
25 14 -21 0
20 -30 29 0
-16 -22 3 0
12 -26 21 0
-17 -9 4 0
26 15 30 0
