c instance by G2
c solution = 111000011011111100110001101111
c Known solution cost is 6786 
p cnf 30 50
w 132 73 452 248 354 404 106 190 108 32 215 295 192 251 171 92 277 121 252 55 116 344 411 347 450 270 274 63 273 218
-21 -22 -18 0
6 2 15 0
4 -8 -5 0
-28 23 14 0
-20 15 -27 0
-9 27 17 0
-30 27 -21 0
9 -1 7 0
-28 -14 -6 0
-27 -25 -22 0
-25 -8 28 0
-16 24 18 0
-25 4 -21 0
-26 -28 6 0
13 -16 -28 0
-28 7 19 0
3 -21 -22 0
18 -7 6 0
-15 -12 14 0
10 7 11 0
23 -16 -10 0
-27 -22 23 0
6 23 -10 0
2 17 25 0
26 25 4 0
5 2 -19 0
7 1 -27 0
5 -21 -3 0
20 7 16 0
-27 22 -5 0
29 4 -8 0
19 -12 -23 0
-13 24 -14 0
-25 20 -16 0
-27 -30 -18 0
-7 -17 3 0
22 -3 -4 0
30 18 5 0
-24 -2 -17 0
12 17 -19 0
4 7 -22 0
22 3 -27 0
12 -30 6 0
-23 -27 -8 0
-23 -26 24 0
-4 30 -7 0
16 -19 -25 0
14 -12 -24 0
13 -22 -11 0
6 8 17 0
