c instance by G2
c solution = 110011111001100010001000100000
c Known solution cost is 6657 
p cnf 30 50
w 338 168 372 352 437 50 207 27 453 55 366 223 158 414 1 232 216 115 159 90 396 55 147 288 317 227 320 276 125 73
24 23 25 0
19 -21 -22 0
17 -21 -6 0
-7 -30 13 0
-12 -5 7 0
-21 29 9 0
-19 1 18 0
19 -8 -27 0
-28 25 12 0
-12 -19 6 0
-24 4 -1 0
-19 -21 -24 0
4 -3 -1 0
-6 7 -12 0
-6 29 21 0
22 14 -19 0
-25 1 -21 0
14 23 -3 0
-4 -19 2 0
22 8 -18 0
23 2 29 0
22 25 1 0
-1 13 10 0
24 -26 30 0
-1 8 -4 0
-25 6 -12 0
3 -23 22 0
23 -6 7 0
16 -29 -5 0
-17 -12 -28 0
-5 10 -16 0
15 16 9 0
8 -13 -1 0
-4 19 -25 0
16 29 -30 0
12 -8 28 0
-17 -5 21 0
-14 -25 -12 0
28 -25 -11 0
21 -30 15 0
-30 22 -7 0
-10 -17 -1 0
14 -9 -15 0
27 25 -12 0
19 5 30 0
6 -22 -19 0
1 -29 -15 0
-25 19 -20 0
7 -6 11 0
-18 -1 28 0
