c instance by G2
c solution = 110010101011111111100111010110
c Known solution cost is 8642 
p cnf 30 50
w 228 398 392 34 489 211 313 67 447 459 415 252 91 54 472 298 474 485 451 53 461 178 157 275 483 470 115 363 3 54
-8 -16 -13 0
-11 -3 -12 0
23 -26 9 0
14 8 -9 0
1 13 -7 0
-12 23 -7 0
-26 2 30 0
-22 -11 -20 0
-11 -6 27 0
16 -9 3 0
26 3 -13 0
22 30 9 0
-29 22 15 0
23 11 -25 0
-11 25 -3 0
-27 20 -24 0
-30 -12 -2 0
-13 3 28 0
-17 -2 13 0
-16 24 -26 0
8 29 -24 0
28 24 2 0
9 30 -1 0
22 -19 -5 0
-14 -25 -7 0
18 -4 -6 0
27 15 -29 0
-29 25 24 0
-9 8 5 0
-9 30 -6 0
-14 2 24 0
-24 -10 -12 0
22 -5 -4 0
25 4 1 0
12 -14 -16 0
-15 5 -3 0
-2 -5 -21 0
11 -14 -24 0
22 24 -7 0
-25 -28 19 0
-15 8 19 0
-23 6 7 0
13 -19 9 0
3 -18 17 0
-9 -14 -8 0
23 -6 -24 0
-3 15 -30 0
18 4 10 0
-17 28 -10 0
-13 -4 -16 0
