c instance by G2
c solution = 1000010111111000010100000101001110011
c Known solution cost is 9601 
p cnf 37 50
w 385 166 84 35 161 421 68 212 81 384 40 279 473 440 291 352 187 332 429 196 78 109 249 427 477 448 404 17 443 459 0 126 175 102 409 478 184
36 4 23 0
-10 -8 -21 0
-22 -36 16 0
29 14 31 0
-29 -36 17 0
-31 -13 -34 0
-5 -9 4 0
17 34 -2 0
-36 23 9 0
-15 22 24 0
-35 31 32 0
4 -6 -14 0
18 3 19 0
-24 15 5 0
-16 20 4 0
-9 3 32 0
-24 -28 -14 0
-26 23 6 0
28 4 -18 0
-37 12 14 0
-8 21 -7 0
24 1 -8 0
30 12 -4 0
-25 24 -11 0
-21 -36 5 0
11 -33 22 0
-32 -36 -27 0
-18 30 10 0
-30 25 5 0
-30 -14 -20 0
-16 -26 34 0
15 34 -3 0
-23 -18 24 0
34 -33 -4 0
-20 -25 34 0
13 4 -36 0
3 26 -12 0
4 20 16 0
-35 -26 21 0
-1 -24 25 0
17 -31 28 0
-30 -9 -31 0
10 23 -27 0
2 37 24 0
-2 -18 -27 0
8 19 -12 0
21 -19 35 0
33 -13 -37 0
-19 -6 21 0
-10 27 -17 0
