c instance by G2
c solution = 1011011101001110100010110100011101110
c Known solution cost is 8699 
p cnf 37 50
w 345 348 41 190 85 42 463 89 387 73 473 21 244 96 408 451 474 195 33 399 212 0 4 320 26 331 288 38 333 485 24 460 473 128 211 99 410
25 -12 -15 0
37 -35 -25 0
-14 10 25 0
-14 -1 8 0
-31 -30 -33 0
-15 20 -29 0
-10 17 -3 0
23 -34 -6 0
27 12 34 0
-10 -11 -32 0
32 19 -31 0
-12 32 -25 0
-23 35 25 0
37 16 7 0
9 24 2 0
12 -28 -36 0
34 26 20 0
18 -13 31 0
12 -16 4 0
33 22 31 0
-23 -3 32 0
16 33 26 0
20 6 -15 0
14 -6 27 0
-10 22 -19 0
15 -10 -31 0
30 2 -35 0
4 -8 -7 0
12 10 -3 0
7 21 -29 0
-35 -2 12 0
-20 25 12 0
-24 -36 1 0
18 -12 -31 0
-3 -22 -26 0
36 -24 28 0
25 -4 -37 0
-16 -14 -34 0
29 -5 -35 0
24 -4 -23 0
-30 -5 -13 0
-24 21 25 0
3 -14 -32 0
-34 -35 -18 0
-26 23 8 0
12 29 13 0
25 -27 28 0
16 -9 -34 0
-3 20 24 0
22 25 -27 0
