c instance by G2
c solution = 0110110000110101100101011110110000100
c Known solution cost is 8499 
p cnf 37 50
w 79 331 368 482 90 307 286 368 379 409 346 154 3 72 42 111 151 74 95 105 163 20 97 100 65 478 466 318 350 20 129 365 322 316 486 415 137
-12 36 -32 0
-3 -19 -30 0
-16 -26 -18 0
27 -29 -20 0
-14 37 22 0
34 -5 -10 0
17 -13 9 0
10 6 18 0
-23 -22 -25 0
-20 34 -37 0
3 -14 -30 0
-20 -11 2 0
26 19 4 0
25 -19 1 0
-17 15 12 0
28 -5 -1 0
13 17 -6 0
18 -31 34 0
12 -20 -7 0
-33 2 18 0
37 -14 -15 0
8 -34 33 0
-22 21 -33 0
-11 22 26 0
1 -3 14 0
-9 37 31 0
10 23 -4 0
30 -26 -11 0
13 4 -7 0
37 11 -36 0
-35 -12 11 0
-30 35 -29 0
32 -9 -12 0
24 -29 34 0
13 -16 20 0
32 -28 15 0
-18 13 -4 0
-9 2 -11 0
22 8 -5 0
25 -12 -2 0
19 -23 28 0
-21 -16 8 0
29 -20 15 0
36 16 -2 0
9 14 -18 0
-36 -24 15 0
1 -13 8 0
35 6 36 0
5 -11 1 0
-26 4 -8 0
