c instance by G2
c solution = 1101011010100100111000010000001111110
c Known solution cost is 8442 
p cnf 37 50
w 41 386 298 148 123 15 454 5 403 15 229 14 77 219 422 7 483 347 70 433 447 144 402 333 163 167 340 97 414 265 214 184 305 175 170 306 127
13 3 -37 0
30 1 -33 0
-23 -2 -31 0
1 -8 -20 0
21 -18 -13 0
-34 36 -25 0
-3 -34 -18 0
-14 34 24 0
-32 -24 18 0
26 -2 36 0
28 -2 9 0
-19 14 20 0
8 -33 4 0
35 31 4 0
10 2 3 0
5 24 -33 0
-36 -21 25 0
-29 -17 -2 0
-27 16 -9 0
-14 -35 6 0
-32 36 5 0
26 4 1 0
19 5 -24 0
-2 12 -30 0
-20 -9 -18 0
11 30 -1 0
22 15 -5 0
-9 7 12 0
-10 20 30 0
35 -32 -17 0
-15 -6 22 0
23 -6 14 0
-28 30 29 0
17 37 22 0
-14 -24 31 0
-22 25 26 0
25 -16 -24 0
4 36 -18 0
5 10 -25 0
23 10 -12 0
35 19 10 0
-1 27 -8 0
32 8 -36 0
34 -17 -18 0
-20 -14 26 0
-31 33 5 0
24 7 -1 0
30 -18 -26 0
24 12 -8 0
5 19 -1 0
