c instance by G2
c solution = 1110100010110101111100001000100111100
c Known solution cost is 8233 
p cnf 37 50
w 220 61 349 159 13 272 193 157 466 176 381 0 381 100 88 362 161 113 346 80 462 95 218 409 72 421 113 24 146 151 368 160 489 263 342 164 258
26 12 -1 0
8 -10 -14 0
5 26 4 0
-25 7 29 0
-33 -25 19 0
26 2 -1 0
10 24 -23 0
31 -32 -36 0
31 37 12 0
15 -4 22 0
23 6 34 0
-34 14 -9 0
7 36 34 0
-34 -19 -10 0
-37 21 15 0
11 27 -34 0
-20 -32 -21 0
-8 6 7 0
6 -17 3 0
37 16 28 0
28 -22 11 0
11 15 28 0
-30 -12 -5 0
-1 -17 20 0
15 6 -7 0
-25 -27 20 0
-28 4 15 0
17 -14 -37 0
-27 6 28 0
-15 -18 -19 0
4 -24 10 0
8 -6 -9 0
-22 -11 -2 0
17 -16 -25 0
14 -29 17 0
13 -1 18 0
-14 -1 2 0
32 -20 -1 0
-30 -14 -4 0
21 -6 15 0
-19 6 -31 0
35 -11 30 0
-17 25 -33 0
24 -3 33 0
9 -19 24 0
-18 -26 36 0
3 17 -5 0
22 -9 -13 0
-35 1 13 0
3 -2 31 0
