c instance by G2
c solution = 1111010111000110001111001100100100111
c Known solution cost is 8288 
p cnf 37 50
w 434 341 9 114 25 144 398 245 315 123 165 440 411 23 19 47 376 64 81 355 476 258 399 309 237 492 433 29 209 25 411 146 219 83 147 200 86
25 -6 9 0
-23 -10 -19 0
20 5 31 0
21 7 -6 0
12 -33 28 0
-4 -31 -14 0
-15 -16 -35 0
22 5 28 0
29 4 -19 0
8 -10 33 0
-8 19 13 0
-29 14 8 0
23 29 31 0
7 14 -6 0
8 22 23 0
7 36 -6 0
-37 -27 12 0
30 32 11 0
26 -3 -37 0
15 -22 27 0
30 -24 27 0
-11 30 23 0
-22 -17 -32 0
-2 -5 -9 0
-3 30 -7 0
3 31 -36 0
-26 -4 -12 0
10 27 -6 0
-28 -8 11 0
-15 -18 -6 0
12 -30 -20 0
22 -34 30 0
-31 -12 -28 0
17 -20 21 0
27 -6 35 0
-22 13 -18 0
-36 9 -6 0
-26 -22 25 0
34 -13 -4 0
6 -2 -14 0
4 33 -22 0
-19 12 -34 0
2 -26 -37 0
24 9 -22 0
-18 1 -5 0
-3 25 -16 0
1 -14 12 0
8 -37 -3 0
5 15 -22 0
37 16 23 0
