c instance by G2
c solution = 1010101111000111000101011011001001010
c Known solution cost is 7371 
p cnf 37 50
w 328 145 94 279 98 202 223 84 218 34 133 463 294 324 61 160 65 376 42 0 7 276 374 190 319 278 403 148 203 426 75 204 43 372 240 184 6
22 37 32 0
-14 -6 1 0
28 30 -25 0
-1 19 16 0
-25 19 10 0
-7 -26 31 0
3 -1 30 0
29 -35 -16 0
-27 23 14 0
35 -5 7 0
32 35 34 0
18 -11 -7 0
-12 -14 32 0
-18 -10 -15 0
-29 -27 26 0
14 -2 -17 0
37 -34 -17 0
-10 23 -4 0
17 -26 -5 0
-22 19 15 0
20 -1 -22 0
17 5 4 0
21 -20 -13 0
29 -27 -19 0
9 -1 19 0
1 11 13 0
-16 3 -28 0
35 14 -20 0
-23 30 32 0
-15 21 25 0
31 37 -13 0
19 23 -33 0
20 -36 -8 0
-13 2 -28 0
-24 27 33 0
8 -5 30 0
-6 21 26 0
29 31 33 0
6 -2 -9 0
-30 10 27 0
5 10 20 0
-23 8 -10 0
-19 23 11 0
-34 -37 13 0
-25 24 17 0
22 30 2 0
33 32 36 0
-14 -36 -21 0
-30 -5 -15 0
-32 -36 -28 0
