c instance by G2
c solution = 0111000100100001111010111000110010111
c Known solution cost is 9485 
p cnf 37 50
w 200 308 366 16 322 24 298 29 326 448 443 112 438 431 27 129 396 382 101 350 42 409 188 63 415 365 187 382 338 136 449 404 37 273 417 174 60
11 -33 23 0
-11 9 -31 0
-25 37 -3 0
26 24 12 0
-18 3 9 0
9 34 -15 0
13 11 10 0
-19 37 -10 0
-3 -32 -34 0
-29 7 35 0
-3 31 -14 0
-9 -23 32 0
-5 -24 -36 0
-8 -28 5 0
-7 -29 8 0
12 -2 -1 0
-17 -7 28 0
-7 -8 23 0
-2 36 10 0
28 16 7 0
-36 -10 -21 0
-19 2 31 0
29 -2 1 0
-7 20 12 0
32 36 -24 0
14 12 17 0
35 31 -37 0
34 -6 13 0
9 -30 -6 0
-4 21 -24 0
35 32 -33 0
17 -35 1 0
-13 -30 -2 0
-34 -14 -18 0
-16 31 -27 0
6 -18 4 0
-37 27 23 0
7 12 18 0
-2 14 8 0
-18 -24 -32 0
20 30 27 0
-33 -20 -19 0
-12 -17 -37 0
-8 25 -17 0
26 33 9 0
-34 5 7 0
-12 -28 18 0
-26 6 -8 0
-35 27 19 0
-18 -21 -22 0
