c instance by G2
c solution = 0000110011001110110110011100101000010
c Known solution cost is 10340 
p cnf 37 50
w 331 185 155 287 302 316 201 360 311 128 376 101 133 38 379 439 24 44 313 249 46 302 422 409 337 250 308 388 323 192 287 497 379 440 282 374 432
-9 4 -37 0
-10 3 31 0
30 18 32 0
27 21 22 0
-14 -18 26 0
-1 19 -31 0
35 -20 18 0
7 37 9 0
-11 -2 -30 0
27 -28 34 0
-9 15 22 0
12 -32 -26 0
-15 6 19 0
-1 29 19 0
-8 -31 -36 0
-13 36 23 0
-16 -23 -30 0
23 -22 27 0
-15 16 -11 0
25 -21 -31 0
12 8 29 0
-4 -9 -25 0
4 14 -26 0
-29 -3 7 0
17 31 -22 0
-16 -29 11 0
-10 -4 -33 0
-14 1 10 0
24 -18 35 0
-23 -35 -8 0
-25 -10 -33 0
-17 -34 2 0
27 -23 -9 0
11 -16 -29 0
23 -35 -36 0
-21 19 20 0
19 20 7 0
-12 37 24 0
37 -24 -30 0
8 -2 -20 0
5 35 37 0
-19 1 37 0
28 35 13 0
27 -35 2 0
6 -29 2 0
-12 -36 22 0
17 28 -10 0
-27 34 -6 0
28 -7 30 0
-17 19 -30 0
