c instance by G2
c solution = 0111111000011100001110010010011010001
c Known solution cost is 10748 
p cnf 37 50
w 219 291 378 264 116 464 496 333 401 61 125 489 247 139 335 222 26 402 411 222 317 334 32 347 184 274 386 471 419 416 315 29 381 388 208 418 188
34 -17 -12 0
11 -8 -22 0
-26 -3 16 0
31 -14 -18 0
-3 -7 37 0
26 -27 -15 0
-5 21 -2 0
-12 26 5 0
10 3 -33 0
-16 -19 10 0
8 -14 20 0
-13 -32 17 0
35 12 36 0
28 33 18 0
17 -1 -14 0
-4 -28 11 0
13 11 -9 0
24 -20 -18 0
27 16 25 0
-29 13 -20 0
8 16 -34 0
-32 -10 -22 0
23 2 37 0
23 -9 -33 0
-33 10 2 0
-32 23 27 0
15 33 35 0
-27 32 14 0
-33 24 -14 0
-12 -5 -25 0
-10 -24 -30 0
31 -7 29 0
-14 -29 9 0
27 9 11 0
19 -13 -2 0
16 6 -20 0
-20 -24 -23 0
36 3 18 0
31 -6 19 0
13 18 29 0
-21 -11 18 0
-2 -36 -4 0
-19 8 12 0
4 -19 36 0
23 -4 -35 0
30 -27 -33 0
-12 1 -8 0
-33 -22 34 0
-18 11 8 0
-21 7 8 0
