c instance by G2
c solution = 0001001100001001010010111110001000100
c Known solution cost is 10226 
p cnf 37 50
w 82 400 267 179 328 295 376 380 123 216 495 156 41 393 139 256 442 130 70 432 277 488 224 255 368 306 54 4 162 151 399 373 418 425 361 356 405
-4 -34 -16 0
-5 20 -26 0
30 16 2 0
-37 -16 -26 0
5 -2 19 0
-29 14 -35 0
18 11 -25 0
-37 1 6 0
19 -21 -36 0
-1 -8 17 0
-13 3 24 0
-4 37 -11 0
-10 -21 -25 0
-31 11 21 0
-32 23 -1 0
2 -22 19 0
37 -9 -13 0
34 25 -4 0
26 -22 14 0
32 31 17 0
-14 29 -17 0
-7 23 19 0
4 -14 -20 0
-13 -33 -27 0
-23 -17 33 0
7 -26 19 0
32 17 16 0
-7 -28 14 0
23 24 27 0
29 -3 -32 0
28 -20 9 0
22 -36 32 0
-34 22 -23 0
6 25 -34 0
-7 2 -15 0
-25 14 27 0
-30 -27 28 0
-21 -14 22 0
-3 -18 -35 0
-27 6 4 0
5 6 -32 0
14 6 -12 0
1 15 -6 0
1 -21 13 0
-26 8 -25 0
-10 35 16 0
11 26 12 0
20 -24 -19 0
17 35 28 0
-37 -4 29 0
