c instance by G2
c solution = 0000010011110101000000001011101110110
c Known solution cost is 7923 
p cnf 37 50
w 407 143 127 187 238 37 59 97 431 103 323 340 414 96 150 67 304 171 394 375 141 47 255 140 20 232 313 74 283 288 10 459 275 405 138 337 43
20 15 -13 0
36 -32 -12 0
1 12 37 0
-35 23 16 0
6 -33 -17 0
30 -24 2 0
26 24 -22 0
6 26 -35 0
-22 -10 13 0
-32 37 -5 0
-8 -9 -29 0
19 -32 -24 0
24 -1 17 0
-6 18 -20 0
-14 -19 -37 0
33 -36 -12 0
37 9 -3 0
-11 8 9 0
11 -9 -31 0
4 31 -27 0
-11 -17 26 0
-15 35 -16 0
-11 -4 -31 0
12 -17 37 0
34 -11 25 0
-2 19 7 0
26 -7 -36 0
7 -15 8 0
13 -21 26 0
28 1 18 0
-32 26 29 0
-36 -12 10 0
-35 -26 8 0
-24 -19 35 0
14 -10 -36 0
1 -19 -12 0
-27 -10 -34 0
-33 21 -3 0
-17 9 -37 0
-5 -33 30 0
26 32 -6 0
2 -23 -12 0
1 14 26 0
17 35 24 0
-37 -29 22 0
-7 21 -35 0
-35 23 -18 0
-36 37 -30 0
-28 27 -9 0
22 12 -6 0
