c instance by G2
c solution = 0011101010010011011010111011011100010
c Known solution cost is 7695 
p cnf 37 50
w 329 184 37 478 32 274 164 227 250 237 242 193 144 50 222 29 46 231 225 267 181 192 208 307 376 89 152 19 262 226 105 323 190 429 386 268 121
14 -25 -35 0
-31 -24 -17 0
27 9 7 0
28 -5 37 0
-23 -37 -15 0
-24 -8 26 0
-28 -16 -26 0
-3 4 13 0
36 17 8 0
27 14 -19 0
-11 -4 34 0
1 -6 13 0
25 -31 27 0
-13 -5 -16 0
27 -4 30 0
-12 35 24 0
-14 -12 34 0
-20 -8 19 0
18 -23 17 0
-37 32 11 0
6 -19 25 0
-2 20 -27 0
8 16 -12 0
29 -16 9 0
-30 36 7 0
-7 10 -20 0
-5 -9 -10 0
21 -23 14 0
15 -36 14 0
13 6 5 0
7 29 -21 0
-28 3 -4 0
22 -31 27 0
-7 -33 -9 0
11 -4 19 0
26 -18 12 0
-36 30 -28 0
-18 -34 33 0
3 -36 9 0
17 -6 21 0
22 23 -19 0
-29 -28 -27 0
31 -9 6 0
5 3 37 0
4 37 -33 0
27 19 18 0
30 37 -2 0
-4 32 22 0
-19 -1 -25 0
-12 -24 -22 0
