c instance by G2
c solution = 1011011110101011111101111011111000001
c Known solution cost is 10387 
p cnf 37 50
w 324 436 233 317 150 206 412 405 348 322 498 256 93 151 314 235 180 274 393 471 296 172 373 219 300 114 190 374 236 309 456 56 455 129 334 158 198
2 -33 -27 0
-31 -21 -23 0
-20 36 8 0
4 -6 -18 0
-21 -15 -32 0
-19 -7 24 0
-18 -7 -14 0
-22 -19 18 0
-13 12 -36 0
26 -23 25 0
-25 -26 -8 0
-34 -28 -31 0
-5 -24 21 0
-19 9 -27 0
34 8 -3 0
-1 15 -29 0
-15 -11 7 0
-25 -31 1 0
-16 28 -25 0
-29 17 -23 0
-27 -22 -10 0
-1 31 14 0
6 -4 -28 0
19 -11 -27 0
-23 22 -19 0
-6 21 24 0
-4 29 -19 0
-11 24 -15 0
-7 -37 22 0
18 -32 -23 0
-16 -32 -8 0
25 -23 -21 0
36 10 27 0
-7 6 5 0
36 -8 -35 0
-37 21 15 0
5 13 12 0
-16 -20 22 0
-2 -22 -23 0
30 -4 -20 0
-8 20 22 0
-24 -37 23 0
3 -13 -22 0
-23 37 5 0
-12 -13 -25 0
11 -4 -19 0
1 -22 7 0
16 21 -8 0
7 19 -9 0
26 20 -9 0
