c instance by G2
c solution = 1111111110111111101011101010001111010
c Known solution cost is 10217 
p cnf 37 50
w 51 168 118 342 170 389 154 404 455 346 455 435 63 77 194 243 432 149 308 32 6 37 462 397 308 424 365 332 215 381 396 239 232 275 238 449 476
24 -5 21 0
15 -2 -22 0
-15 14 -22 0
26 -20 -17 0
-8 28 2 0
-31 -10 -6 0
-8 -12 2 0
8 -15 -19 0
19 -11 -23 0
10 -7 -30 0
-27 15 -36 0
1 -12 -2 0
27 -36 20 0
-7 9 -13 0
28 36 10 0
29 23 -7 0
30 12 -9 0
-11 25 -20 0
-8 5 -6 0
9 28 10 0
22 -25 29 0
28 33 -6 0
-23 15 -35 0
-28 -30 -22 0
-28 -15 -25 0
-24 -19 29 0
-9 16 -13 0
32 -6 -22 0
-8 20 6 0
-15 35 7 0
-15 -32 -26 0
-32 -23 -29 0
-16 -30 -14 0
-3 -2 17 0
20 -3 -37 0
-11 -23 -29 0
35 11 -34 0
-19 31 -9 0
28 -35 -15 0
3 29 30 0
-6 1 18 0
14 17 15 0
-8 -25 2 0
17 -27 -8 0
-21 34 26 0
23 -37 -35 0
18 -8 4 0
-19 25 10 0
13 37 -5 0
30 -18 -6 0
