c instance by G2
c solution = 1101101010101101111000001110111111000
c Known solution cost is 8149 
p cnf 37 50
w 219 63 358 243 403 175 175 486 295 438 344 209 275 10 158 171 262 234 2 48 318 395 346 136 429 32 123 104 410 79 22 397 67 132 11 238 342
24 -5 -37 0
1 -18 8 0
32 -4 -1 0
20 14 -17 0
-23 21 -2 0
-36 -35 -27 0
-28 -1 -30 0
17 -22 13 0
-16 -17 4 0
-29 27 -3 0
7 -14 -26 0
-34 -24 3 0
10 16 3 0
-27 -2 -3 0
6 -32 26 0
12 -21 -31 0
-35 20 24 0
-18 -26 29 0
23 19 -29 0
-30 -15 23 0
8 -5 -20 0
-26 -31 18 0
22 -13 -10 0
-12 24 -34 0
-30 11 36 0
10 -13 -3 0
33 -14 -30 0
-25 -23 -30 0
-18 1 -9 0
15 10 -8 0
-36 -20 19 0
28 12 5 0
29 32 -6 0
34 21 22 0
-19 20 2 0
21 25 -7 0
-6 -19 -33 0
30 -9 35 0
-10 8 20 0
9 -34 -16 0
31 -32 -23 0
-36 20 -27 0
-11 -22 -30 0
-14 -35 15 0
27 -13 20 0
17 -2 -4 0
-18 -20 15 0
31 15 -7 0
31 -13 -14 0
13 36 -7 0
