c instance by G2
c solution = 1111010000110101100100111010110011100001
c Known solution cost is 8721 
p cnf 40 50
w 197 236 236 160 9 315 430 148 94 490 159 487 314 23 23 158 206 53 496 248 326 399 411 116 440 81 38 69 178 134 23 7 144 358 322 120 58 303 449 263
-4 5 -38 0
-17 -20 27 0
38 4 -1 0
-18 -17 7 0
19 -28 -29 0
-1 29 -26 0
26 -10 7 0
2 -24 21 0
-19 -20 -40 0
1 37 -40 0
-21 -29 -30 0
-39 19 -12 0
5 12 -35 0
38 -9 -12 0
-12 -7 -3 0
-29 18 16 0
-15 14 -5 0
-16 -26 32 0
26 35 -24 0
-29 -32 -12 0
37 -12 25 0
-20 -15 -14 0
31 -8 15 0
13 28 6 0
6 -21 35 0
11 -1 -2 0
33 18 -3 0
-3 -31 37 0
-5 -6 37 0
28 19 17 0
-33 26 24 0
13 6 -8 0
36 40 8 0
14 38 18 0
-23 -2 34 0
15 7 23 0
5 -36 32 0
-19 26 -20 0
6 -27 9 0
-40 -1 -22 0
-35 -37 -29 0
27 19 18 0
3 -6 -23 0
19 30 -4 0
-40 15 -13 0
15 29 28 0
-1 -17 27 0
-40 -15 -8 0
20 -33 31 0
23 -36 -17 0
