c instance by G2
c solution = 1001011010000000010100010111111011010000
c Known solution cost is 10450 
p cnf 40 50
w 481 475 454 31 430 140 21 213 104 422 465 407 354 24 301 499 265 111 181 123 327 158 462 186 168 113 296 400 65 422 145 181 86 236 94 221 429 234 285 441
-12 40 -30 0
7 6 -39 0
-32 -20 35 0
13 15 34 0
5 -2 -38 0
2 -24 9 0
-15 2 -29 0
19 12 28 0
-1 16 -8 0
-19 38 -4 0
-2 -1 -34 0
-13 -26 38 0
-28 1 21 0
-22 16 25 0
-21 31 26 0
13 -21 15 0
-14 -39 21 0
-9 20 -24 0
-36 7 -9 0
-40 -20 25 0
13 26 -9 0
-27 -10 -9 0
31 -11 7 0
24 -5 11 0
21 -24 6 0
-17 -23 -14 0
-30 31 -27 0
-35 40 13 0
30 25 -28 0
-7 13 -37 0
21 23 -39 0
-32 31 -26 0
17 -5 21 0
6 17 -18 0
-28 17 33 0
8 15 -16 0
-30 -29 -14 0
40 -34 -17 0
-6 27 -7 0
-20 4 -31 0
15 -38 37 0
-1 29 -33 0
-11 -26 38 0
38 -25 19 0
10 -31 -23 0
24 14 22 0
32 36 16 0
-38 4 30 0
38 -3 35 0
-34 18 -29 0
