c instance by G2
c solution = 1110000100000110110100101010010101011000
c Known solution cost is 9673 
p cnf 40 50
w 467 467 188 312 315 38 317 175 499 2 155 396 350 398 297 59 71 187 132 423 57 475 151 145 337 273 41 472 18 117 198 148 77 320 463 75 400 243 115 300
-27 28 -21 0
10 12 -7 0
-40 4 -26 0
-6 28 10 0
17 -23 -21 0
-34 -31 4 0
33 -26 -32 0
-22 -15 13 0
-23 29 34 0
12 -29 4 0
-36 -28 -1 0
28 -24 -34 0
15 -8 38 0
29 -26 19 0
-9 4 12 0
22 36 33 0
35 -15 2 0
10 -19 -25 0
-30 -21 -15 0
-13 31 -26 0
-11 40 38 0
-34 39 17 0
39 10 -11 0
-32 8 31 0
-2 -14 -40 0
34 30 24 0
-38 12 -30 0
5 -22 29 0
14 -18 28 0
30 39 -36 0
20 -34 -37 0
16 19 23 0
-4 7 -14 0
-5 29 19 0
-20 18 -2 0
26 37 -18 0
-35 -2 9 0
3 16 -15 0
27 -18 33 0
-2 25 31 0
32 -3 28 0
-34 29 -28 0
21 31 -33 0
10 17 38 0
10 -39 19 0
5 -10 22 0
16 4 -13 0
1 -25 -23 0
-36 11 -12 0
-16 -23 31 0
