c instance by G2
c solution = 0000010001010001001011001010110000011110
c Known solution cost is 10876 
p cnf 40 50
w 378 288 370 457 337 160 234 60 140 6 359 392 113 499 420 189 190 230 291 431 359 42 335 118 225 474 450 435 304 151 154 470 208 200 78 176 328 115 387 323
-18 -36 22 0
40 -5 26 0
-35 5 14 0
10 3 20 0
29 4 35 0
-17 20 11 0
-29 21 -30 0
-26 5 -39 0
-2 28 15 0
7 -3 -12 0
-27 28 30 0
22 -6 9 0
-32 -34 16 0
31 -20 -16 0
-15 7 -21 0
26 17 -1 0
3 38 -12 0
24 -13 1 0
-10 -34 5 0
35 16 9 0
-3 20 -24 0
24 -25 -11 0
31 -40 2 0
-29 -33 3 0
-11 -38 20 0
39 20 -16 0
12 -19 4 0
7 36 32 0
40 11 27 0
14 -23 -30 0
25 -21 -19 0
37 13 -19 0
20 -21 29 0
-24 2 4 0
26 -8 -19 0
14 17 -11 0
-22 -19 -15 0
-31 5 -25 0
18 8 -4 0
35 18 6 0
-28 -29 32 0
28 -16 -9 0
24 23 -35 0
8 -29 -14 0
-21 -31 18 0
32 14 -18 0
19 -10 20 0
38 5 -18 0
13 -30 -7 0
-21 -29 -32 0
