c instance by G2
c solution = 0101000011011010110110000110011011100101
c Known solution cost is 9457 
p cnf 40 50
w 74 311 138 74 155 473 224 274 400 192 89 56 333 86 472 69 97 385 203 354 420 401 463 270 335 18 11 71 249 324 420 57 150 254 361 441 361 43 327 22
32 28 17 0
-27 7 -19 0
20 29 31 0
-16 1 -21 0
-15 -7 -37 0
-12 28 -14 0
-12 23 26 0
5 9 -35 0
-31 23 -11 0
-35 31 14 0
-19 16 -10 0
-6 3 -30 0
-26 -7 36 0
-29 39 -9 0
35 37 5 0
2 -9 1 0
21 7 -2 0
23 21 -26 0
-23 -20 -40 0
-10 -5 19 0
-34 1 -3 0
15 -18 -17 0
18 -38 -17 0
23 24 12 0
30 -13 32 0
-31 -25 -12 0
37 4 -18 0
36 27 -13 0
37 34 1 0
-33 5 10 0
38 -7 -4 0
20 -27 -4 0
29 -13 -24 0
-35 14 -1 0
37 -15 40 0
24 -28 -9 0
9 7 -13 0
-33 -6 -15 0
-26 -8 1 0
33 14 19 0
29 7 -22 0
14 36 13 0
16 6 -39 0
-32 -13 36 0
-13 25 38 0
8 13 1 0
-2 16 -37 0
1 -33 -32 0
12 16 18 0
37 -36 7 0
