c instance by G2
c solution = 0100010100101100110001010011111110100001
c Known solution cost is 9951 
p cnf 40 50
w 131 329 198 489 404 282 485 397 301 350 285 20 57 244 23 148 466 194 63 91 129 376 284 471 180 278 417 462 335 41 337 132 62 103 443 45 111 117 408 263
26 -8 -36 0
15 -28 2 0
1 38 22 0
29 -31 11 0
-29 -34 -18 0
15 -23 5 0
25 -12 -29 0
-35 -11 29 0
-29 -13 30 0
14 -8 37 0
-37 39 -29 0
-10 39 -31 0
16 -38 -14 0
34 18 -35 0
-25 -30 -8 0
-17 -9 -28 0
7 -1 16 0
-28 -18 -36 0
39 25 27 0
38 4 -15 0
-25 3 -13 0
28 -13 37 0
-39 25 -11 0
-16 12 -2 0
-8 -4 38 0
10 8 -14 0
-8 24 38 0
17 34 -29 0
12 -20 -18 0
-38 9 39 0
25 -8 -3 0
18 -17 -13 0
-23 37 26 0
-21 -29 -32 0
-11 -29 32 0
-40 21 -19 0
-22 -28 -15 0
3 39 14 0
-13 -17 31 0
-33 -7 9 0
-6 1 35 0
-6 15 -5 0
-14 38 11 0
-22 40 36 0
-8 33 5 0
15 -26 39 0
-1 19 -5 0
6 34 -27 0
13 5 -17 0
38 39 40 0
