c instance by G2
c solution = 1100110100011011101100011101010001000110
c Known solution cost is 10129 
p cnf 40 50
w 355 179 215 88 390 352 267 86 338 109 314 124 393 410 420 453 401 433 356 405 396 176 32 295 47 92 479 31 45 165 494 401 75 5 46 393 178 78 154 459
-12 -29 21 0
-19 -28 2 0
30 36 29 0
2 -17 4 0
31 -6 20 0
-4 -6 -34 0
36 -26 8 0
-20 -7 -8 0
33 19 -26 0
-1 31 5 0
-28 25 7 0
22 7 -21 0
-16 -24 -23 0
6 -38 2 0
-36 32 22 0
-6 32 -18 0
27 -12 15 0
-40 10 -15 0
-31 -6 -13 0
39 -8 14 0
-35 3 -31 0
-35 9 -24 0
9 4 1 0
-15 10 -33 0
-15 38 10 0
11 -30 26 0
-15 35 28 0
11 -37 23 0
-30 40 16 0
3 -22 4 0
-19 39 -18 0
35 5 -20 0
-28 27 13 0
9 -27 -5 0
-19 34 37 0
32 -27 28 0
35 -15 -27 0
-31 -9 6 0
31 24 -34 0
-2 11 -10 0
-20 29 -9 0
-11 14 -20 0
16 7 -12 0
32 -20 6 0
17 4 -16 0
18 -15 24 0
10 12 31 0
33 27 -32 0
29 23 -3 0
-14 32 -39 0
