c instance by G2
c solution = 0100011000001000001001111011110000011110
c Known solution cost is 10407 
p cnf 40 50
w 324 272 116 287 328 488 279 21 252 160 191 416 138 398 426 132 182 160 256 223 371 291 227 428 320 306 254 167 82 401 343 322 326 218 301 191 267 151 149 243
28 21 10 0
40 10 38 0
17 -2 -18 0
-23 33 7 0
-19 3 23 0
-22 -5 11 0
-20 -33 -29 0
-19 14 -26 0
10 39 1 0
-20 12 14 0
17 21 -35 0
-14 -24 -37 0
21 -33 -38 0
-38 -17 31 0
6 18 -22 0
-29 1 -34 0
-36 -31 -24 0
-7 -10 -19 0
-39 -19 -32 0
3 -15 -36 0
23 -36 -34 0
25 32 17 0
-8 18 -27 0
-38 -21 9 0
-36 -4 -37 0
38 -19 4 0
13 10 8 0
29 -27 3 0
-34 -20 16 0
-37 5 24 0
-24 39 -37 0
-12 -6 21 0
21 22 8 0
-2 37 8 0
-11 17 12 0
-5 -2 4 0
17 -25 30 0
8 25 -34 0
7 18 -38 0
15 36 26 0
-29 -1 16 0
-6 -40 10 0
-23 -31 -32 0
-28 -38 -9 0
32 18 27 0
-24 1 30 0
-27 -16 1 0
-38 10 19 0
15 -36 -3 0
21 -37 2 0
