c instance by G2
c solution = 0011001100011101111110100011011011000110
c Known solution cost is 9795 
p cnf 40 50
w 389 33 121 103 196 0 315 244 372 462 39 487 171 64 342 70 467 229 382 36 4 266 147 249 408 146 278 103 421 177 62 308 415 246 173 440 288 384 331 427
-38 -10 -31 0
22 -8 -11 0
-1 11 37 0
14 18 38 0
-7 -15 22 0
-21 -13 -35 0
-31 33 -3 0
40 1 34 0
-8 11 -9 0
14 2 -31 0
32 -18 -40 0
-28 -30 20 0
-6 -28 20 0
38 -7 -21 0
29 39 26 0
-32 -29 34 0
-34 -36 -5 0
5 -19 20 0
25 -36 26 0
3 -30 -20 0
29 22 18 0
-33 -25 32 0
-12 -21 -2 0
12 -4 35 0
17 -21 -40 0
31 -28 1 0
32 -3 -5 0
-40 -5 -20 0
-24 9 10 0
13 -12 37 0
-28 4 -31 0
-18 16 11 0
23 1 -21 0
28 -33 10 0
-38 -6 -3 0
7 -39 1 0
-26 -17 -21 0
-34 -39 8 0
-19 30 -20 0
15 -30 27 0
-32 -19 11 0
10 26 19 0
17 -34 26 0
10 -24 -16 0
-22 11 -31 0
-18 -8 -37 0
36 -1 39 0
-27 -37 -38 0
-29 -17 40 0
21 -38 36 0
