c instance by G2
c solution = 0010101000111000010001010011010110101110
c Known solution cost is 10738 
p cnf 40 50
w 189 206 358 165 306 323 406 323 109 347 123 361 296 290 232 347 493 29 133 234 474 486 149 392 490 67 44 11 172 413 266 246 369 282 261 359 434 166 43 344
-18 30 21 0
4 -32 -1 0
28 -40 -24 0
15 -5 38 0
-3 28 -39 0
4 6 -34 0
-13 -20 25 0
32 2 21 0
32 -14 -25 0
16 7 -30 0
23 19 5 0
-8 -6 36 0
29 17 12 0
6 -37 -21 0
-12 -4 17 0
3 -24 -13 0
21 -16 -1 0
2 -16 -24 0
27 -22 -18 0
-28 13 -22 0
40 -2 4 0
-35 24 17 0
-27 25 35 0
-6 19 37 0
-18 -19 -35 0
6 -22 11 0
22 -24 16 0
-31 -5 -22 0
33 16 -35 0
-23 21 1 0
-30 4 39 0
-24 -15 -28 0
-34 -40 -1 0
29 -6 1 0
4 -25 -39 0
-1 -35 -18 0
-10 4 25 0
18 24 -21 0
2 -22 18 0
-2 -40 -1 0
30 -5 15 0
-12 17 37 0
-29 -39 23 0
10 16 -26 0
-12 -17 -3 0
-39 -8 40 0
17 -36 31 0
-9 10 -5 0
-37 -12 -14 0
10 -40 -24 0
