c instance by G2
c solution = 0101010000110010101100100011111111001000
c Known solution cost is 11078 
p cnf 40 50
w 41 481 356 371 409 453 336 312 59 47 41 382 441 235 288 483 93 247 286 116 117 425 284 203 286 486 242 121 116 218 7 457 476 289 491 398 326 163 197 299
30 25 -2 0
6 40 5 0
-24 9 -14 0
15 1 10 0
23 -39 19 0
36 4 -2 0
14 -30 -36 0
1 -25 -34 0
-4 3 -9 0
10 1 -16 0
13 -26 -28 0
34 7 -29 0
22 -5 -6 0
-11 40 19 0
-2 -19 -24 0
-18 -2 37 0
37 -31 -11 0
22 8 -24 0
-22 -37 16 0
39 -31 -21 0
18 8 31 0
-36 28 -10 0
-31 21 20 0
40 28 26 0
21 5 29 0
22 26 -35 0
33 39 34 0
9 -14 -32 0
14 -29 -39 0
12 -29 8 0
-40 5 -19 0
9 -34 -8 0
-4 27 -6 0
8 -18 1 0
32 -12 7 0
-15 23 25 0
13 1 2 0
-7 16 -37 0
27 -16 11 0
26 17 -34 0
-29 18 15 0
21 -1 5 0
11 -30 -29 0
-37 -13 7 0
33 -19 7 0
-38 13 39 0
-5 -40 -9 0
-3 21 -34 0
24 -10 -34 0
32 39 -6 0
