c instance by G2
c solution = 0101010110110101000000000111100011101101
c Known solution cost is 10355 
p cnf 40 50
w 164 473 315 385 312 415 70 205 453 276 437 366 376 161 119 164 443 323 408 257 165 245 34 71 443 153 273 86 14 21 213 405 249 94 325 387 163 345 430 117
19 34 7 0
-38 -1 -28 0
6 -37 -8 0
10 1 14 0
5 27 -35 0
7 16 -9 0
21 -37 -15 0
-13 36 22 0
-10 -35 32 0
11 -33 6 0
26 -8 -9 0
-26 35 36 0
-23 -37 13 0
-1 19 -27 0
-27 -35 -17 0
37 -6 5 0
-31 -34 -14 0
-39 -26 1 0
31 32 38 0
-4 -7 34 0
-30 -4 39 0
-38 30 -20 0
4 -27 -28 0
-8 -14 40 0
-34 -28 11 0
-25 -9 12 0
-35 33 1 0
-11 9 -35 0
-25 -33 -26 0
2 -33 15 0
15 30 -36 0
-7 9 2 0
-29 -21 -28 0
20 12 -4 0
38 22 -1 0
-33 -8 -7 0
-3 -2 39 0
27 -8 13 0
-32 -26 1 0
9 -30 -3 0
-28 -14 8 0
-22 -40 -37 0
-16 -11 -18 0
-9 28 13 0
23 -22 33 0
-4 -6 -19 0
20 -5 21 0
-33 29 -2 0
-24 -29 -26 0
15 -33 26 0
