c instance by G2
c solution = 0111000000110001001101101100101100111001
c Known solution cost is 10823 
p cnf 40 50
w 179 72 450 429 405 429 479 16 487 455 156 382 362 332 343 362 250 257 167 490 121 214 43 35 5 203 487 148 408 406 238 74 490 284 162 54 183 283 429 54
24 -2 -17 0
24 29 -22 0
7 -18 -20 0
-4 -34 -11 0
-5 -11 -20 0
-40 -4 -1 0
39 40 -16 0
-27 15 -25 0
-29 26 -12 0
34 31 -35 0
-3 -15 34 0
-37 -28 21 0
1 -21 7 0
-38 13 10 0
-31 3 33 0
14 15 -24 0
-4 -13 -31 0
19 -25 5 0
35 -6 -8 0
40 27 -13 0
37 -20 13 0
-3 4 -29 0
-8 -2 7 0
-6 -12 -18 0
5 -16 -10 0
-29 22 -35 0
16 33 5 0
2 -12 1 0
20 6 21 0
-23 -9 -36 0
38 -5 -10 0
-39 1 21 0
-7 1 18 0
35 -40 14 0
-4 -32 -14 0
-26 -25 -30 0
-22 -33 9 0
4 -17 40 0
8 -6 34 0
-29 34 25 0
25 -1 -3 0
11 6 -2 0
35 -29 -40 0
-19 -1 -9 0
-31 30 23 0
-39 -32 28 0
12 -37 28 0
8 36 -20 0
32 -29 -3 0
-36 -23 -13 0
