c instance by G2
c solution = 1001010000001101011101010100111111101010
c Known solution cost is 11138 
p cnf 40 50
w 205 267 130 310 297 45 481 391 132 280 183 261 320 494 171 389 402 332 284 340 252 115 160 280 423 175 362 167 444 438 276 301 294 201 295 127 451 257 46 360
-13 -40 -34 0
-7 -30 36 0
3 -33 19 0
29 -14 -37 0
-36 -35 -29 0
17 -34 20 0
-32 26 27 0
-24 26 36 0
-24 -6 30 0
5 -8 -37 0
5 -3 2 0
-39 25 -3 0
36 -2 -31 0
-11 32 20 0
-30 -34 1 0
-9 -26 21 0
-16 -38 -19 0
6 -35 -30 0
23 19 -25 0
3 32 25 0
-22 2 -27 0
-31 -10 2 0
-39 -5 21 0
-28 3 -31 0
39 5 27 0
39 23 3 0
13 10 -39 0
-11 -35 -32 0
-30 35 -17 0
15 34 -33 0
-33 -34 -27 0
-18 27 31 0
35 -33 -22 0
-37 25 14 0
-26 18 -20 0
-3 -37 -26 0
-17 11 6 0
-17 -1 -32 0
16 3 -39 0
37 -32 -4 0
-12 27 -6 0
-34 24 -6 0
38 21 4 0
5 -15 27 0
-4 -31 -25 0
33 -30 -37 0
15 -4 22 0
-33 21 16 0
-21 27 23 0
-20 -23 -33 0
