c instance by G2
c solution = 0100000011000100100110011001011010000100
c Known solution cost is 9231 
p cnf 40 50
w 134 137 437 261 187 242 18 23 457 423 363 47 47 203 162 60 118 80 371 313 244 13 484 244 68 410 387 485 353 322 63 82 364 378 1 186 326 49 223 466
-14 16 -36 0
-27 -38 29 0
-4 40 11 0
35 17 -38 0
-36 19 -26 0
-25 16 -34 0
-40 19 -30 0
10 4 -24 0
7 -23 18 0
28 13 29 0
16 7 -26 0
23 24 5 0
-1 -20 3 0
30 8 4 0
-7 29 1 0
-10 31 -17 0
8 -33 30 0
8 -11 -20 0
5 9 27 0
-28 34 25 0
35 5 -18 0
-14 -37 6 0
-15 9 19 0
-13 26 19 0
21 -25 -9 0
25 18 21 0
22 33 -25 0
18 -19 39 0
-38 -29 -9 0
-28 1 14 0
-37 -23 20 0
-3 -24 36 0
-17 -31 2 0
32 -6 40 0
-1 -35 -12 0
-27 -35 -17 0
27 11 -12 0
2 -1 11 0
29 8 -22 0
-17 8 -5 0
12 -15 34 0
-22 -11 1 0
-19 -18 28 0
-16 40 18 0
-24 1 -35 0
1 -9 -32 0
-33 38 39 0
36 -8 40 0
20 32 -24 0
22 26 -39 0
