c instance by G2
c solution = 0101110001101010110111110110101110011
c Known solution cost is 7793 
p cnf 37 50
w 406 108 53 330 105 197 494 413 23 69 73 416 198 63 231 260 181 491 52 276 19 24 248 177 143 313 3 8 143 472 118 208 412 485 479 36 66
33 -11 1 0
-22 15 14 0
7 16 -9 0
29 28 -5 0
-17 25 -12 0
-28 2 25 0
-26 -2 29 0
34 -19 -21 0
-6 -35 -37 0
-15 -22 23 0
8 -4 -14 0
-25 -32 -29 0
19 14 27 0
16 -34 -13 0
3 -7 -15 0
30 15 -10 0
-35 9 -4 0
3 24 9 0
9 28 -1 0
-37 6 1 0
-17 -30 8 0
27 34 -3 0
26 -21 25 0
15 -31 -35 0
14 27 -29 0
-20 18 -24 0
-8 16 7 0
5 -37 -15 0
17 36 19 0
-4 13 -21 0
-31 -29 10 0
-27 7 -16 0
20 30 7 0
22 -20 -23 0
-15 -23 32 0
35 36 28 0
-25 7 -2 0
-5 2 -20 0
-20 17 35 0
-18 4 -20 0
-10 13 37 0
-36 -4 11 0
-22 21 -14 0
-4 31 30 0
-18 37 -33 0
22 34 -36 0
20 3 -5 0
-3 -36 34 0
21 7 -23 0
-27 -28 -4 0
