c instance by G2
c solution = 0010001110101010000010001100000111000
c Known solution cost is 10138 
p cnf 37 50
w 499 256 405 320 86 135 109 412 462 21 83 142 414 28 145 487 136 224 451 137 52 278 334 429 32 493 227 406 224 352 279 370 366 60 444 398 442
36 -27 -7 0
18 -22 14 0
36 -34 21 0
2 -27 -30 0
25 -13 -21 0
-12 -9 20 0
-33 -1 30 0
22 13 -29 0
30 22 -28 0
16 -12 -3 0
34 -13 -32 0
30 -26 -22 0
-28 -16 26 0
10 -3 -23 0
11 -14 20 0
-19 -28 13 0
33 6 -26 0
-20 -15 35 0
-17 -15 -3 0
-33 -30 -3 0
-29 20 -19 0
-29 18 -33 0
15 14 -29 0
23 -34 -35 0
-9 1 13 0
-37 -11 -32 0
29 -10 36 0
-33 -16 4 0
7 1 14 0
-21 9 -26 0
11 31 -9 0
-36 19 17 0
-5 4 36 0
-32 1 -19 0
-37 5 -11 0
8 -33 36 0
35 29 -18 0
4 37 32 0
37 6 -14 0
34 -32 -6 0
31 23 -5 0
-4 18 2 0
26 24 35 0
14 -31 12 0
-6 16 -8 0
-26 -24 30 0
-33 3 22 0
35 -11 -23 0
15 -26 24 0
24 20 -2 0
