c instance by G2
c solution = 1011101000001101011010110111100100011
c Known solution cost is 9725 
p cnf 37 50
w 447 78 367 326 258 61 410 65 139 113 321 491 452 405 272 145 391 442 197 386 194 176 369 308 137 393 458 481 178 307 269 171 124 72 120 99 103
31 -34 -13 0
-3 -1 5 0
29 -1 25 0
-30 24 -37 0
-16 -10 -31 0
-12 -36 30 0
9 30 -35 0
6 -15 -27 0
21 13 -19 0
-1 30 4 0
5 28 25 0
-29 25 37 0
9 14 -5 0
28 -32 -1 0
23 25 22 0
35 16 -26 0
-5 3 -11 0
-18 10 28 0
-25 11 12 0
26 20 11 0
11 -31 10 0
7 31 -36 0
-11 17 30 0
-32 -3 -9 0
-7 -16 37 0
-26 5 32 0
-27 -18 3 0
14 26 -4 0
11 28 -13 0
-36 21 -14 0
17 11 18 0
-33 25 -7 0
15 -10 9 0
32 27 25 0
-22 -14 30 0
9 -3 -6 0
2 35 13 0
-18 -8 -7 0
-26 -14 32 0
34 -5 -17 0
-11 -21 20 0
27 17 6 0
-14 -19 24 0
22 1 15 0
-19 36 2 0
-20 -5 30 0
-30 31 2 0
-13 -2 33 0
12 13 -2 0
-26 2 19 0
