c instance by G2
c solution = 1000110100010110001110011111100001110
c Known solution cost is 9245 
p cnf 37 50
w 462 321 441 336 306 122 220 496 134 38 19 422 297 310 418 144 432 480 159 75 63 52 271 294 125 333 24 158 42 136 231 376 413 322 181 186 406
3 -25 -37 0
-35 -12 34 0
-6 1 16 0
11 21 37 0
5 -20 11 0
1 14 21 0
-24 -4 -15 0
-1 -15 14 0
4 -9 -36 0
4 -31 22 0
9 4 28 0
30 17 24 0
19 11 -34 0
-7 -5 10 0
26 9 37 0
15 9 -25 0
-4 -9 -22 0
32 27 -15 0
7 1 -30 0
-23 31 -18 0
-17 13 -20 0
7 -22 -27 0
6 -13 -4 0
-28 7 -30 0
25 -6 11 0
23 24 -33 0
31 -7 -29 0
-5 -3 -26 0
23 -11 30 0
29 30 -8 0
23 -33 -1 0
-16 -21 -27 0
16 36 32 0
12 22 -21 0
-36 8 -27 0
9 35 -25 0
-2 -28 10 0
13 -12 -33 0
5 -32 1 0
-27 9 20 0
-21 -18 11 0
14 -1 -26 0
-1 -19 -23 0
-16 7 -12 0
-12 17 -10 0
1 9 -26 0
23 -24 6 0
-10 -12 14 0
-32 -36 9 0
-13 37 -25 0
