c instance by G2
c solution = 1011111011110001010101100010111110011
c Known solution cost is 8814 
p cnf 37 50
w 197 128 412 275 333 154 15 26 189 86 212 480 271 51 278 239 486 185 305 445 314 306 147 417 250 358 63 255 239 366 151 294 389 241 86 156 15
-25 -32 24 0
24 -4 23 0
34 8 -14 0
25 -24 -33 0
-20 -10 -21 0
-29 28 36 0
-23 -28 -3 0
17 34 29 0
26 5 35 0
2 19 30 0
2 -20 -34 0
24 -37 10 0
-16 -2 -8 0
-1 -37 18 0
24 -26 28 0
-3 32 -9 0
-19 -22 15 0
-16 -35 -23 0
-32 21 1 0
21 -35 -1 0
15 -13 -4 0
28 -30 36 0
-12 11 34 0
28 9 -16 0
5 3 -11 0
7 25 -31 0
-2 -13 36 0
-18 3 -16 0
11 19 -10 0
-32 27 17 0
25 24 7 0
-20 35 12 0
-37 6 -10 0
22 -36 -1 0
-9 26 4 0
-9 28 20 0
-16 31 -4 0
-30 5 -3 0
-7 -8 2 0
28 -22 37 0
17 34 -24 0
28 14 -17 0
-30 16 17 0
-22 -21 19 0
2 7 -3 0
-2 -30 -5 0
13 -36 33 0
3 -5 -12 0
33 15 -12 0
24 -27 -15 0
