c instance by G2
c solution = 0110000000010110110110101010111010111
c Known solution cost is 8874 
p cnf 37 50
w 198 15 92 354 420 379 228 295 49 261 411 32 102 184 221 397 111 269 211 408 65 341 422 205 232 172 137 361 216 304 497 290 412 57 166 285 75
26 31 37 0
14 21 -26 0
16 19 35 0
28 -36 37 0
-14 9 -7 0
-3 -32 -31 0
-18 -29 -24 0
24 -5 -37 0
-3 -20 30 0
17 -30 -21 0
-34 -14 4 0
-36 -16 -29 0
-22 24 -2 0
-16 -36 -27 0
-29 25 -37 0
-9 16 28 0
34 -20 -13 0
6 -3 -34 0
36 -6 -21 0
-2 15 -25 0
-23 -1 -14 0
-26 6 -33 0
-30 17 20 0
6 14 19 0
-23 -19 24 0
-20 -37 18 0
-20 21 -2 0
34 36 -14 0
3 -18 10 0
8 -5 35 0
1 31 -17 0
7 16 18 0
13 22 2 0
-36 -21 20 0
27 6 37 0
-4 12 -19 0
-18 -30 -28 0
-3 6 -11 0
23 -31 10 0
-21 37 29 0
27 18 21 0
-25 -31 -8 0
12 22 7 0
27 -35 6 0
6 33 -21 0
26 -6 19 0
-35 24 15 0
16 6 -10 0
16 10 29 0
-15 -30 -4 0
