c instance by G2
c solution = 0110101100001011110101110110001101111
c Known solution cost is 10520 
p cnf 37 50
w 428 292 380 398 494 247 180 201 325 9 414 55 170 251 369 136 316 81 406 360 227 144 141 451 196 249 351 365 429 270 391 446 364 2 72 421 489
9 1 -11 0
29 -8 7 0
-24 21 32 0
-32 28 -21 0
9 -21 28 0
-31 25 13 0
-3 22 9 0
5 -16 -18 0
36 -5 11 0
-25 -15 -16 0
-3 2 33 0
-5 24 -34 0
24 14 -12 0
-18 3 24 0
-30 6 21 0
19 37 -27 0
27 10 -31 0
-31 -22 26 0
-31 -13 15 0
-18 3 24 0
11 -5 2 0
17 -32 -3 0
-29 -19 -13 0
-10 -3 12 0
-2 -9 -27 0
10 21 -6 0
-9 20 -26 0
4 -10 -24 0
-12 -24 -2 0
25 -30 14 0
-15 3 -32 0
-2 37 -7 0
-24 9 35 0
-26 25 -1 0
-29 14 -5 0
-32 8 -18 0
-22 18 -3 0
-18 -4 -35 0
-33 -15 -36 0
-14 9 21 0
3 16 -24 0
-7 -16 -28 0
4 25 20 0
-20 -23 -19 0
-7 16 29 0
-2 36 30 0
34 11 -15 0
31 -3 6 0
-6 -14 -15 0
-35 23 -32 0
