c instance by G2
c solution = 1110000001000101010001100101111100101
c Known solution cost is 8868 
p cnf 37 50
w 151 369 467 91 189 353 94 30 469 308 128 17 308 105 231 200 377 358 465 333 468 405 238 281 358 295 174 144 199 8 18 175 16 236 414 278 118
19 1 6 0
28 -24 6 0
15 18 24 0
-35 -24 33 0
7 -17 -16 0
-2 -12 -16 0
-13 7 15 0
26 -28 7 0
20 -1 35 0
-26 -10 37 0
7 -3 -6 0
12 11 -4 0
33 -23 37 0
-19 -26 -1 0
-12 -26 -36 0
-9 -26 -1 0
25 -33 16 0
-14 -22 -11 0
-23 22 17 0
-27 -18 19 0
5 12 -15 0
-20 15 -30 0
-8 7 15 0
4 19 -21 0
21 -22 2 0
26 19 -31 0
-10 -23 -25 0
-14 16 13 0
-33 -26 36 0
6 28 -29 0
7 25 14 0
-15 -28 8 0
27 21 10 0
29 11 -18 0
3 -31 9 0
-37 -5 14 0
-28 30 15 0
-9 -11 24 0
31 -7 -29 0
-16 -11 -5 0
-18 -36 7 0
-4 -16 -9 0
-18 14 13 0
-37 32 19 0
23 11 -18 0
16 6 -29 0
-32 15 31 0
-34 8 -22 0
5 -29 -7 0
-5 -29 15 0
