c instance by G2
c solution = 1001000001100101000101001101101000010
c Known solution cost is 8291 
p cnf 37 50
w 347 393 218 363 388 144 23 422 261 98 319 305 2 211 23 89 125 357 0 300 193 7 367 74 130 180 252 93 430 423 38 415 91 274 375 202 359
10 -14 3 0
23 36 32 0
-1 -28 -9 0
22 -17 16 0
-30 7 -26 0
19 14 -31 0
-11 37 -34 0
-25 4 -1 0
-14 24 25 0
28 -6 32 0
-28 -27 19 0
-25 -26 -30 0
37 21 -7 0
1 -16 -20 0
-25 1 -11 0
-29 -10 -3 0
-35 5 -14 0
-32 6 -16 0
13 -21 -1 0
-18 27 -11 0
-26 22 27 0
17 28 -1 0
11 19 12 0
37 -13 23 0
-4 -22 -23 0
26 2 32 0
-25 26 -10 0
15 17 29 0
31 37 -29 0
-2 28 17 0
-26 -21 6 0
-11 -37 -26 0
-2 24 -6 0
-14 20 23 0
7 -5 32 0
-2 -36 37 0
-22 -8 -20 0
-33 12 -22 0
-11 -19 24 0
5 -17 35 0
31 29 -9 0
23 -29 -6 0
-11 -30 -4 0
19 -15 23 0
-4 -11 16 0
-36 37 -24 0
-21 -11 -5 0
-4 -25 -34 0
30 35 36 0
23 8 -12 0
