c instance by G2
c solution = 1011010011111111011000111111011000010
c Known solution cost is 9117 
p cnf 37 50
w 191 301 424 75 262 101 253 300 294 329 3 32 403 279 182 71 212 486 64 241 352 481 126 358 183 399 37 319 383 71 193 11 281 457 420 369 174
-20 9 10 0
33 32 -21 0
5 9 -25 0
33 26 21 0
-23 28 -10 0
35 -22 34 0
-30 -27 -20 0
7 -20 10 0
-7 -28 -19 0
-36 24 29 0
32 -27 14 0
-5 8 -6 0
-8 -4 21 0
-32 2 16 0
-34 7 37 0
22 4 2 0
16 17 -19 0
-28 -12 13 0
-32 -36 -11 0
6 -25 35 0
-36 -17 -19 0
-11 24 5 0
-17 -18 -27 0
15 -9 20 0
-30 -29 17 0
5 -3 12 0
-6 -13 14 0
3 4 -33 0
25 -24 -30 0
33 26 17 0
-37 26 14 0
10 35 -24 0
-24 11 2 0
30 -25 -18 0
14 24 23 0
-14 27 -19 0
2 -33 7 0
-37 -32 6 0
23 14 13 0
19 20 -3 0
17 18 32 0
31 -23 35 0
29 -16 36 0
21 -35 2 0
-18 -2 33 0
4 35 33 0
23 -4 -30 0
1 -24 -28 0
34 3 -30 0
-23 7 -37 0
