c instance by G2
c solution = 1111101100111100000000001000100101110
c Known solution cost is 9061 
p cnf 37 50
w 459 104 467 242 281 110 272 181 227 120 259 478 364 93 408 149 164 200 169 205 102 490 69 294 348 339 127 131 484 405 320 296 187 180 209 125 3
-34 5 6 0
-32 -29 36 0
2 15 34 0
-3 -24 33 0
-17 -2 -25 0
29 21 -25 0
-10 26 -13 0
-1 -5 -27 0
16 28 -9 0
-26 6 -14 0
-29 34 16 0
-28 36 -23 0
-32 -29 -30 0
23 4 -14 0
10 -37 28 0
-3 11 15 0
36 -25 -19 0
31 -11 -33 0
-30 -4 27 0
25 16 19 0
16 32 15 0
33 -7 -20 0
28 13 9 0
16 -22 -14 0
-18 9 23 0
-21 -4 9 0
-7 27 -23 0
-25 8 18 0
20 14 -1 0
-16 29 -13 0
-13 3 -29 0
11 27 -23 0
-3 -20 6 0
-15 16 32 0
24 -28 27 0
1 -25 -32 0
16 8 -36 0
21 -28 -30 0
18 6 7 0
-20 28 10 0
-31 20 21 0
-1 -37 -24 0
18 -15 26 0
8 30 16 0
26 2 -36 0
-1 31 -19 0
-6 -14 10 0
-16 20 -12 0
15 17 12 0
35 -12 6 0
