c instance by G2
c solution = 1111011011001010001101001010111101000
c Known solution cost is 8702 
p cnf 37 50
w 307 234 288 83 60 46 52 372 353 52 85 184 185 325 220 106 319 441 33 381 424 190 78 172 134 350 129 409 241 120 381 41 289 497 411 285 425
28 -31 -12 0
23 -14 -27 0
-10 13 -7 0
13 -9 34 0
23 6 12 0
-12 -19 18 0
-15 3 -20 0
-21 -19 -9 0
-2 -37 -36 0
-32 31 15 0
17 31 14 0
2 -30 24 0
34 11 -22 0
6 -30 -29 0
-31 7 -29 0
29 18 5 0
-27 9 5 0
36 -11 -4 0
-12 -8 5 0
-11 -16 6 0
5 -27 19 0
-20 -5 -19 0
-27 -33 -15 0
10 21 35 0
-36 28 -13 0
-13 -2 27 0
15 -29 36 0
4 -13 16 0
-18 23 -4 0
-9 -13 32 0
-6 -25 13 0
-37 23 14 0
7 33 -27 0
37 -29 20 0
-27 -2 1 0
-19 -32 -24 0
35 15 -26 0
37 -28 35 0
-22 -1 -35 0
-36 -7 25 0
-2 24 34 0
-1 -4 30 0
-29 28 22 0
-8 -20 -30 0
-15 25 -27 0
-26 33 35 0
18 -23 24 0
-16 -27 -30 0
26 11 -17 0
17 22 7 0
