c instance by G2
c solution = 1101010100011100101010110000001111011
c Known solution cost is 10719 
p cnf 37 50
w 338 480 497 320 102 166 440 64 285 418 434 406 84 178 499 233 299 181 383 117 420 405 5 440 264 373 173 168 317 119 191 301 242 366 302 353 356
32 -1 26 0
6 27 -36 0
34 16 -36 0
26 7 -9 0
25 31 -13 0
-3 -17 -19 0
27 -4 6 0
5 -34 -10 0
-23 -18 -33 0
29 -4 -20 0
-37 -35 -24 0
5 -35 -37 0
-1 -11 25 0
8 -13 27 0
-32 -23 -10 0
-36 23 -12 0
21 -8 -36 0
10 -34 1 0
-29 -31 -14 0
10 -5 30 0
-30 28 22 0
9 -14 33 0
13 -6 -2 0
18 -1 13 0
-6 4 -24 0
-37 5 36 0
25 -14 -10 0
-32 -15 -4 0
-23 -2 34 0
-19 17 -37 0
5 29 -22 0
-4 37 -21 0
27 -25 -31 0
-15 24 19 0
-4 -37 24 0
-17 -16 10 0
12 10 18 0
19 11 -24 0
-27 -31 -34 0
2 -37 25 0
-33 20 -7 0
-36 35 32 0
-10 -24 14 0
20 12 15 0
-28 -23 -24 0
12 -4 -33 0
-23 -22 -19 0
24 -32 27 0
-4 -26 18 0
-33 14 -8 0
