c instance by G2
c solution = 1110111110101110110100101010101000010
c Known solution cost is 10132 
p cnf 37 50
w 260 460 197 243 270 344 169 162 480 444 168 111 467 180 30 165 23 478 380 305 80 7 433 464 269 424 191 432 48 400 151 345 172 430 137 468 345
11 32 35 0
37 -6 27 0
25 -17 -36 0
6 20 19 0
-25 4 -22 0
-31 -21 37 0
-34 -17 24 0
19 7 -9 0
-18 5 -8 0
20 -8 16 0
-31 -29 -30 0
-4 -7 -5 0
35 21 2 0
-16 26 -9 0
-23 -26 37 0
15 17 -3 0
8 -25 -3 0
1 -6 -8 0
-12 20 -18 0
-18 31 -13 0
-29 22 14 0
-7 -31 -28 0
-1 12 -24 0
11 18 -29 0
11 8 31 0
-11 -25 29 0
6 -32 -18 0
-22 25 -29 0
23 -17 12 0
-36 9 32 0
-10 35 -3 0
-33 -1 -25 0
-11 -19 -20 0
-25 24 8 0
-27 12 3 0
-2 17 -20 0
35 -37 -1 0
18 26 -23 0
-12 -13 -3 0
-8 14 -37 0
32 2 -25 0
15 35 -17 0
-12 -9 -19 0
6 -18 24 0
30 -7 -35 0
27 22 -9 0
-22 -15 23 0
28 -32 -2 0
36 10 -5 0
-9 -14 13 0
