c instance by G2
c solution = 1010110101001010100111010100010000010
c Known solution cost is 8589 
p cnf 37 50
w 49 169 183 197 87 79 463 290 397 478 394 196 36 416 2 11 198 79 100 136 8 31 249 322 242 261 432 408 126 473 238 151 447 274 182 312 473
-33 -16 -34 0
-21 -37 -26 0
-28 -30 -12 0
29 2 -32 0
-13 7 3 0
37 32 22 0
27 -19 29 0
36 37 -8 0
-6 32 30 0
-30 36 -4 0
-34 -21 4 0
-10 -6 -35 0
-30 -33 -24 0
-7 -5 18 0
35 15 4 0
11 1 32 0
-18 19 -15 0
-5 -23 -26 0
-30 -2 16 0
-28 -16 13 0
-26 29 24 0
-19 -35 34 0
16 -27 -10 0
-8 -28 -22 0
-29 -36 -13 0
-21 33 26 0
26 18 9 0
32 -7 22 0
16 20 -24 0
-24 -26 -31 0
33 5 -9 0
29 17 11 0
4 33 -14 0
23 2 21 0
13 32 -6 0
15 30 -8 0
-16 37 -20 0
-37 2 10 0
33 5 31 0
29 11 -9 0
6 -3 32 0
16 34 -11 0
34 27 8 0
-16 28 -32 0
16 -4 -3 0
-21 -5 -12 0
26 -14 24 0
-13 10 -8 0
-20 -12 -9 0
-1 33 -25 0
