c instance by G2
c solution = 10100001101010001010111110010110100
c Known solution cost is 9913 
p cnf 35 50
w 9 407 151 499 255 397 322 481 390 137 370 153 299 454 419 174 383 459 388 458 312 356 44 450 8 497 53 210 121 114 284 277 95 143 344
-12 4 15 0
-28 -8 9 0
17 -30 14 0
4 -15 -6 0
32 11 -8 0
33 12 -18 0
28 6 -4 0
19 15 -10 0
29 -22 17 0
30 -11 10 0
8 -29 7 0
-16 27 32 0
-21 -16 -2 0
-10 17 -23 0
-24 32 -26 0
34 -27 15 0
-3 1 20 0
-30 -20 -25 0
19 20 -23 0
25 4 20 0
-30 -3 28 0
-34 -1 -22 0
23 34 -28 0
13 29 -19 0
-30 -35 34 0
-9 -2 12 0
-9 27 -18 0
12 -4 15 0
32 23 35 0
-28 -9 -14 0
20 -11 21 0
4 15 -7 0
34 -17 31 0
-28 2 -15 0
-22 -17 -7 0
34 -29 -25 0
5 24 29 0
-5 29 6 0
-32 -8 -24 0
-6 29 -33 0
-20 -13 35 0
5 -27 32 0
-1 8 35 0
33 -31 18 0
20 -6 -13 0
-10 -8 12 0
3 20 35 0
5 7 -6 0
22 -17 -25 0
-34 10 18 0
