c instance by G2
c solution = 11000000101011101001011111100001011
c Known solution cost is 7341 
p cnf 35 50
w 56 368 201 19 205 393 276 324 388 101 202 3 177 63 474 129 198 144 144 108 397 152 157 198 104 316 232 268 28 333 219 120 485 300 59
-16 10 -25 0
-10 33 -19 0
9 30 3 0
-30 29 4 0
14 -23 10 0
-31 -23 -14 0
24 31 -18 0
-33 -32 12 0
5 29 24 0
16 -11 25 0
8 22 -2 0
29 -6 -34 0
10 -28 3 0
-1 11 30 0
-17 13 6 0
15 34 27 0
-34 -16 4 0
1 -27 -22 0
12 -9 -29 0
-15 17 5 0
-9 -19 29 0
-15 -20 -18 0
-3 -25 -27 0
-4 10 12 0
-34 -13 32 0
-27 -2 23 0
8 -27 32 0
28 6 26 0
13 9 -12 0
10 4 15 0
9 26 11 0
-34 -8 -24 0
-8 10 -27 0
21 16 11 0
-10 5 -24 0
7 -20 34 0
-15 -1 -5 0
-7 -1 -24 0
35 -1 -13 0
14 24 -35 0
-12 -14 18 0
27 8 28 0
14 -34 -15 0
33 8 2 0
-26 -3 35 0
-32 -21 5 0
10 -26 -31 0
20 8 -14 0
-6 -26 -25 0
-8 -19 -14 0
