c instance by G2
c solution = 10011111010011100011010010111100111
c Known solution cost is 9687 
p cnf 35 50
w 434 188 152 398 87 476 54 130 368 328 243 237 303 63 428 406 368 18 270 421 476 225 88 330 145 329 53 93 305 183 367 496 370 486 369
21 -25 6 0
34 -14 -35 0
11 27 26 0
-16 -2 11 0
22 20 -17 0
-6 -34 -24 0
16 -19 14 0
-7 -23 -20 0
-18 3 26 0
3 30 15 0
-23 -30 10 0
-26 -27 31 0
-7 -2 3 0
18 10 -8 0
-20 35 27 0
-13 -7 19 0
-17 32 -26 0
-14 -32 9 0
-13 23 34 0
5 17 -10 0
-20 26 22 0
-21 -27 -11 0
-10 -24 -8 0
-4 -11 18 0
13 4 -16 0
8 31 -28 0
-33 17 -12 0
-19 -27 1 0
31 24 13 0
-21 30 25 0
-35 30 31 0
-8 21 -16 0
33 23 11 0
-18 -21 -15 0
-10 35 -22 0
4 -29 16 0
-29 25 17 0
22 -26 -9 0
-17 -15 11 0
4 -31 -21 0
18 -21 -4 0
18 -5 -3 0
-34 20 -15 0
-22 15 11 0
-31 16 24 0
-25 28 17 0
7 -19 -8 0
-20 29 18 0
-15 -8 -11 0
11 -9 -5 0
