c instance by G2
c solution = 11111010110001011001010001010100001
c Known solution cost is 7368 
p cnf 35 50
w 25 495 108 134 333 207 176 332 61 43 22 396 198 310 412 8 102 367 248 44 268 488 301 270 3 61 236 307 414 262 4 142 407 97 87
-7 8 28 0
-35 -4 -32 0
-9 -12 6 0
2 -1 -5 0
-7 30 -26 0
14 28 15 0
-35 -18 -7 0
17 -14 -2 0
16 17 26 0
14 8 -35 0
-6 25 13 0
29 -24 15 0
-26 -14 -31 0
-7 -14 1 0
-3 -20 -33 0
13 31 -18 0
3 25 -17 0
16 8 -17 0
-3 8 4 0
-4 -24 -17 0
13 -17 9 0
17 -1 31 0
32 -1 -18 0
26 28 -23 0
20 11 -25 0
-22 -27 12 0
-33 5 16 0
7 34 29 0
27 31 5 0
-28 -11 -10 0
8 -3 -34 0
-30 24 -29 0
22 -16 27 0
5 31 20 0
-5 14 27 0
12 22 -8 0
-20 -15 12 0
-33 8 20 0
33 -23 -7 0
-18 -10 -26 0
20 24 -4 0
23 13 10 0
35 27 -7 0
-8 -4 -22 0
26 33 -2 0
-25 -26 -10 0
31 -20 -21 0
21 19 -13 0
-19 -4 31 0
9 27 6 0
