c instance by G2
c solution = 00110000001111000101011111101000010
c Known solution cost is 7482 
p cnf 35 50
w 46 423 110 429 169 357 379 182 220 59 168 149 4 238 211 177 328 82 364 383 434 395 469 106 14 445 123 7 35 32 222 124 88 444 66
35 -27 20 0
-1 10 4 0
9 -16 -3 0
1 24 -26 0
-23 19 -21 0
-18 -14 -15 0
-4 22 1 0
25 -24 -22 0
-35 -20 9 0
-32 35 27 0
2 11 -34 0
-7 -11 10 0
-13 29 -23 0
-31 23 22 0
35 13 34 0
-7 30 -4 0
-22 28 26 0
-3 9 27 0
14 -23 -26 0
-25 4 -12 0
-19 17 -34 0
-34 -5 -20 0
-2 -27 14 0
28 21 23 0
-32 -3 -25 0
6 -11 -2 0
-13 -29 -8 0
-31 -7 5 0
1 -4 12 0
-33 -26 17 0
2 1 29 0
-23 -16 10 0
-18 34 -8 0
-33 -6 -35 0
-30 -29 8 0
-17 5 -26 0
-18 -1 -25 0
-27 -11 23 0
3 -5 19 0
17 -22 -1 0
-26 17 13 0
19 18 15 0
-28 -11 16 0
19 35 -6 0
33 1 -10 0
-31 7 10 0
-9 -22 35 0
-27 -8 -10 0
3 10 -4 0
9 6 34 0
