c instance by G2
c solution = 10000111001110110101100011010100000
c Known solution cost is 9317 
p cnf 35 50
w 498 421 195 203 449 89 449 362 346 230 421 306 484 62 341 382 99 25 73 49 200 360 95 327 131 203 364 491 497 76 292 126 479 136 56
-7 16 18 0
-10 33 2 0
7 -26 25 0
25 -28 14 0
-30 -17 -13 0
-29 -8 -18 0
-20 -7 8 0
-18 2 15 0
-16 22 -33 0
17 16 -21 0
-20 6 14 0
-8 -14 -12 0
9 -31 32 0
15 -20 -13 0
-17 35 -21 0
-6 -19 -25 0
19 34 -27 0
14 -29 -34 0
28 -8 11 0
19 -22 -17 0
35 -2 -28 0
32 30 -8 0
-32 -27 -25 0
29 -9 -13 0
-13 -1 15 0
-35 -1 5 0
-11 7 -12 0
12 -28 -18 0
-24 -15 34 0
29 2 26 0
34 -32 -29 0
-7 -32 -8 0
-30 34 20 0
14 19 21 0
22 -6 12 0
32 -27 -31 0
-18 -1 11 0
-34 35 29 0
-21 -15 -5 0
-3 -20 -7 0
13 -11 -20 0
5 9 1 0
18 -8 9 0
30 31 16 0
8 -26 21 0
17 -23 -8 0
24 -8 -22 0
27 10 28 0
-33 -31 27 0
-4 -1 -28 0
