c instance by G2
c solution = 00110010110000001010001011101000011
c Known solution cost is 9388 
p cnf 35 50
w 192 480 69 420 346 33 370 468 156 402 182 304 63 432 312 392 337 96 95 254 489 275 28 131 102 475 38 276 378 242 334 436 478 297 6
-27 28 34 0
7 -27 -4 0
-19 17 23 0
-20 -5 25 0
-18 -25 -29 0
15 27 -10 0
-11 24 -29 0
-9 -1 -26 0
-10 12 35 0
-35 -34 17 0
-30 -3 32 0
-31 6 32 0
-23 -12 6 0
4 14 26 0
-14 -25 31 0
14 4 30 0
-33 2 30 0
-2 24 1 0
-35 30 29 0
22 -13 -34 0
11 5 19 0
2 -33 -25 0
17 -22 14 0
-6 14 -26 0
28 23 14 0
10 -21 33 0
2 -16 -21 0
32 11 25 0
2 5 -15 0
20 -5 11 0
-17 15 3 0
-15 -20 -23 0
21 -14 30 0
-28 8 33 0
-20 -14 -19 0
-16 11 20 0
5 -32 18 0
-27 -8 12 0
9 11 -23 0
-21 -23 18 0
-25 15 26 0
5 -22 -34 0
-33 -1 -30 0
-17 -23 -14 0
-24 -21 25 0
-20 11 5 0
13 11 10 0
33 -13 -25 0
24 32 9 0
30 -25 -24 0
