c instance by G2
c solution = 10110001011110100000111101000111101
c Known solution cost is 7665 
p cnf 35 50
w 46 58 285 42 309 37 370 38 111 1 196 298 216 97 478 374 387 316 106 462 400 207 131 281 36 477 319 44 161 310 241 73 461 207 90
-34 -33 -23 0
23 -35 -32 0
11 20 6 0
-6 -21 -32 0
-14 27 17 0
-18 -32 12 0
-31 -27 9 0
12 -11 -8 0
1 11 -20 0
16 32 -25 0
24 -4 -35 0
14 8 29 0
-15 -24 35 0
-29 16 -23 0
-22 -8 -5 0
-21 -16 34 0
-26 25 1 0
21 29 -23 0
-4 -20 -32 0
26 29 -3 0
-12 -2 -24 0
-28 -10 -4 0
30 -1 6 0
-24 -1 -19 0
-18 7 -10 0
-26 15 -3 0
-1 -35 21 0
-19 -4 -26 0
9 30 34 0
27 16 -29 0
24 26 9 0
30 -5 -12 0
27 -25 20 0
3 -24 7 0
-34 -4 -22 0
-13 -35 4 0
-33 32 17 0
2 31 -11 0
-30 -23 22 0
30 9 13 0
-7 -31 28 0
-13 -27 -30 0
27 -21 33 0
28 22 7 0
10 -12 18 0
2 19 -17 0
-24 -30 13 0
-9 27 -8 0
-32 -5 26 0
-17 -18 20 0
