c instance by G2
c solution = 11010100001011100101001010101011011
c Known solution cost is 8386 
p cnf 35 50
w 27 341 30 203 4 463 366 367 37 38 433 120 436 282 194 355 419 54 382 430 470 125 165 192 335 331 189 72 198 334 166 22 485 260 61
-34 -1 -17 0
26 13 2 0
16 -11 34 0
16 18 12 0
23 7 22 0
9 -18 4 0
-23 -15 20 0
31 12 -34 0
5 -9 -25 0
-25 -7 -31 0
-1 -31 -33 0
-24 7 -32 0
-1 9 32 0
9 -19 21 0
-26 -20 22 0
12 -32 6 0
10 20 -18 0
-30 -11 10 0
16 1 5 0
-21 -34 -35 0
-30 -18 -7 0
-26 12 -29 0
-35 33 27 0
27 10 -11 0
9 17 -3 0
-10 28 -11 0
-6 2 -11 0
30 23 -1 0
11 -18 -1 0
29 12 -5 0
15 -34 -18 0
-26 -2 8 0
-11 14 -25 0
-12 -15 -14 0
-12 26 -7 0
-20 -33 28 0
-2 5 -8 0
-20 8 -16 0
25 12 -4 0
-31 35 10 0
-27 -20 13 0
26 6 -35 0
10 -28 -11 0
24 33 -5 0
8 -27 29 0
30 -19 -15 0
-19 -33 27 0
4 -5 -29 0
12 -25 -22 0
-12 17 5 0
