c instance by G2
c solution = 00100010011000100001010000010101001
c Known solution cost is 10019 
p cnf 35 50
w 480 66 470 452 447 92 173 355 340 349 61 211 23 464 51 30 124 23 451 445 264 401 425 482 446 205 221 452 176 442 309 293 352 130 314
23 1 15 0
1 -31 -28 0
20 27 14 0
-29 5 9 0
-12 34 24 0
29 -34 -11 0
35 -12 -16 0
9 -24 10 0
-29 23 34 0
6 -7 -21 0
-19 -30 -20 0
24 28 5 0
16 -34 -17 0
33 17 3 0
7 9 -21 0
-5 17 -35 0
25 13 -24 0
31 -18 30 0
-28 -31 10 0
16 21 -14 0
22 9 5 0
19 -27 -20 0
32 18 24 0
8 -17 11 0
18 30 4 0
29 35 -14 0
-29 -14 6 0
19 11 -10 0
-16 -10 -28 0
-10 -3 -13 0
-4 -30 29 0
-2 24 25 0
-16 -35 33 0
18 -1 25 0
-3 35 31 0
23 -9 24 0
25 33 -12 0
-28 -33 6 0
-30 5 -8 0
-5 34 21 0
18 14 -17 0
13 10 23 0
-18 26 2 0
-26 16 23 0
-1 13 19 0
8 -25 16 0
26 7 1 0
-18 -14 -17 0
23 -11 -6 0
26 -23 12 0
