c instance by G2
c solution = 10010101110100001110110000111100111
c Known solution cost is 8715 
p cnf 35 50
w 23 268 146 29 360 293 466 181 276 492 360 141 193 96 211 295 440 285 417 422 185 296 13 110 270 285 97 150 16 435 327 312 197 216 412
-2 5 35 0
20 -18 30 0
-33 -18 -25 0
-10 -28 6 0
-29 13 -2 0
-10 24 18 0
31 -34 28 0
-10 4 -9 0
-35 3 -5 0
34 -17 -12 0
-19 -23 -9 0
31 32 -14 0
-26 4 -34 0
16 -3 18 0
-16 3 -33 0
35 13 31 0
-19 22 3 0
6 7 24 0
-3 13 -28 0
-15 -17 16 0
-35 30 23 0
-33 -19 -20 0
25 -27 -15 0
25 32 -13 0
-26 -22 -8 0
33 -12 25 0
-22 19 -21 0
-34 -28 9 0
17 16 -12 0
-21 16 -13 0
-22 25 8 0
29 3 15 0
-19 16 12 0
-9 -33 -32 0
32 7 -2 0
25 -13 -19 0
-31 32 -22 0
-11 3 -12 0
-13 -32 -20 0
-7 -27 13 0
-8 33 -32 0
5 26 27 0
-2 10 -31 0
16 -17 -3 0
-29 -1 -24 0
-5 -32 34 0
23 31 1 0
-33 11 10 0
30 11 -21 0
-6 15 21 0
