c instance by G2
c solution = 01101111011101111001010010100001111
c Known solution cost is 10214 
p cnf 35 50
w 332 421 377 234 26 310 324 314 143 197 39 352 227 243 350 112 373 494 470 240 333 455 453 473 382 22 239 405 276 19 173 290 307 444 365
14 -27 -5 0
-33 11 -7 0
-25 -15 2 0
28 -12 6 0
-9 -11 28 0
31 17 -16 0
-8 -23 -12 0
-20 12 -10 0
-5 18 33 0
-6 -11 -21 0
-10 -17 -4 0
-21 -30 -3 0
-26 -3 -14 0
-32 -8 5 0
10 22 11 0
-11 10 -15 0
-16 -17 35 0
-8 34 4 0
-23 26 -12 0
22 26 -8 0
34 -9 10 0
24 -22 -29 0
30 -19 -3 0
-9 4 10 0
-34 -23 -24 0
-22 -30 31 0
-22 -8 -24 0
-25 -18 -2 0
-23 28 -35 0
-28 13 -11 0
2 -34 -3 0
-1 -35 -16 0
8 23 -22 0
-31 1 -12 0
-13 -35 19 0
-5 -2 20 0
16 -8 -2 0
27 -22 25 0
-30 -7 -21 0
18 -21 -10 0
31 -3 32 0
-22 1 3 0
1 -20 -31 0
7 13 20 0
26 -2 27 0
-34 19 33 0
-22 17 -24 0
-32 15 -33 0
7 -34 -10 0
-32 25 24 0
