c instance by G2
c solution = 00110101110101101000101000001111000
c Known solution cost is 9145 
p cnf 35 50
w 32 376 251 349 344 258 487 145 471 72 78 259 488 234 105 202 398 75 451 357 7 376 361 212 135 399 397 66 257 426 186 69 198 487 137
-17 21 -4 0
2 -9 -18 0
-10 11 32 0
-16 17 12 0
-5 7 22 0
35 29 33 0
-8 -27 24 0
-26 13 -10 0
-30 -28 -10 0
-6 -13 -32 0
-31 -11 24 0
22 -15 23 0
-33 14 32 0
4 -33 12 0
-23 10 28 0
-14 8 26 0
15 -30 -9 0
-1 25 -32 0
-6 3 25 0
-4 -22 -21 0
-12 -32 3 0
-19 21 -29 0
-28 1 -11 0
-34 -32 -33 0
-8 -27 6 0
-33 19 -21 0
-13 34 20 0
20 6 -11 0
1 28 -20 0
5 -16 -21 0
-2 -6 11 0
4 -32 -23 0
-24 -30 -14 0
17 -22 12 0
24 -34 22 0
16 33 14 0
21 1 11 0
34 22 -25 0
-35 19 -9 0
14 -35 33 0
19 31 -23 0
35 -29 9 0
5 16 -19 0
30 -10 16 0
-21 -30 12 0
33 -15 6 0
-9 20 17 0
-35 7 -15 0
-6 -7 -31 0
31 24 -3 0
