c instance by G2
c solution = 10100010001100110111111011100101111
c Known solution cost is 7313 
p cnf 35 50
w 344 417 297 160 100 184 295 96 119 370 10 8 60 470 196 180 146 73 60 225 418 206 162 229 235 44 348 92 172 274 444 234 126 366 153
3 28 -23 0
6 27 -25 0
2 -32 -4 0
7 24 -33 0
11 2 28 0
-17 -12 -33 0
-33 -21 26 0
-27 12 -15 0
34 -35 17 0
14 24 16 0
25 -20 -1 0
-9 -2 15 0
12 28 23 0
35 1 -14 0
-29 -17 9 0
8 -21 -9 0
15 -27 5 0
-12 33 -25 0
-31 10 6 0
-7 5 -14 0
-29 -30 10 0
-18 17 20 0
18 28 -11 0
-12 -20 -24 0
13 -19 -2 0
-27 -5 13 0
-12 -1 -8 0
10 -33 -28 0
5 20 -32 0
13 30 -18 0
21 13 -23 0
9 -5 -16 0
19 2 -23 0
5 -1 -8 0
-22 32 5 0
-13 -15 8 0
35 13 -21 0
-25 -22 26 0
-6 10 -15 0
33 13 -1 0
26 1 -2 0
35 -34 -10 0
-20 23 -32 0
1 -11 10 0
-10 23 -32 0
24 -10 -3 0
-21 28 33 0
32 5 -16 0
29 -8 23 0
6 -30 22 0
