c instance by G2
c solution = 00110011100001101000010100100101101
c Known solution cost is 8881 
p cnf 35 50
w 209 191 44 280 31 10 332 361 368 299 390 103 464 334 59 249 407 0 115 38 365 341 240 398 169 39 433 358 280 325 495 484 496 105 69
24 16 12 0
28 14 11 0
-4 -11 19 0
-30 -27 -13 0
35 -3 -31 0
13 7 -4 0
13 -30 4 0
-10 -29 -1 0
10 -16 -4 0
15 -10 32 0
-23 26 -17 0
-33 -17 -10 0
-32 16 7 0
-24 -11 1 0
31 -26 28 0
-16 -27 21 0
-22 31 35 0
33 16 -30 0
15 6 -17 0
11 -19 20 0
-8 -6 -30 0
-11 -15 -26 0
-29 26 2 0
12 19 -31 0
34 -20 25 0
29 4 34 0
31 -29 25 0
11 -12 -33 0
-27 18 3 0
4 -6 19 0
5 26 -28 0
22 28 12 0
-4 16 -1 0
9 5 11 0
-3 -5 16 0
-21 5 28 0
9 -3 -28 0
-25 12 -27 0
-22 -34 31 0
-35 1 30 0
17 9 -25 0
5 -4 27 0
-7 30 3 0
1 -2 12 0
-35 17 25 0
23 -5 12 0
8 26 -4 0
6 2 -18 0
-6 7 -23 0
32 -27 -14 0
