c instance by G2
c solution = 01110001000011011110100001111001100
c Known solution cost is 10590 
p cnf 35 50
w 333 32 458 209 421 346 291 137 251 161 431 140 317 355 304 356 215 183 237 479 491 245 346 76 408 367 148 216 307 495 123 344 436 448 484
-3 -10 30 0
34 28 31 0
26 31 -29 0
10 -34 -28 0
-3 -24 30 0
-28 -3 -23 0
34 19 6 0
-5 20 9 0
17 -18 -8 0
22 32 -29 0
12 -18 -6 0
6 -17 -30 0
4 -28 30 0
-1 35 -8 0
14 -19 -17 0
35 31 -11 0
-33 3 9 0
2 12 1 0
30 -20 -16 0
8 -17 -18 0
-34 17 10 0
-4 -13 -7 0
-22 14 -21 0
27 -14 -21 0
-32 -34 -18 0
-2 -28 18 0
24 15 33 0
-13 26 -17 0
-11 22 1 0
26 27 30 0
34 -15 11 0
1 -31 -3 0
1 15 -35 0
-5 9 35 0
-21 -6 14 0
19 -11 29 0
-9 31 -3 0
33 30 -1 0
15 -28 -12 0
34 -22 25 0
-22 -9 31 0
35 -7 15 0
-4 -32 3 0
9 2 -17 0
13 15 10 0
29 -26 -28 0
30 34 21 0
34 11 16 0
-25 -8 30 0
16 27 14 0
