c instance by G2
c solution = 11101100011010111011001001010110110
c Known solution cost is 8653 
p cnf 35 50
w 480 11 55 28 470 479 407 255 491 387 496 59 199 128 212 126 437 66 17 243 109 211 417 95 464 277 271 250 332 178 7 215 319 368 94
4 25 31 0
-6 28 -31 0
-3 -30 13 0
-13 5 -30 0
-32 19 -8 0
-28 17 -11 0
26 22 -6 0
-12 -31 22 0
18 10 -17 0
14 34 24 0
14 8 19 0
2 -6 -23 0
-26 22 15 0
-31 28 -19 0
-6 26 4 0
9 35 30 0
14 -19 11 0
12 2 -8 0
8 21 -32 0
25 22 -35 0
11 35 19 0
-7 19 8 0
-10 -13 -18 0
17 -7 -27 0
-33 -31 15 0
29 10 35 0
-9 -10 8 0
-26 22 1 0
-32 -15 -30 0
-16 -21 14 0
7 20 -1 0
-15 35 -32 0
-35 32 -14 0
34 24 12 0
-27 -34 -10 0
7 -14 -15 0
34 11 27 0
-7 -17 -20 0
-16 -24 -28 0
25 -35 -24 0
9 -25 35 0
3 25 22 0
9 -20 16 0
-19 -10 -4 0
6 9 -2 0
18 -29 24 0
-22 -34 -17 0
27 33 -23 0
-33 -8 -15 0
23 -5 35 0
