c instance by G2
c solution = 110001100011101101011101010110
c Known solution cost is 6371 
p cnf 30 50
w 39 442 162 362 82 152 79 314 316 420 265 428 9 19 386 166 163 354 8 162 231 45 241 45 426 233 172 87 355 208
5 -12 -19 0
-29 -17 8 0
20 -13 -22 0
-30 -20 6 0
-24 1 -6 0
-8 25 17 0
-18 22 2 0
-30 -16 -1 0
-5 -7 19 0
12 -1 -17 0
-6 -22 18 0
-13 9 15 0
16 -2 -21 0
19 21 -16 0
3 -18 11 0
17 5 13 0
24 7 -18 0
-2 -26 7 0
-6 8 -30 0
15 -19 27 0
11 2 -24 0
10 27 -14 0
-8 -24 -20 0
17 -7 26 0
-10 5 -21 0
-4 -29 25 0
-28 8 -23 0
18 7 2 0
-25 -26 23 0
-10 -28 1 0
3 -27 -28 0
4 -17 -27 0
-11 -13 6 0
7 -18 16 0
-3 5 -6 0
-2 -6 24 0
-13 12 30 0
29 -12 -15 0
6 -16 30 0
18 -2 -16 0
-4 -1 -12 0
22 14 9 0
28 -13 23 0
-11 27 -5 0
22 -8 26 0
8 23 21 0
-16 -13 -9 0
21 30 -1 0
-30 -18 -1 0
3 2 5 0
