c instance by G2
c solution = 000011010000010011101111011001
c Known solution cost is 7382 
p cnf 30 50
w 348 303 75 490 188 94 493 212 169 216 171 41 375 474 327 263 280 96 12 140 260 290 148 63 269 276 359 373 147 430
25 -10 -22 0
-10 -5 11 0
28 -12 6 0
-5 12 -20 0
25 27 13 0
3 -12 15 0
3 4 -13 0
-26 -13 -10 0
22 3 -21 0
13 -20 28 0
16 2 5 0
15 -4 -19 0
-11 8 -29 0
2 7 18 0
6 -3 8 0
-14 -19 6 0
-16 -5 15 0
19 9 -7 0
15 4 -2 0
17 -15 -2 0
16 10 5 0
-25 28 -6 0
20 -12 19 0
9 -2 19 0
-1 20 28 0
-28 13 -22 0
-23 -9 13 0
-17 -29 16 0
-8 15 -20 0
-11 9 3 0
14 18 8 0
19 16 10 0
-3 17 9 0
-13 12 -4 0
10 -5 21 0
24 -18 -23 0
26 25 -12 0
-26 12 5 0
-7 29 -30 0
20 26 7 0
-3 25 15 0
16 -21 23 0
7 1 17 0
3 30 -17 0
6 27 3 0
7 22 9 0
-19 -15 20 0
14 -24 -21 0
-10 -25 27 0
-19 8 -30 0
