c instance by G2
c solution = 011110100011100101101100010001
c Known solution cost is 6451 
p cnf 30 50
w 470 226 189 289 381 139 331 55 462 4 185 21 126 289 264 45 9 259 17 423 262 101 330 139 2 199 494 96 332 312
-12 1 26 0
-17 27 -6 0
2 4 28 0
-21 20 -29 0
15 24 4 0
27 -5 -24 0
-17 -21 25 0
-10 18 -3 0
-30 10 -28 0
5 20 15 0
14 19 -13 0
18 29 -14 0
24 8 -17 0
25 8 -6 0
-18 9 16 0
24 -5 2 0
21 20 15 0
30 -28 27 0
-21 -4 -14 0
-1 5 -2 0
-21 11 28 0
-25 9 -12 0
17 28 -10 0
-28 20 -15 0
-4 12 -2 0
-12 -27 23 0
-19 -1 20 0
29 19 -24 0
27 6 -23 0
11 18 6 0
11 -30 -3 0
-20 -5 -1 0
28 -4 18 0
22 24 27 0
-18 25 -8 0
-13 -16 -15 0
22 -25 19 0
-21 -1 -5 0
24 -13 30 0
-4 -20 8 0
1 3 6 0
-6 -12 -16 0
-28 11 -16 0
13 17 23 0
-10 29 -2 0
-29 28 -6 0
-9 -5 17 0
-21 22 17 0
7 -21 25 0
18 23 -5 0
