c instance by G2
c solution = 110000001100011010110111011110
c Known solution cost is 7945 
p cnf 30 50
w 240 443 273 72 214 325 242 41 347 168 113 30 458 362 126 0 492 24 97 63 131 415 446 488 373 477 489 177 326 493
-9 27 -6 0
6 2 -1 0
5 -25 -14 0
-11 -9 12 0
-26 14 21 0
-12 28 -19 0
-11 20 26 0
12 17 25 0
28 16 -24 0
-17 29 -5 0
8 -15 27 0
-29 -11 -24 0
-29 -12 21 0
-14 21 -13 0
6 24 -22 0
-18 25 -20 0
-17 -19 -30 0
-27 1 11 0
-14 30 -6 0
18 -24 9 0
-22 -2 26 0
-15 8 10 0
26 -14 13 0
-4 11 -20 0
18 -27 19 0
9 3 17 0
5 -18 -9 0
21 5 -30 0
-7 12 6 0
20 -22 -12 0
4 -16 30 0
16 9 10 0
-8 -29 -2 0
-26 -27 -3 0
-2 -4 -7 0
4 23 -13 0
2 4 -17 0
17 8 -24 0
4 1 -9 0
4 22 18 0
-3 -22 -2 0
-5 -9 -14 0
23 -10 3 0
-26 -21 18 0
5 7 15 0
-8 7 -22 0
5 15 30 0
6 29 13 0
6 -7 -28 0
7 30 20 0
