c instance by G2
c solution = 100101001100110000100000111110
c Known solution cost is 7944 
p cnf 30 50
w 476 121 11 213 111 289 118 194 425 213 23 337 484 357 182 92 292 482 133 494 262 343 419 229 104 444 335 161 146 454
7 6 -29 0
-6 -27 -12 0
-27 -3 -25 0
-30 11 24 0
25 1 -29 0
-26 -24 18 0
15 -10 -22 0
5 -20 -21 0
18 -8 -26 0
18 -19 -16 0
11 -22 -28 0
24 -3 -10 0
-4 -21 -25 0
-26 -17 -25 0
23 13 30 0
6 -17 22 0
-28 -8 5 0
-9 12 -18 0
-29 21 27 0
16 29 5 0
21 15 -23 0
9 -12 -20 0
10 30 -9 0
-5 21 -29 0
26 -6 21 0
-15 -4 30 0
-6 -4 14 0
2 -26 6 0
12 -10 13 0
15 7 14 0
18 -11 -25 0
7 -11 12 0
-1 24 28 0
5 -1 19 0
-2 18 12 0
1 18 -27 0
15 25 16 0
8 -22 27 0
-20 -1 -14 0
2 -7 11 0
-5 -25 -21 0
-18 -22 -8 0
8 4 -17 0
13 -26 16 0
-9 22 13 0
27 -28 -20 0
10 -26 23 0
-4 -2 10 0
17 -6 4 0
9 -25 -13 0
