c instance by G2
c solution = 010000100101000110000111101001
c Known solution cost is 7966 
p cnf 30 50
w 28 414 28 263 455 41 18 172 478 462 300 352 499 69 324 272 339 100 347 44 308 403 33 499 461 400 425 275 8 149
19 30 -21 0
25 -14 18 0
2 1 19 0
-16 24 21 0
-30 7 28 0
13 -30 16 0
-4 2 3 0
17 9 -25 0
27 -30 28 0
20 -28 24 0
-27 -16 -6 0
-23 18 -21 0
26 22 9 0
19 6 23 0
-4 -3 -25 0
-24 -20 8 0
14 -21 19 0
-19 20 26 0
-3 25 -26 0
-19 25 23 0
-27 29 -9 0
11 -15 -17 0
-10 -16 -1 0
28 -11 -12 0
29 17 25 0
8 25 29 0
26 12 19 0
-28 3 -22 0
-7 -21 23 0
20 14 -13 0
10 28 15 0
20 -11 -3 0
-18 -30 6 0
-4 -2 9 0
-6 -16 22 0
-5 -27 8 0
26 -9 -20 0
-19 5 27 0
17 10 -23 0
15 -8 18 0
20 9 -29 0
30 29 15 0
-14 9 1 0
-23 -10 -28 0
8 -21 9 0
-18 20 -8 0
24 25 15 0
-3 15 14 0
-4 -12 5 0
-26 20 6 0
