c instance by G2
c solution = 001100001011110110001111100000
c Known solution cost is 7349 
p cnf 30 50
w 42 69 110 94 465 129 466 307 291 341 16 474 212 402 133 398 355 55 239 377 100 311 266 108 184 451 190 457 173 134
4 -11 -12 0
1 -25 -30 0
19 -7 -14 0
29 13 2 0
5 29 12 0
19 17 -3 0
28 -5 27 0
-17 20 25 0
-28 -18 -24 0
22 2 -24 0
21 1 7 0
-23 -10 28 0
-15 -12 -22 0
-30 28 23 0
-8 -11 20 0
-3 14 -13 0
13 22 24 0
16 -9 -22 0
-4 -20 29 0
18 -2 28 0
17 18 12 0
-13 -26 10 0
-1 9 5 0
14 1 29 0
-3 24 8 0
-19 -30 -24 0
23 5 15 0
28 20 3 0
-27 -19 18 0
-21 -18 27 0
29 -19 -23 0
-17 -20 7 0
-16 -30 27 0
-17 15 12 0
-29 -16 27 0
-15 -18 -24 0
12 -23 -29 0
4 -29 -22 0
6 -1 18 0
6 26 22 0
-6 -8 23 0
20 9 -16 0
10 1 11 0
6 -27 15 0
-6 1 20 0
18 -8 29 0
16 -11 -3 0
27 -28 30 0
11 26 -2 0
7 -19 24 0
