c instance by G2
c solution = 000000101101111100011100001100
c Known solution cost is 7398 
p cnf 30 50
w 44 235 29 145 244 42 325 309 366 241 471 387 171 64 401 40 115 202 329 357 296 388 340 331 250 99 475 276 58 368
-3 -16 -12 0
18 6 12 0
-13 -20 16 0
-21 -7 -19 0
-16 -30 25 0
24 -18 16 0
-20 30 14 0
-15 11 -24 0
29 -17 -14 0
-13 2 -6 0
-30 5 -16 0
-12 -11 -28 0
14 26 -20 0
24 22 18 0
-15 25 13 0
6 21 -20 0
19 15 -28 0
26 -21 27 0
10 21 -8 0
2 29 20 0
11 18 14 0
7 18 -27 0
19 -11 -24 0
-14 25 -23 0
3 10 -27 0
-21 1 -6 0
-3 21 -11 0
-9 -20 -1 0
26 -21 12 0
-28 -12 -25 0
17 -13 -30 0
15 17 -26 0
9 19 -12 0
28 -22 18 0
-22 -12 -5 0
27 -25 -9 0
-30 -20 17 0
-9 -5 1 0
20 8 6 0
-7 -18 -12 0
-16 -21 -5 0
3 -4 17 0
-15 -6 3 0
-29 11 -10 0
-10 -13 -26 0
-2 9 -1 0
29 -7 -8 0
23 29 -11 0
3 20 -9 0
-2 5 3 0
