c instance by G2
c solution = 001011110010111110101111000011
c Known solution cost is 7484 
p cnf 30 50
w 195 153 338 76 430 83 410 141 230 335 4 450 161 494 333 153 226 225 378 416 193 287 185 105 114 88 365 444 102 370
-3 28 8 0
-21 17 12 0
-3 26 -27 0
28 12 -25 0
13 -12 26 0
30 -17 -5 0
-4 -14 9 0
2 12 8 0
25 16 -13 0
5 24 -6 0
1 -30 11 0
24 -9 -29 0
10 24 -7 0
-29 6 12 0
-23 29 -21 0
-22 -6 19 0
25 9 5 0
20 21 25 0
-29 15 -28 0
20 8 -7 0
-12 -5 21 0
4 -13 -26 0
-8 20 7 0
18 -12 -22 0
-15 23 18 0
27 -11 23 0
22 -17 -11 0
-5 16 -24 0
-29 2 3 0
12 28 17 0
12 18 13 0
14 25 -13 0
-20 27 28 0
15 -29 -13 0
20 -28 18 0
-7 17 -9 0
22 -7 14 0
-10 -15 9 0
-29 21 4 0
-21 -30 -27 0
-3 -4 -14 0
28 8 19 0
26 -24 3 0
-14 -1 12 0
-11 -9 -16 0
-22 -18 -13 0
16 -13 27 0
-8 -2 -13 0
-16 -26 -3 0
14 2 20 0
