c instance by G2
c solution = 100010110010011010110001110110
c Known solution cost is 7713 
p cnf 30 50
w 157 226 312 149 216 368 481 242 217 129 29 420 267 369 13 233 466 103 285 295 386 472 127 277 107 411 58 491 312 95
9 10 -6 0
-8 -18 23 0
4 29 -14 0
1 -10 -11 0
24 -3 -28 0
9 -16 -4 0
25 -7 21 0
29 -30 24 0
26 7 6 0
7 -17 13 0
-22 21 -20 0
13 -12 -3 0
-24 -12 -2 0
15 -1 -26 0
-14 24 -17 0
6 -9 -29 0
-10 16 26 0
11 16 27 0
-14 12 8 0
20 8 25 0
10 26 -11 0
2 16 -21 0
23 -13 27 0
-19 1 22 0
9 -10 -20 0
2 19 -5 0
-25 -4 11 0
-30 26 -8 0
14 3 -25 0
-27 -29 9 0
4 -12 -24 0
-12 -26 14 0
9 -15 14 0
-24 19 -25 0
23 -15 19 0
-30 28 -1 0
19 -18 -8 0
-6 -11 -24 0
17 13 4 0
9 20 3 0
30 3 -23 0
-1 -2 -20 0
13 -25 -3 0
24 10 9 0
-5 -4 18 0
-20 13 5 0
-17 -11 28 0
-28 -11 -16 0
-2 -25 -1 0
-7 -14 -30 0
