c instance by G2
c solution = 110000110100001010100000010100
c Known solution cost is 7012 
p cnf 30 50
w 257 463 351 46 116 169 222 240 87 389 461 102 76 233 169 64 378 67 225 24 220 398 296 97 276 360 451 483 8 284
-26 21 -14 0
17 -7 -26 0
8 5 22 0
16 -28 19 0
28 -7 11 0
-1 -6 24 0
-1 23 -12 0
-2 -30 24 0
-3 -17 11 0
-30 -1 -13 0
8 -26 4 0
25 -27 6 0
18 14 -25 0
22 23 -20 0
-20 3 -14 0
-7 -19 -9 0
26 -30 -15 0
-19 6 -14 0
5 3 -23 0
7 4 19 0
11 14 -16 0
-28 -18 24 0
-21 -2 23 0
3 -13 11 0
23 -11 4 0
-17 7 -8 0
16 -23 -8 0
-25 -24 20 0
17 -21 -25 0
-10 -4 30 0
10 -26 13 0
16 -27 -3 0
5 -18 -15 0
2 -7 20 0
6 -22 -8 0
3 -11 24 0
-28 24 -5 0
-1 26 15 0
-6 -17 9 0
21 1 -8 0
-15 18 -3 0
13 30 -27 0
1 22 -10 0
-12 -23 21 0
22 12 26 0
23 15 16 0
23 -29 18 0
-7 -24 9 0
10 30 12 0
4 -14 12 0
