c instance by G2
c solution = 010101011010100101100110000101
c Known solution cost is 7069 
p cnf 30 50
w 467 84 289 270 296 385 273 209 83 375 374 255 115 122 76 100 7 353 144 238 7 337 381 258 121 195 346 294 403 212
4 5 -30 0
24 21 18 0
9 12 15 0
14 26 6 0
-9 11 12 0
22 -29 24 0
-22 14 -25 0
-8 -20 26 0
-8 30 1 0
3 25 -14 0
-4 -28 -24 0
-5 17 -1 0
21 -10 -28 0
12 30 23 0
-28 18 -4 0
28 29 25 0
-18 2 19 0
-9 -18 -7 0
-1 -4 -22 0
21 12 8 0
30 -18 10 0
17 -23 -15 0
-22 -26 20 0
-8 -20 -24 0
-16 27 13 0
-9 2 -18 0
-4 15 -12 0
26 -11 28 0
-4 7 -27 0
-2 -15 -9 0
-21 -13 -28 0
-9 -10 8 0
-5 -8 -16 0
18 -4 24 0
22 7 -9 0
9 1 -2 0
1 16 -23 0
-30 -16 18 0
5 19 1 0
-3 21 -18 0
-1 2 15 0
-12 -19 4 0
-9 23 -2 0
2 27 18 0
16 9 -19 0
-20 9 -25 0
-21 -18 20 0
17 7 9 0
3 -9 -17 0
-29 -18 25 0
