c instance by G2
c solution = 001100000000100001111010101111
c Known solution cost is 6828 
p cnf 30 50
w 462 228 147 411 288 40 119 166 183 334 381 345 178 495 61 129 348 391 246 152 214 320 11 423 177 104 29 372 36 38
-5 -24 -11 0
-18 23 14 0
2 -6 22 0
-22 18 -25 0
17 -15 -29 0
1 2 -11 0
-13 -27 -12 0
-8 -7 20 0
12 7 -17 0
-20 -18 -26 0
-24 15 7 0
-19 8 -5 0
-14 8 19 0
4 -17 -6 0
24 -7 13 0
-1 12 -6 0
-19 6 -14 0
-9 -25 -18 0
-29 -21 -8 0
15 -27 29 0
25 -30 18 0
22 -2 5 0
-6 4 2 0
25 -18 26 0
18 -16 -23 0
5 20 14 0
-27 -9 14 0
18 -5 6 0
7 4 9 0
18 12 -20 0
-16 -25 9 0
23 -18 15 0
19 -27 -13 0
-1 -29 9 0
13 -21 -4 0
3 14 -28 0
15 14 -10 0
28 -17 25 0
13 24 -28 0
-21 7 30 0
-20 2 21 0
27 -29 8 0
15 -22 -30 0
7 -2 14 0
10 28 -13 0
-7 12 -19 0
18 -23 -4 0
15 3 6 0
-2 -7 20 0
-2 -7 -6 0
