c instance by G2
c solution = 001011101111100001111100001100
c Known solution cost is 7010 
p cnf 30 50
w 277 418 400 376 362 305 459 148 134 142 269 54 11 358 462 194 100 352 172 273 207 15 203 200 79 120 271 32 459 158
29 8 -14 0
-17 -13 24 0
-9 -26 -15 0
-18 -14 -2 0
-16 -14 -20 0
14 18 16 0
22 9 18 0
-3 -13 -1 0
28 15 -13 0
3 18 -11 0
5 6 28 0
30 23 10 0
16 -18 5 0
1 -12 -25 0
-6 -25 1 0
-17 -11 -14 0
17 30 27 0
-11 -26 -28 0
-21 -19 -1 0
27 -3 29 0
7 2 -10 0
-11 7 -6 0
-28 6 -19 0
26 -17 -24 0
30 12 -5 0
23 30 -24 0
-9 -14 -19 0
-12 15 3 0
4 -14 27 0
-10 -12 -2 0
-20 8 3 0
-29 -11 -5 0
-30 15 -16 0
2 -13 11 0
22 -6 4 0
25 23 -16 0
23 -7 20 0
21 -20 26 0
16 -23 24 0
-9 3 11 0
17 -30 -27 0
-23 -21 26 0
-22 19 29 0
-1 21 -29 0
13 -5 -10 0
25 26 -4 0
-12 9 -21 0
27 -3 -11 0
-19 -8 30 0
-22 23 -15 0
