c instance by G2
c solution = 000110010001100010011011010001
c Known solution cost is 8317 
p cnf 30 50
w 376 453 90 212 281 167 365 66 429 393 275 106 311 255 238 133 496 469 332 177 64 429 273 73 360 484 186 419 126 279
8 22 18 0
-6 -20 -24 0
-18 1 28 0
-20 3 -22 0
19 25 -28 0
-26 -23 4 0
29 -16 -24 0
-23 -20 -9 0
28 -10 6 0
6 17 22 0
19 18 -15 0
-14 -6 -4 0
-14 16 -20 0
24 14 29 0
-21 15 5 0
-21 -17 -19 0
-3 15 21 0
18 15 4 0
-26 10 -3 0
20 22 12 0
-30 -1 18 0
25 -7 19 0
-25 22 9 0
5 30 -11 0
11 20 8 0
17 10 28 0
-29 -26 10 0
-21 -27 -12 0
26 -14 -24 0
-18 8 11 0
19 -12 13 0
-22 10 28 0
25 -15 27 0
7 14 -11 0
10 -2 1 0
7 -3 25 0
-21 -11 1 0
23 9 11 0
-30 8 25 0
20 7 22 0
29 21 22 0
1 12 -13 0
6 28 -15 0
13 6 -19 0
4 -28 -29 0
30 -20 25 0
-23 -10 -24 0
22 9 26 0
14 -18 -25 0
-11 -2 -1 0
