c instance by G2
c solution = 000001111001100100101001010110
c Known solution cost is 7438 
p cnf 30 50
w 300 7 69 237 163 10 421 326 195 68 269 339 289 316 99 282 39 306 155 467 426 313 384 370 470 99 275 407 237 100
10 -6 -27 0
-30 9 -12 0
4 15 -2 0
12 -9 -24 0
4 8 11 0
-21 -19 29 0
19 3 -28 0
10 9 17 0
18 -20 14 0
-22 -19 1 0
22 16 -13 0
20 9 18 0
30 -10 -11 0
1 25 16 0
-29 -10 -8 0
17 -25 -8 0
-21 -8 -30 0
-23 -12 -9 0
-28 -5 3 0
16 11 28 0
23 -4 2 0
17 -13 -25 0
18 -17 20 0
-29 28 -1 0
-16 -9 28 0
1 29 -13 0
-26 9 -4 0
11 -18 4 0
3 15 21 0
-10 7 9 0
-22 -6 -14 0
1 -14 -19 0
-11 6 30 0
21 27 -26 0
-28 22 26 0
6 5 -9 0
-28 25 -3 0
22 -11 13 0
-21 -20 25 0
30 -10 -17 0
-6 3 19 0
4 2 24 0
14 -16 7 0
11 13 18 0
2 5 -11 0
-1 -7 17 0
-14 -9 -8 0
-28 -13 -2 0
30 -15 4 0
-28 1 -2 0
