c instance by G2
c solution = 010010110000101100101111110011
c Known solution cost is 9395 
p cnf 30 50
w 280 272 245 397 337 487 226 475 189 371 332 61 238 296 382 485 282 250 220 375 343 89 111 349 302 340 414 404 435 408
23 4 27 0
-30 7 23 0
-10 -15 -23 0
21 11 -15 0
-7 13 -30 0
5 -26 -19 0
-21 14 15 0
-8 25 12 0
-29 16 -13 0
-23 -2 -14 0
-11 -26 -5 0
-3 27 -29 0
-6 -20 -15 0
-16 -7 -4 0
4 22 28 0
-13 -27 -21 0
20 -5 -17 0
2 -15 -8 0
27 3 26 0
14 -17 -29 0
30 -23 14 0
20 -28 -26 0
1 16 -21 0
-25 13 -3 0
-13 -2 -6 0
-22 8 -21 0
-17 7 -11 0
29 -8 6 0
10 -1 28 0
-12 -16 17 0
30 5 -18 0
-7 -28 17 0
-2 26 27 0
-18 11 -9 0
12 24 -19 0
19 -7 -21 0
-29 -18 -23 0
1 -20 -23 0
24 -17 11 0
-24 5 -28 0
-2 27 -14 0
-22 -10 -23 0
1 28 -9 0
27 29 12 0
-5 -12 -16 0
-27 8 17 0
11 -3 27 0
6 -3 27 0
-19 7 -8 0
16 4 -5 0
