c instance by G2
c solution = 011110100110101001001011111
c Known solution cost is 6802 
p cnf 27 50
w 389 447 64 464 332 40 194 370 102 333 216 121 180 189 257 132 190 183 391 309 370 335 125 372 348 235 114
-17 14 -24 0
-24 7 -12 0
16 9 -1 0
26 6 -12 0
21 12 1 0
-13 3 9 0
6 -22 -1 0
4 -20 -22 0
-20 12 17 0
-8 -5 -7 0
-5 18 -25 0
20 17 -12 0
-14 22 16 0
-17 -15 -24 0
24 -19 -27 0
-23 16 25 0
-7 26 -4 0
-20 -22 -13 0
10 -4 17 0
-26 -9 -11 0
-4 -17 5 0
-13 4 27 0
-8 -26 9 0
-25 -22 -15 0
-4 -26 10 0
12 23 -7 0
2 9 -7 0
18 -2 -24 0
6 8 24 0
13 -15 -25 0
-26 9 4 0
11 -18 22 0
25 -6 -14 0
-18 4 -6 0
-19 -5 -24 0
20 14 18 0
-24 -16 19 0
-6 -25 19 0
-26 -16 -21 0
-4 7 -24 0
-3 6 15 0
7 -24 -5 0
2 6 -24 0
-4 -7 -19 0
15 20 -21 0
-11 -6 7 0
-13 5 12 0
-3 11 -1 0
27 -5 16 0
17 -18 10 0
