c instance by G2
c solution = 100111101011011010000101001
c Known solution cost is 6548 
p cnf 27 50
w 127 264 142 7 314 379 454 49 55 320 195 252 491 118 438 137 162 2 464 331 137 407 114 376 404 277 132
3 2 -26 0
25 9 -19 0
-25 -26 -11 0
-3 4 -8 0
23 -1 27 0
10 -8 9 0
-26 -25 15 0
-13 -17 6 0
14 -6 3 0
26 -8 -24 0
24 21 -5 0
2 -14 -18 0
-22 3 -21 0
8 12 10 0
19 -22 24 0
-2 -22 18 0
15 -22 21 0
25 -19 -17 0
-1 26 -25 0
18 -5 -20 0
1 -22 8 0
-10 17 -22 0
5 12 19 0
-19 -17 -6 0
25 -3 19 0
23 -6 17 0
25 -17 11 0
-5 3 7 0
3 -12 5 0
-5 -16 -12 0
22 -7 -12 0
24 -23 9 0
27 -3 -26 0
-27 -20 3 0
2 16 4 0
-21 -24 -26 0
-1 26 9 0
14 23 -21 0
14 -23 10 0
18 23 7 0
6 3 -4 0
-9 -14 -13 0
-27 8 -13 0
9 -4 14 0
-26 -17 23 0
23 -9 -10 0
-25 -21 24 0
9 19 -5 0
-23 -15 -11 0
27 9 -21 0
