c instance by G2
c solution = 011010011010100100011000111
c Known solution cost is 5743 
p cnf 27 50
w 175 450 420 60 64 246 53 37 145 193 130 488 437 388 371 309 111 446 160 12 73 96 315 108 124 70 262
12 16 15 0
1 -14 -21 0
-13 -9 2 0
-22 8 -3 0
13 10 6 0
14 3 -20 0
-17 15 -13 0
-26 -19 -16 0
4 17 -22 0
-12 -26 24 0
-13 1 25 0
-3 10 27 0
-10 -13 9 0
10 18 -24 0
-3 27 13 0
20 -2 -9 0
-11 -2 -22 0
22 -10 -16 0
19 17 -4 0
-6 27 1 0
-23 16 -17 0
-9 7 5 0
13 26 -12 0
-27 -10 15 0
-27 21 -16 0
6 1 -15 0
-6 -27 -26 0
1 18 26 0
10 6 -4 0
-4 9 -26 0
-25 10 -1 0
21 -20 27 0
17 20 8 0
2 19 13 0
-11 -4 22 0
10 9 14 0
-6 -1 -27 0
-7 -2 23 0
-18 -26 -8 0
21 16 -13 0
-20 26 9 0
1 8 14 0
20 -23 2 0
25 15 -5 0
24 3 10 0
-1 -17 -12 0
22 -9 26 0
-17 -20 -9 0
-21 17 -23 0
23 11 -27 0
