c instance by G2
c solution = 000001100000000001101111010
c Known solution cost is 5864 
p cnf 27 50
w 249 8 44 456 29 251 74 243 262 29 50 269 433 103 143 403 340 235 373 230 214 478 101 162 105 465 115
-23 -7 -11 0
-9 3 15 0
-16 10 -1 0
-10 -6 4 0
24 16 8 0
-7 27 -9 0
-6 -21 18 0
-14 5 1 0
13 -24 -20 0
-16 10 11 0
-25 2 -6 0
-17 11 -13 0
16 27 -13 0
-13 11 -19 0
-17 -12 22 0
15 20 6 0
21 -8 20 0
-5 -9 -11 0
-6 26 -20 0
19 -9 17 0
-24 26 12 0
4 8 22 0
14 5 7 0
-11 -10 -16 0
22 -17 -24 0
25 -5 21 0
26 14 16 0
-8 11 10 0
2 -12 16 0
21 4 -23 0
23 13 5 0
9 -20 1 0
-2 -22 -24 0
10 -4 25 0
-17 -26 -4 0
9 19 3 0
-21 -8 -23 0
-10 4 26 0
3 16 -15 0
-20 -24 -4 0
-27 1 12 0
-3 17 2 0
7 19 16 0
1 20 7 0
-5 20 27 0
13 26 -24 0
-18 -9 -10 0
-21 14 -1 0
16 13 -17 0
-3 27 4 0
