c instance by G2
c solution = 110000011000100011110010011
c Known solution cost is 7204 
p cnf 27 50
w 289 99 15 204 185 285 181 109 465 441 298 269 228 420 47 413 435 98 79 365 474 35 342 364 415 328 321
11 20 -2 0
-24 -9 11 0
26 5 6 0
-20 11 -6 0
1 14 -2 0
26 -17 -19 0
-9 -24 3 0
-15 -8 14 0
-21 3 4 0
-26 14 19 0
-19 -20 -25 0
22 -4 -13 0
-14 27 -9 0
-21 9 23 0
15 11 -16 0
-5 -3 -24 0
7 25 -3 0
-13 -22 -17 0
6 -22 -2 0
-5 25 -26 0
3 27 -20 0
-13 10 -7 0
-19 8 10 0
15 8 7 0
17 11 16 0
-6 17 -13 0
24 12 18 0
-10 -4 8 0
15 -4 -9 0
-1 20 -16 0
25 -27 17 0
3 -17 -4 0
-19 -22 -9 0
23 -17 25 0
-12 4 -20 0
8 9 -5 0
-13 11 -4 0
-24 -22 16 0
-24 15 3 0
2 -1 16 0
-11 1 -8 0
-7 -23 -17 0
-1 17 4 0
24 -10 -1 0
-23 13 -18 0
-20 22 -14 0
-18 -2 -11 0
2 7 4 0
26 -21 -24 0
9 -2 -26 0
