c instance by G2
c solution = 011000011010000000100110011
c Known solution cost is 7762 
p cnf 27 50
w 444 133 489 256 392 258 336 410 422 163 431 340 237 9 385 14 63 471 422 185 345 253 147 477 184 473 23
-11 16 -25 0
7 13 -25 0
22 -8 13 0
15 1 -14 0
-2 -1 7 0
4 -21 -3 0
-22 4 3 0
15 10 -13 0
-26 -10 14 0
17 -21 -20 0
-7 -26 -21 0
-20 1 2 0
-16 -11 12 0
2 -22 7 0
-5 20 4 0
6 -9 3 0
5 -9 -15 0
25 1 9 0
12 1 -4 0
-8 -12 10 0
-26 -6 7 0
-21 -27 3 0
16 6 11 0
-23 -7 21 0
-15 -22 14 0
1 8 24 0
-3 -10 -5 0
-24 -26 5 0
-6 8 -14 0
1 -10 23 0
-18 8 -5 0
25 -18 1 0
16 27 10 0
-23 18 27 0
-10 -24 26 0
-18 27 -14 0
21 20 22 0
3 14 -17 0
20 -19 8 0
-20 -22 -23 0
7 -18 -2 0
23 -17 -21 0
5 26 4 0
14 -27 23 0
-9 -6 -22 0
20 6 -17 0
26 -23 9 0
20 -6 -2 0
1 19 -11 0
21 -2 -25 0
