c instance by G2
c solution = 101101010100100111100000110
c Known solution cost is 6710 
p cnf 27 50
w 52 221 259 44 72 80 394 307 368 287 309 182 132 36 348 417 390 385 404 387 226 356 290 285 48 425 6
5 18 -22 0
-7 9 -13 0
-14 -3 -23 0
4 20 23 0
14 13 2 0
-8 -20 23 0
14 -4 -11 0
-26 -6 -21 0
-9 12 -16 0
24 8 -16 0
-14 21 23 0
25 -11 -26 0
10 -25 -16 0
-4 5 10 0
12 -17 -15 0
-20 -10 14 0
-14 -16 -1 0
-3 18 15 0
21 16 14 0
15 -3 -9 0
21 -3 13 0
22 26 18 0
17 9 22 0
-15 7 20 0
-7 8 -25 0
25 7 -9 0
-24 -16 21 0
-12 7 9 0
-24 -16 -18 0
-10 -23 -3 0
-15 -20 -1 0
11 25 -13 0
16 -12 19 0
-11 4 -16 0
-19 -12 -3 0
-22 -6 23 0
12 -17 3 0
11 -25 -27 0
6 22 -16 0
-19 9 26 0
23 -2 -13 0
-5 -25 27 0
-26 8 -9 0
17 -11 -3 0
-8 1 -18 0
15 -24 -8 0
-18 10 -5 0
23 -11 -24 0
12 19 -3 0
-5 -17 9 0
