c instance by G2
c solution = 100100001110000110010010011
c Known solution cost is 6175 
p cnf 27 50
w 184 475 9 220 328 433 288 281 16 93 459 381 38 469 148 284 8 28 12 54 52 232 361 415 249 437 221
21 -6 7 0
9 3 13 0
12 17 -8 0
-26 -8 -13 0
-16 -10 23 0
-18 -26 15 0
-7 -20 -13 0
-23 -16 26 0
5 24 -14 0
25 8 -7 0
25 -10 -5 0
24 -25 -10 0
1 -4 25 0
-27 10 19 0
-17 -18 20 0
-3 6 21 0
18 16 -27 0
3 20 -10 0
-8 -13 15 0
-3 -11 -22 0
-11 1 13 0
14 11 -23 0
27 21 -11 0
20 5 10 0
22 -20 -3 0
-16 -23 -2 0
6 15 11 0
-19 3 11 0
-21 22 -17 0
22 7 4 0
-4 -6 5 0
8 -27 -25 0
-18 -11 3 0
-27 15 17 0
18 -21 27 0
24 19 -21 0
-27 -20 -3 0
-14 -9 -11 0
-15 13 -20 0
12 -22 -1 0
-8 -26 -10 0
-13 3 -9 0
-9 -16 -6 0
14 -12 2 0
14 -17 -24 0
9 -21 -13 0
11 5 13 0
-19 -4 -17 0
7 -18 -17 0
-8 -5 -20 0
