c instance by G2
c solution = 110100110010101001100010110
c Known solution cost is 7022 
p cnf 27 50
w 231 10 58 46 249 275 492 425 130 429 484 359 91 377 460 137 442 4 407 398 405 29 249 19 322 16 478
17 24 -9 0
-5 22 27 0
-26 -2 -14 0
17 -3 -5 0
-1 -4 -14 0
-26 4 -13 0
5 1 3 0
22 -6 -8 0
14 7 24 0
-1 -9 21 0
18 26 20 0
-16 17 -4 0
-9 -13 27 0
2 -17 -14 0
-14 9 27 0
26 -14 24 0
26 21 24 0
-15 -10 9 0
11 27 -23 0
-7 1 -5 0
20 -5 -11 0
18 11 -26 0
8 -4 3 0
12 17 -27 0
-22 24 -1 0
4 21 13 0
9 12 18 0
23 -17 -14 0
-3 -11 22 0
17 27 -12 0
-10 -11 1 0
-20 -26 -18 0
15 -2 9 0
23 14 17 0
10 -12 -26 0
-27 8 -11 0
-13 19 -25 0
18 26 -15 0
-21 -11 20 0
-1 -17 9 0
-2 -24 -7 0
-23 2 -13 0
23 22 26 0
-26 -20 10 0
-2 -1 -24 0
-4 13 -23 0
-2 25 9 0
-2 -24 -10 0
13 18 -24 0
3 -25 -22 0
