c instance by G2
c solution = 100000101010110110110010100
c Known solution cost is 7603 
p cnf 27 50
w 210 254 390 489 273 113 121 51 406 22 10 483 443 287 380 203 352 138 272 352 499 280 87 432 385 479 192
-11 -9 -24 0
-12 -1 24 0
-6 15 12 0
27 -12 4 0
-3 15 -9 0
-24 17 16 0
8 -5 12 0
-4 -11 18 0
1 -20 -7 0
13 24 5 0
-10 12 15 0
-8 -19 -3 0
13 24 16 0
4 17 -8 0
-1 22 11 0
22 14 -13 0
9 4 21 0
-11 21 17 0
-8 10 20 0
-13 -7 16 0
-25 15 -26 0
22 13 24 0
-15 21 -4 0
19 4 -20 0
-15 -17 -19 0
-20 -26 4 0
27 -3 -8 0
-2 21 26 0
20 -26 14 0
-20 -23 -2 0
-19 -27 8 0
-20 -23 -22 0
3 8 -18 0
18 -12 -3 0
18 21 25 0
7 10 2 0
-4 -24 7 0
23 -1 -11 0
-20 27 -21 0
-15 4 13 0
27 21 20 0
11 -16 15 0
3 11 -27 0
-23 -13 -8 0
-23 -14 -4 0
-12 6 18 0
17 -5 -26 0
25 -1 -13 0
3 -6 -11 0
12 -9 17 0
