c instance by G2
c solution = 011001001010001000100111111
c Known solution cost is 7358 
p cnf 27 50
w 226 197 216 176 78 482 250 66 173 462 350 328 472 492 403 456 350 84 376 445 64 152 255 375 250 140 40
-15 -7 -19 0
-11 -10 1 0
11 14 8 0
23 -12 26 0
-10 15 11 0
17 1 22 0
7 5 11 0
13 -19 3 0
-19 -5 7 0
-18 1 -23 0
-11 26 -9 0
6 8 9 0
13 23 -3 0
9 -4 10 0
25 -3 13 0
-14 -22 -27 0
-3 -15 -21 0
23 -11 -15 0
5 -12 -25 0
-21 16 -24 0
-17 -1 -11 0
-26 -23 2 0
-15 13 -17 0
8 11 -7 0
10 17 27 0
-9 -20 -6 0
18 26 -6 0
-24 -19 -20 0
8 14 25 0
-25 5 -20 0
2 16 -7 0
-25 -8 17 0
-2 24 16 0
26 -25 -2 0
-27 16 6 0
6 15 -18 0
19 20 8 0
-20 7 13 0
21 12 -16 0
-3 9 -6 0
4 5 -20 0
-13 20 14 0
15 21 -24 0
10 -2 24 0
20 -27 19 0
-4 13 3 0
1 25 4 0
-15 -2 -13 0
-4 -6 12 0
20 18 -1 0
