c instance by G2
c solution = 100101100011001000010010101
c Known solution cost is 6493 
p cnf 27 50
w 103 255 302 75 136 74 179 405 356 202 363 363 394 90 348 302 188 335 214 349 283 118 25 325 323 97 289
2 13 -26 0
-24 14 17 0
15 -18 -3 0
-3 -4 -7 0
14 21 -8 0
-27 -16 -20 0
-1 -21 -7 0
-15 18 -16 0
24 -23 7 0
-5 -8 -21 0
-15 27 18 0
-10 11 22 0
13 -19 22 0
-20 8 11 0
12 18 -4 0
-1 -17 8 0
-15 20 -27 0
-18 -15 26 0
24 15 -3 0
14 -9 19 0
2 5 -13 0
17 1 13 0
25 -8 -2 0
-23 -17 -4 0
21 2 23 0
24 -22 -25 0
4 23 21 0
27 -16 21 0
2 -5 -20 0
-5 13 -14 0
-5 -20 21 0
-5 2 -18 0
7 -9 16 0
19 -16 -12 0
8 20 3 0
-10 26 -12 0
2 -16 -13 0
27 -4 -2 0
-6 -27 20 0
-12 27 -26 0
-15 25 16 0
18 -2 -7 0
-9 17 10 0
4 -7 -25 0
-8 -15 -2 0
19 8 -3 0
-25 -14 3 0
-11 6 -23 0
15 19 -1 0
-10 16 -7 0
