c instance by G2
c solution = 110110011111011100010011111
c Known solution cost is 7406 
p cnf 27 50
w 298 395 84 166 385 319 454 358 62 260 300 12 442 495 293 16 347 372 471 323 39 83 372 49 472 216 323
-17 -22 -12 0
22 3 -21 0
13 -11 14 0
-19 -12 -24 0
1 -2 21 0
9 2 15 0
-9 23 -2 0
26 -14 -12 0
-10 -9 -13 0
2 7 -1 0
-15 11 -4 0
-27 21 15 0
-25 4 -16 0
20 -14 -2 0
-11 27 -26 0
26 6 -14 0
-7 -9 -4 0
1 -25 -19 0
3 18 -21 0
-3 -8 -24 0
5 -15 -8 0
24 13 -5 0
25 10 -1 0
-6 -7 -24 0
-11 27 -6 0
26 5 19 0
13 14 10 0
-14 9 18 0
24 8 -6 0
-21 9 -4 0
21 -1 10 0
-20 -6 -24 0
17 -19 18 0
-17 13 6 0
13 -15 8 0
-8 -5 -22 0
16 17 -26 0
-22 7 -24 0
3 -23 10 0
25 -10 -5 0
-13 -12 -24 0
-1 12 -24 0
-13 7 -1 0
-18 -8 -25 0
-6 -23 -8 0
16 3 -4 0
23 -5 -6 0
-18 -2 21 0
17 -10 15 0
-4 -22 -5 0
