c instance by G2
c solution = 100011000010110000101010001
c Known solution cost is 5998 
p cnf 27 50
w 67 297 148 266 302 135 202 94 363 242 218 153 320 130 404 310 36 164 324 119 276 404 241 269 74 230 210
12 -8 2 0
-18 4 -19 0
5 -12 23 0
-4 -21 -23 0
25 -22 -19 0
-9 2 -27 0
26 -7 -1 0
-5 3 -16 0
15 -2 -1 0
19 20 22 0
23 -11 26 0
17 1 -19 0
-1 -23 -16 0
-15 10 -7 0
12 25 -26 0
-24 15 9 0
10 -26 19 0
9 -20 -6 0
-2 6 8 0
7 -14 -18 0
-17 4 13 0
-12 24 14 0
26 2 6 0
18 20 -3 0
-15 -25 -21 0
23 -15 -11 0
25 -4 -21 0
16 5 -1 0
14 4 12 0
-9 15 -3 0
24 25 -9 0
-15 -25 -22 0
-25 -14 8 0
17 -4 11 0
-10 9 25 0
24 22 -2 0
8 -15 18 0
-12 3 -21 0
13 -19 18 0
-17 18 26 0
-1 -15 25 0
2 -18 10 0
21 18 4 0
-12 23 -26 0
19 -13 7 0
20 3 11 0
-24 7 25 0
16 27 17 0
-6 -26 -24 0
-25 21 10 0
