c instance by G2
c solution = 001001110000111011110110101
c Known solution cost is 6942 
p cnf 27 50
w 203 458 231 366 208 141 377 352 122 346 377 42 445 388 114 49 463 4 198 28 469 401 208 281 309 144 218
2 -16 -13 0
-26 4 -7 0
10 -4 9 0
1 6 -23 0
-18 4 -21 0
-27 16 23 0
23 5 -25 0
11 -12 -18 0
-4 12 19 0
7 -1 -10 0
21 1 15 0
6 16 -13 0
-15 -1 -23 0
-12 2 7 0
-5 -27 -20 0
-18 -6 23 0
9 -2 10 0
-9 -3 12 0
-22 -26 -17 0
-4 -15 -12 0
-23 -18 -10 0
11 13 1 0
-8 24 -2 0
-25 3 -14 0
7 13 -4 0
18 -22 -27 0
-12 -10 -18 0
-10 -8 6 0
13 -25 7 0
-4 -19 25 0
3 6 -21 0
-11 9 -25 0
-13 -16 -26 0
-27 -20 17 0
-9 2 11 0
-22 -15 -24 0
-13 19 -27 0
-25 -19 8 0
20 -3 10 0
-15 -17 22 0
-11 2 -27 0
2 27 -18 0
-15 -3 25 0
18 -23 -25 0
23 -10 -12 0
-13 7 21 0
-27 14 1 0
5 -12 -14 0
-27 -26 21 0
17 22 1 0
