c instance by G2
c solution = 101000100000101010111111000
c Known solution cost is 7748 
p cnf 27 50
w 135 171 309 246 278 478 331 403 96 257 226 488 177 13 168 482 474 276 212 382 336 267 271 453 170 230 419
5 20 -7 0
24 20 -3 0
-2 3 27 0
-17 -3 -5 0
16 13 12 0
15 1 -23 0
-21 1 9 0
-25 -20 -26 0
-10 15 -2 0
10 21 16 0
-15 -25 11 0
-14 -15 -25 0
25 -22 7 0
24 6 15 0
-26 16 -14 0
3 -21 -19 0
9 7 6 0
19 26 -23 0
23 -1 9 0
16 -6 25 0
14 -5 -1 0
-20 -2 25 0
-16 21 18 0
23 -2 -11 0
25 12 -11 0
10 3 11 0
-16 2 -20 0
-3 -18 20 0
27 -4 12 0
-20 18 17 0
-14 -13 25 0
-10 11 -23 0
-11 -4 6 0
4 -12 19 0
-17 15 -13 0
6 -8 -24 0
11 22 10 0
24 11 6 0
-1 21 -13 0
27 26 -9 0
27 -16 -21 0
-24 -18 -22 0
-4 21 19 0
-26 -13 25 0
12 -24 19 0
7 -15 -3 0
-27 10 -23 0
17 -18 20 0
-2 11 22 0
-21 -15 -12 0
