c instance by G2
c solution = 1001101111000011001101000011111011101
c Known solution cost is 8706 
p cnf 37 50
w 446 111 186 369 273 239 24 35 56 219 346 350 149 56 27 147 498 432 351 251 115 346 144 403 237 184 437 459 230 64 345 200 142 177 282 376 0
-11 21 2 0
26 -20 27 0
28 -33 37 0
16 -29 32 0
-7 37 -8 0
-28 -25 3 0
-27 35 -19 0
-13 37 -24 0
-26 12 -21 0
22 3 -34 0
18 12 -17 0
-35 19 -37 0
-37 -4 -6 0
-30 5 36 0
-14 -30 -32 0
-19 -8 4 0
-11 -24 22 0
-19 -34 9 0
-33 27 -19 0
6 29 -31 0
-19 1 26 0
10 11 13 0
-8 36 5 0
-26 -24 14 0
3 -23 -7 0
11 3 33 0
-15 31 23 0
12 -13 -35 0
-9 -20 30 0
26 -3 -34 0
-37 -24 -7 0
31 2 -22 0
-23 -4 -27 0
-12 -7 -15 0
-36 2 -4 0
37 -20 -15 0
32 8 26 0
-5 15 -20 0
-2 -10 -18 0
-4 -2 21 0
-8 11 -21 0
-8 11 34 0
-29 7 -28 0
-32 -4 -7 0
-3 -30 -21 0
-9 -18 24 0
28 -8 -1 0
32 17 20 0
-14 -27 -10 0
-1 -19 -26 0
