c instance by G2
c solution = 0110010101101001110101111010110000011
c Known solution cost is 9522 
p cnf 37 50
w 115 340 321 139 74 108 47 85 197 391 220 345 480 284 101 436 315 31 324 282 450 495 60 237 262 93 311 228 274 194 487 424 220 291 108 340 413
-34 -20 25 0
-35 -30 -19 0
-23 20 12 0
13 -17 9 0
-15 -23 -8 0
-36 -26 -17 0
-22 34 -33 0
-24 -23 -5 0
-28 15 7 0
22 36 -15 0
-20 1 -26 0
-13 17 31 0
-1 -17 -3 0
16 -31 14 0
25 -11 12 0
-20 -34 -23 0
21 2 -20 0
-13 -25 -14 0
21 33 30 0
13 -6 35 0
-19 -17 -16 0
27 -25 -20 0
-23 -2 37 0
22 21 9 0
-19 -5 -29 0
-31 -22 12 0
18 -36 -27 0
-32 4 -3 0
-11 -25 6 0
22 -35 -3 0
3 -37 -27 0
-7 16 24 0
-4 1 6 0
-8 5 -7 0
-17 36 -37 0
-8 -4 -30 0
33 -12 -11 0
10 -18 -24 0
16 -24 -11 0
29 15 -22 0
-22 -35 21 0
24 35 15 0
23 6 15 0
19 8 -2 0
4 -3 23 0
-35 5 -6 0
-27 -36 -21 0
11 32 -8 0
-1 -36 -12 0
34 31 -9 0
