c instance by G2
c solution = 1111000000101011100011001011010110111
c Known solution cost is 9631 
p cnf 37 50
w 425 80 391 35 91 449 449 64 331 330 251 112 484 105 413 138 468 116 426 350 349 152 243 210 488 68 459 477 453 66 179 158 333 52 332 36 68
-35 26 15 0
5 33 7 0
-17 4 -1 0
-13 25 -37 0
11 -9 29 0
-30 -16 -29 0
-6 -27 26 0
-35 17 20 0
-32 -23 -3 0
-13 -27 -5 0
-31 -4 5 0
-8 22 -16 0
-19 -14 16 0
-24 -15 -33 0
-15 11 27 0
-33 -15 -14 0
-13 -2 -18 0
32 14 -13 0
20 -8 -13 0
16 -23 -19 0
34 12 21 0
-26 18 -3 0
-2 35 26 0
6 -2 1 0
-34 -17 -16 0
10 -4 -12 0
20 -3 -9 0
28 -21 -11 0
-4 -17 11 0
-24 -25 32 0
-35 -20 -21 0
-10 8 18 0
34 6 32 0
10 25 7 0
-26 10 -33 0
16 23 5 0
-35 -2 -19 0
-37 -18 -8 0
12 2 -29 0
23 14 -7 0
29 37 -25 0
36 -4 -27 0
7 13 -30 0
2 5 -36 0
19 -16 35 0
-2 22 -36 0
-15 -25 30 0
-26 -8 24 0
-13 3 23 0
12 -4 27 0
