c instance by G2
c solution = 0111100001100111011011100110111101110
c Known solution cost is 9447 
p cnf 37 50
w 458 205 418 280 193 469 232 323 109 151 359 371 371 77 203 400 13 231 38 7 166 121 315 250 165 480 303 485 274 444 276 227 1 401 328 184 119
-36 -10 -1 0
8 26 -29 0
5 -10 -21 0
23 37 -18 0
-23 -10 30 0
-14 2 37 0
-19 12 27 0
15 -31 8 0
24 -10 22 0
-9 7 -4 0
-17 -21 -16 0
10 36 -14 0
4 -14 -5 0
-36 -17 -15 0
-25 -31 -11 0
-25 15 -35 0
-12 -24 -18 0
-19 37 -17 0
-10 24 16 0
24 -28 -18 0
-10 17 -37 0
-15 20 3 0
-21 23 -32 0
-31 13 14 0
-31 -30 -33 0
36 -16 33 0
27 34 -20 0
33 9 10 0
-1 -30 -16 0
8 -3 32 0
-3 35 -4 0
12 -8 -23 0
-16 22 -11 0
10 21 18 0
11 -6 15 0
-12 -23 33 0
-32 -13 6 0
-3 34 -26 0
-32 -5 29 0
33 -14 18 0
-4 -24 -36 0
25 21 -18 0
-7 -14 -2 0
-16 32 -35 0
-2 31 24 0
3 10 -18 0
-6 -34 -3 0
-30 -31 -20 0
19 -5 -30 0
11 -19 -31 0
