c instance by G2
c solution = 0011001111111100111100011001001100001
c Known solution cost is 9875 
p cnf 37 50
w 387 436 136 94 428 153 111 419 276 486 219 392 110 178 228 58 275 92 415 26 380 306 272 392 458 325 419 457 321 328 102 127 41 191 368 293 176
29 -6 -28 0
29 2 11 0
-1 -7 -8 0
-4 -17 -1 0
-35 1 23 0
18 -24 34 0
-7 2 -23 0
16 -19 -22 0
-25 -18 32 0
27 9 35 0
33 26 17 0
-23 21 2 0
6 26 -21 0
16 -35 20 0
-33 -32 -18 0
10 33 15 0
-15 -34 -24 0
34 21 14 0
-2 3 -26 0
-31 -3 -16 0
-6 20 16 0
-2 -19 -7 0
-2 21 -25 0
-14 19 -28 0
-8 -26 -37 0
-4 -9 11 0
34 3 22 0
-14 -29 1 0
-15 -3 -10 0
13 15 -20 0
-14 -4 31 0
-32 36 -34 0
-20 28 -17 0
-34 32 36 0
-20 26 12 0
35 7 -12 0
33 22 3 0
19 34 2 0
-7 13 24 0
33 25 1 0
-14 24 22 0
37 -28 5 0
-18 -14 -27 0
16 -28 -34 0
8 16 -32 0
-28 33 20 0
-36 15 -24 0
4 33 -9 0
-5 -14 36 0
5 23 -30 0
