c instance by G2
c solution = 0111101011111010001000110100100000111
c Known solution cost is 10896 
p cnf 37 50
w 296 470 329 175 464 330 358 9 434 448 46 462 485 473 354 376 262 254 415 89 471 1 120 87 296 457 290 347 168 214 312 306 413 208 17 203 457
1 16 -22 0
-14 16 -9 0
-36 2 19 0
29 31 -13 0
16 15 -10 0
31 21 -16 0
16 18 4 0
19 -21 16 0
-16 15 -3 0
-6 -24 -12 0
1 -23 3 0
-10 16 -28 0
-26 14 -34 0
27 11 6 0
-23 -24 26 0
-36 -14 -24 0
-30 32 -7 0
37 22 25 0
27 -29 -33 0
12 20 34 0
-34 35 36 0
17 -27 -35 0
-11 -21 -15 0
16 28 -32 0
3 6 23 0
2 -35 36 0
9 4 -28 0
8 17 -1 0
2 -26 25 0
8 13 30 0
-11 19 21 0
35 -29 32 0
-30 23 12 0
32 -8 -3 0
24 22 16 0
3 15 26 0
18 -25 -26 0
5 -23 -2 0
-17 -4 -12 0
25 7 8 0
9 33 -12 0
-26 -34 35 0
-17 12 8 0
-37 34 10 0
-29 -18 20 0
-31 -2 1 0
-2 -26 36 0
-15 24 -12 0
-20 -35 -4 0
23 -37 21 0
