c instance by G2
c solution = 0111001101101011010000011110010010111
c Known solution cost is 8997 
p cnf 37 50
w 498 113 146 400 255 75 241 354 58 134 247 122 3 413 389 145 455 230 50 292 283 133 469 133 214 109 489 64 307 330 136 411 259 59 199 421 361
32 13 -24 0
-18 -4 30 0
15 -8 -13 0
18 -27 6 0
-17 -36 -10 0
20 16 -7 0
-10 20 26 0
-25 -23 9 0
17 -7 -1 0
-18 -7 -34 0
28 -25 35 0
6 -22 -24 0
11 37 1 0
-7 8 -13 0
-30 -25 2 0
-26 17 4 0
19 25 28 0
17 3 -27 0
22 36 -15 0
1 20 35 0
-10 -37 -19 0
9 35 6 0
-36 32 -5 0
17 -26 37 0
-21 19 -37 0
-12 -13 23 0
21 33 -26 0
-2 -30 -9 0
17 -18 -29 0
34 -30 27 0
8 -4 28 0
-14 -11 -7 0
-14 -37 -35 0
-16 -19 -25 0
33 16 -8 0
-32 -13 19 0
-16 -30 -6 0
6 -27 7 0
6 25 34 0
1 -12 17 0
-3 -33 24 0
28 31 -20 0
-28 23 22 0
1 -25 37 0
-9 -23 -21 0
-31 -25 -36 0
9 -5 -11 0
19 11 -36 0
-27 10 32 0
25 32 -36 0
