c instance by G2
c solution = 0111011011000000111000101011110011011
c Known solution cost is 8340 
p cnf 37 50
w 274 318 49 497 363 125 324 207 471 60 408 91 171 432 221 334 145 181 282 367 288 183 144 277 14 474 199 454 64 12 17 181 381 25 120 168 19
-15 -29 -9 0
-6 -5 20 0
14 11 28 0
-3 10 21 0
4 -36 -25 0
-26 -7 -10 0
-34 32 6 0
-23 -24 -4 0
16 20 34 0
-31 1 -29 0
-4 21 -16 0
15 -30 -22 0
-36 30 24 0
-3 26 -12 0
-4 -32 -28 0
-30 -6 18 0
15 11 27 0
-16 -25 8 0
6 -19 -33 0
-34 -12 15 0
23 -33 15 0
-28 33 13 0
-6 -2 -35 0
-1 21 -10 0
-11 13 -7 0
7 -9 22 0
26 13 -14 0
22 19 31 0
31 9 13 0
13 -11 -7 0
-21 -36 1 0
12 -20 -2 0
-13 5 -25 0
-25 -27 18 0
24 36 20 0
-16 -36 -10 0
-34 -33 37 0
3 -34 -1 0
-28 -37 17 0
-8 -37 -18 0
25 20 -2 0
-36 31 29 0
-29 2 -7 0
6 20 30 0
32 2 -3 0
28 20 7 0
-7 36 -6 0
31 3 -34 0
-7 32 -11 0
-28 27 13 0
