c instance by G2
c solution = 1110111100110000010110010111110000000
c Known solution cost is 8878 
p cnf 37 50
w 35 245 221 376 159 95 380 277 230 270 11 496 190 2 255 65 61 342 273 340 11 403 181 296 37 138 441 253 301 337 128 284 382 327 247 377 412
34 30 -12 0
20 33 -1 0
-4 -3 -6 0
14 -8 -19 0
-2 7 17 0
2 -21 14 0
33 31 28 0
-28 1 36 0
-37 5 -29 0
-1 -32 -13 0
5 -15 26 0
-33 -12 -30 0
-20 -14 31 0
15 -12 26 0
17 -6 -14 0
-32 -16 -21 0
33 -2 -34 0
-9 10 36 0
37 -3 21 0
-1 12 14 0
-37 12 -23 0
34 -16 -28 0
15 -32 -6 0
-22 -16 -19 0
12 -30 32 0
-29 35 -17 0
-9 -8 36 0
-27 -2 -35 0
-10 -21 34 0
18 15 16 0
-18 22 -23 0
-1 28 37 0
-20 22 26 0
-25 -2 4 0
-6 4 3 0
11 36 17 0
5 33 -24 0
25 29 -9 0
10 -3 -37 0
16 -31 33 0
27 -8 -7 0
23 -13 -18 0
8 32 31 0
16 -20 -22 0
15 29 10 0
9 24 -18 0
-13 34 10 0
6 -24 -11 0
-15 -30 33 0
14 -36 -8 0
