c instance by G2
c solution = 1000101010011001011110110111010110010
c Known solution cost is 8247 
p cnf 37 50
w 277 174 34 386 131 484 66 76 313 208 466 88 17 67 155 154 421 43 123 97 336 442 130 497 376 392 13 314 435 28 210 262 88 48 127 280 489
37 7 36 0
4 -16 7 0
13 -23 31 0
-32 26 25 0
-12 14 -6 0
18 34 -26 0
3 13 28 0
-6 -22 -34 0
14 -34 8 0
31 -12 -11 0
-32 -3 14 0
-13 5 -30 0
-24 -22 15 0
36 -10 14 0
-16 -9 23 0
25 1 3 0
23 25 34 0
-2 31 29 0
-22 29 9 0
31 34 -10 0
-30 -35 29 0
30 -20 -18 0
6 27 25 0
20 11 29 0
19 -23 -5 0
-24 2 -4 0
17 3 21 0
-32 33 -25 0
25 23 34 0
-37 -20 -1 0
24 -36 -21 0
-5 -20 -25 0
-30 19 27 0
-18 -32 -14 0
14 -32 9 0
-35 8 28 0
36 3 14 0
28 -20 -13 0
-20 30 12 0
4 32 -24 0
-19 -1 -29 0
-36 -26 21 0
16 -1 34 0
-31 15 -1 0
3 -27 -15 0
-5 33 22 0
-16 10 -2 0
12 8 -20 0
-23 -32 -8 0
4 -17 -1 0
