c instance by G2
c solution = 0101111011110101000101101100001000100
c Known solution cost is 8787 
p cnf 37 50
w 125 63 274 145 309 248 289 383 226 190 448 124 144 489 44 312 139 85 294 3 295 76 243 343 298 478 354 68 232 32 167 20 145 323 429 457 493
-28 31 -13 0
-8 -2 -9 0
32 -15 27 0
17 22 -5 0
-5 25 34 0
15 -24 -16 0
19 27 6 0
-9 17 -30 0
1 -19 30 0
4 35 -31 0
29 35 -2 0
33 18 12 0
-1 27 -22 0
10 28 29 0
33 -4 -13 0
-9 17 2 0
15 -33 -25 0
14 30 -23 0
23 -4 -9 0
-25 1 26 0
-29 5 17 0
-20 -15 -22 0
-32 -11 33 0
11 33 19 0
-31 8 -37 0
7 13 33 0
-19 -10 7 0
1 36 9 0
-35 -17 34 0
20 -10 14 0
12 -20 29 0
-22 -16 11 0
-15 30 5 0
-18 7 -25 0
37 28 23 0
16 13 33 0
5 32 -25 0
-36 -20 33 0
13 -11 -29 0
34 -2 4 0
3 -2 -28 0
37 -12 -17 0
15 20 19 0
1 8 -3 0
21 -10 -18 0
4 3 -31 0
-21 37 -4 0
-4 28 -27 0
3 -22 -34 0
8 31 15 0
