c instance by G2
c solution = 1111001101010001011110010000101101000
c Known solution cost is 8955 
p cnf 37 50
w 401 402 319 46 498 170 375 260 201 79 330 85 181 404 406 229 319 185 277 168 199 37 132 20 46 488 211 287 116 118 412 31 331 399 395 219 179
14 6 -15 0
-35 4 -8 0
-9 -18 25 0
-8 29 -18 0
-33 -2 5 0
19 25 -21 0
-18 33 -22 0
33 35 18 0
16 26 -32 0
-26 -29 -8 0
5 10 6 0
-7 -30 6 0
-29 2 -4 0
35 22 -17 0
-10 30 32 0
23 9 1 0
35 31 -3 0
-32 18 -8 0
15 9 -23 0
-1 15 12 0
-12 -17 -29 0
5 32 -19 0
-10 33 -14 0
24 -27 -3 0
-4 -18 -28 0
13 -7 -35 0
23 17 -15 0
-9 29 -36 0
20 -10 5 0
-27 -1 -16 0
34 -18 -3 0
4 5 35 0
6 25 7 0
-23 7 -5 0
9 -33 -4 0
-6 33 -30 0
-6 -24 17 0
-18 -11 37 0
-5 -28 -24 0
-24 15 -5 0
-31 21 -32 0
-18 -21 3 0
14 27 -13 0
11 -7 19 0
-8 -25 -18 0
2 -8 32 0
-16 9 24 0
35 -2 -36 0
-37 -4 14 0
8 9 -19 0
