c instance by G2
c solution = 1010000101000110110100000010111001110
c Known solution cost is 9736 
p cnf 37 50
w 125 346 31 360 429 436 369 251 493 14 326 249 249 173 295 489 469 180 447 290 60 499 352 470 319 13 137 210 53 20 327 127 79 466 137 114 332
-35 -9 19 0
7 -31 -22 0
5 -16 33 0
-28 34 14 0
-21 -28 -1 0
4 5 3 0
13 -26 5 0
19 -34 35 0
23 37 36 0
-18 -32 2 0
22 -6 4 0
-35 17 5 0
-37 33 5 0
-30 -20 -33 0
9 -11 -17 0
16 -20 8 0
14 -8 22 0
-27 -26 12 0
18 13 -10 0
9 -19 -8 0
26 28 -21 0
-20 23 27 0
34 5 -14 0
31 -18 28 0
-34 -29 -5 0
-10 29 -1 0
37 36 13 0
1 9 -30 0
-27 13 -28 0
8 -29 -24 0
-8 -24 -3 0
25 -13 -34 0
22 13 35 0
8 19 -2 0
-17 15 -29 0
7 -10 -4 0
-25 -4 16 0
37 32 -12 0
13 -7 -1 0
-25 -17 -29 0
2 -34 20 0
30 7 20 0
-35 10 -18 0
23 -14 -5 0
-29 5 -23 0
-2 -36 4 0
37 -28 -29 0
-16 -25 -3 0
30 -27 24 0
-20 -30 -12 0
