c instance by G2
c solution = 1100101001100110111001101010111001010
c Known solution cost is 10207 
p cnf 37 50
w 381 346 2 289 431 287 69 227 441 187 258 234 444 458 155 56 85 437 395 136 464 361 288 269 437 341 72 344 269 330 1 72 442 301 207 351 340
31 16 11 0
-10 20 -4 0
27 -2 -18 0
-10 -23 1 0
10 24 -17 0
-31 30 4 0
-20 -7 -14 0
11 -7 20 0
-10 1 -19 0
22 21 -6 0
-30 -2 34 0
33 7 24 0
-37 25 33 0
35 -34 5 0
-36 -32 4 0
-36 -7 31 0
13 20 22 0
29 -1 -31 0
18 22 -25 0
-34 -6 -25 0
-15 -34 -33 0
-30 2 -15 0
33 -29 -26 0
-30 -33 -14 0
19 -21 -20 0
23 16 -15 0
9 20 -16 0
15 26 -27 0
-9 37 -27 0
31 -15 -14 0
37 17 20 0
36 -29 -1 0
29 -20 -36 0
3 -8 12 0
-22 19 -25 0
13 -17 -24 0
-37 -11 26 0
-18 -30 22 0
-11 -3 -34 0
18 3 26 0
-12 -25 3 0
19 -18 14 0
14 -23 -11 0
24 -21 -19 0
4 21 -35 0
14 -27 26 0
-13 -14 -30 0
-15 4 25 0
4 -19 -28 0
1 19 -4 0
