c instance by G2
c solution = 0000000001000101000101101110010000100
c Known solution cost is 9775 
p cnf 37 50
w 254 474 233 339 491 368 494 429 230 141 124 422 400 14 293 423 334 390 62 383 110 318 229 227 271 16 89 106 31 469 295 13 50 198 307 494 254
-12 7 -26 0
-19 29 2 0
31 16 21 0
24 -22 20 0
-5 32 -15 0
-14 -33 15 0
-18 -23 8 0
-12 -5 -29 0
-25 29 -9 0
21 36 25 0
-37 15 27 0
29 -28 -10 0
-2 15 29 0
-29 -30 1 0
24 26 7 0
-3 19 8 0
27 -18 -16 0
29 -27 -36 0
-31 3 36 0
37 -3 12 0
-8 1 -14 0
34 -15 18 0
7 5 -8 0
-11 6 -35 0
13 22 15 0
-13 32 18 0
-24 -19 5 0
-1 36 -16 0
-14 -30 -4 0
10 24 9 0
-28 -17 37 0
-20 29 -28 0
-6 -14 -27 0
23 1 11 0
34 20 6 0
8 -25 35 0
19 32 -37 0
-5 18 36 0
-22 -19 32 0
17 1 27 0
20 -28 -5 0
6 -34 7 0
15 -35 -21 0
19 -32 7 0
-25 15 -17 0
30 28 7 0
6 19 -7 0
14 31 -26 0
8 4 -24 0
19 -10 -36 0
