c instance by G2
c solution = 1101001101111110000101111011110101010
c Known solution cost is 8283 
p cnf 37 50
w 200 116 218 134 435 413 121 203 421 451 321 15 361 252 106 131 45 214 384 379 286 412 46 25 195 327 98 200 179 232 15 385 482 299 64 13 105
-30 14 -8 0
31 23 17 0
27 -32 -30 0
15 32 37 0
-36 -35 -1 0
-27 -32 25 0
16 -33 37 0
33 -37 -23 0
-36 7 -10 0
-7 -1 13 0
-2 -12 4 0
29 9 -12 0
10 -2 -25 0
29 28 3 0
-22 -14 7 0
17 -16 19 0
36 -16 -37 0
-25 5 -17 0
24 -32 -2 0
20 -14 -8 0
1 33 -34 0
-19 33 -22 0
37 -18 -4 0
-21 -28 31 0
-31 -36 19 0
-26 5 9 0
33 26 2 0
5 36 37 0
2 -11 -31 0
23 -11 -29 0
37 34 -29 0
-19 2 -14 0
6 9 23 0
17 -22 8 0
15 -36 -13 0
-22 28 -13 0
31 19 30 0
-6 -7 -32 0
20 8 7 0
-11 20 -7 0
3 11 -24 0
-5 -7 -32 0
-12 -24 22 0
1 14 24 0
3 -23 32 0
26 -3 -36 0
-28 -10 -9 0
-37 5 19 0
-32 37 12 0
-21 -34 -33 0
