c instance by G2
c solution = 0101000000001110110011001110001000100
c Known solution cost is 9353 
p cnf 37 50
w 2 422 85 196 290 416 257 198 264 210 240 262 465 3 394 379 19 205 208 173 397 46 28 413 66 322 303 434 198 281 414 82 486 179 479 477 60
-29 10 -4 0
-25 -8 24 0
-21 -7 32 0
34 -19 -14 0
27 -25 19 0
34 19 27 0
6 -2 -1 0
-29 -28 9 0
13 -7 21 0
4 6 11 0
-17 22 -37 0
20 -22 -36 0
11 1 21 0
26 -31 5 0
33 13 24 0
14 -18 30 0
-35 -3 10 0
34 -30 9 0
25 30 12 0
-6 -25 8 0
19 -16 -13 0
-9 6 -27 0
-28 -31 1 0
-14 22 28 0
6 -15 -32 0
20 17 33 0
-11 -8 -2 0
36 7 21 0
-33 30 28 0
11 31 -2 0
16 18 -15 0
34 -21 -10 0
2 12 37 0
-5 -3 -30 0
-34 -13 30 0
7 5 -11 0
-25 -37 30 0
20 6 -10 0
-20 11 29 0
22 -25 7 0
29 17 -26 0
-2 -32 -33 0
-25 9 15 0
-2 -5 11 0
-12 19 20 0
-24 -35 -21 0
-15 20 35 0
-36 9 -2 0
21 13 16 0
-23 24 -27 0
