c instance by G2
c solution = 110001111001100101101001011000
c Known solution cost is 8056 
p cnf 30 50
w 459 111 50 196 353 238 437 81 443 65 350 499 392 47 302 487 283 195 33 122 196 154 377 266 396 282 426 31 340 445
-12 26 20 0
10 4 24 0
-3 30 4 0
-26 -20 11 0
27 -28 -7 0
-17 3 28 0
15 -13 19 0
-21 9 11 0
20 1 4 0
26 13 11 0
22 5 7 0
-21 -28 15 0
-19 1 15 0
-2 -27 -30 0
3 30 -15 0
9 -18 -28 0
11 -25 -22 0
8 -1 -14 0
14 -29 -20 0
30 12 28 0
-13 8 17 0
-20 15 -25 0
17 27 -26 0
26 13 -5 0
20 16 23 0
22 -29 -27 0
29 25 -23 0
5 13 4 0
-22 3 -19 0
-2 24 21 0
-20 -7 -3 0
15 2 -18 0
6 17 28 0
-14 -13 29 0
-6 -10 11 0
28 18 -6 0
-9 -1 -5 0
29 -16 21 0
24 -4 13 0
-9 10 24 0
7 19 27 0
-17 -25 5 0
7 27 14 0
-24 5 12 0
24 -10 -11 0
12 -13 -16 0
10 -11 17 0
-8 5 -25 0
18 -13 27 0
-18 -4 11 0
