c instance by G2
c solution = 011110010101011111100011101110
c Known solution cost is 7440 
p cnf 30 50
w 396 406 199 5 308 442 420 320 12 43 188 131 289 397 10 433 407 358 50 144 168 424 444 278 315 206 102 105 385 55
-14 -27 2 0
8 -4 11 0
-3 -1 9 0
21 4 -27 0
-8 -26 -29 0
22 -13 -29 0
11 -30 -25 0
-8 18 -2 0
27 -19 -14 0
-7 -14 3 0
-5 28 -27 0
-2 -14 -11 0
-21 10 4 0
-27 -17 29 0
22 -8 -7 0
27 4 28 0
-12 1 -6 0
-9 -22 -23 0
17 -23 -10 0
-12 -17 5 0
-6 -1 7 0
29 -25 9 0
5 25 -30 0
-11 -30 7 0
3 1 26 0
-15 -19 25 0
28 -14 19 0
-29 16 20 0
-25 -7 20 0
17 -25 -21 0
-5 -22 -25 0
10 20 -5 0
26 12 21 0
2 8 -3 0
30 -21 -3 0
14 -29 -16 0
24 -10 -4 0
-8 5 -19 0
-12 -16 -9 0
-8 15 21 0
-4 -2 19 0
19 13 29 0
30 13 -9 0
26 7 2 0
7 2 10 0
-6 -17 -25 0
-24 1 -20 0
-21 6 30 0
1 -3 23 0
-12 24 10 0
