c instance by G2
c solution = 001001101101010001111010000000
c Known solution cost is 7893 
p cnf 30 50
w 346 11 377 44 182 151 263 164 430 289 351 256 276 178 468 377 281 489 470 327 281 161 58 436 90 222 52 129 258 476
-26 -6 -16 0
-15 -14 16 0
9 4 -23 0
20 -17 10 0
-18 -2 -23 0
-2 14 11 0
4 -5 11 0
26 -7 23 0
-20 3 24 0
25 -14 6 0
-28 8 30 0
-11 -3 -18 0
-6 5 -24 0
29 -18 -4 0
26 -17 -19 0
-10 19 26 0
14 -7 -16 0
26 18 12 0
-26 -10 -14 0
-8 27 -7 0
2 -9 -16 0
-25 -3 -14 0
24 -7 20 0
-12 -13 -14 0
-26 -23 5 0
-5 -29 30 0
18 8 -23 0
-28 -26 -24 0
4 21 -3 0
-1 28 -24 0
-21 8 19 0
25 19 -18 0
28 -19 -30 0
29 7 27 0
-15 -6 -12 0
16 14 24 0
2 -1 29 0
23 2 29 0
-20 -15 -17 0
12 24 -7 0
28 20 5 0
-12 25 -27 0
23 -2 -16 0
-24 30 -19 0
8 7 23 0
7 -21 5 0
-3 -9 10 0
14 27 4 0
8 -29 -23 0
-22 8 4 0
