c instance by G2
c solution = 100001111000011110101100000001
c Known solution cost is 7822 
p cnf 30 50
w 356 227 179 74 464 21 470 11 385 484 387 421 45 86 200 96 269 197 310 128 385 323 490 209 437 228 215 109 414 202
-18 -14 3 0
9 -22 -6 0
-24 -6 10 0
-25 20 2 0
23 -16 -4 0
11 22 -30 0
-16 -19 -26 0
-23 26 11 0
-6 21 -9 0
-17 14 27 0
-14 -20 25 0
26 25 30 0
12 -21 1 0
-2 -29 3 0
-29 15 -17 0
-29 -9 2 0
12 15 -7 0
7 18 25 0
-17 -25 2 0
-9 1 11 0
7 -15 -6 0
-6 15 -9 0
10 19 11 0
-28 -22 29 0
20 25 -28 0
-17 -5 26 0
-11 30 2 0
-15 -30 -11 0
21 1 27 0
-13 -15 25 0
13 -17 -3 0
28 16 -2 0
-19 23 -28 0
8 -16 -6 0
27 -30 21 0
1 10 -22 0
13 -7 -10 0
5 16 -9 0
-6 4 -27 0
4 -12 20 0
17 -16 13 0
-17 3 -2 0
-9 3 6 0
2 -23 -29 0
-2 4 3 0
-17 -18 12 0
25 -4 9 0
18 10 -12 0
23 -25 11 0
-18 13 -11 0
