c instance by G2
c solution = 001100001001010100011000011111
c Known solution cost is 8158 
p cnf 30 50
w 250 139 61 446 362 30 453 344 444 325 491 320 313 96 151 350 432 337 172 25 257 368 316 145 284 458 51 56 465 217
-20 -9 30 0
7 -20 -11 0
-19 -9 -26 0
20 17 18 0
-19 -14 -7 0
26 1 14 0
16 -30 8 0
-12 -26 3 0
11 -8 19 0
-25 10 18 0
-7 13 -27 0
19 18 16 0
11 -13 -4 0
9 2 15 0
-23 -26 11 0
3 -1 -14 0
-9 -24 -20 0
-4 -2 25 0
6 -20 21 0
23 15 -10 0
-12 -5 18 0
1 7 -6 0
25 4 7 0
-9 -2 3 0
14 -12 -28 0
17 25 14 0
1 -22 19 0
19 -23 -9 0
10 -2 24 0
2 -6 -8 0
7 -29 27 0
-30 5 26 0
22 -23 26 0
12 -27 5 0
18 -26 28 0
-9 18 -24 0
15 -17 -21 0
-28 29 18 0
-2 16 -25 0
-15 23 -21 0
-26 -1 -14 0
18 29 22 0
-7 15 -18 0
-15 -29 23 0
5 -18 24 0
29 30 27 0
-21 -8 -26 0
-24 -19 -16 0
-28 12 -5 0
12 18 2 0
