c instance by G2
c solution = 001010101110110010101000110110
c Known solution cost is 7313 
p cnf 30 50
w 216 262 383 67 89 318 152 371 375 435 324 58 414 345 56 144 112 4 71 211 459 345 493 92 149 487 274 337 56 214
-9 14 -11 0
-28 -2 4 0
-13 10 -19 0
10 -28 -19 0
14 30 -5 0
-7 -22 12 0
-28 10 16 0
-17 -18 27 0
18 -23 1 0
8 11 23 0
-8 -18 17 0
-16 -28 -10 0
-29 10 17 0
-24 30 -21 0
-21 4 -24 0
5 -11 4 0
14 -26 -13 0
-16 30 1 0
-24 -11 9 0
14 -21 15 0
26 -30 -16 0
-1 15 20 0
30 -28 -4 0
3 20 -7 0
-19 24 7 0
6 27 9 0
-26 21 12 0
22 -24 -30 0
-21 -25 -6 0
-26 15 5 0
-4 19 30 0
-30 2 -25 0
24 -10 -12 0
-8 9 -28 0
-29 -20 -3 0
22 21 -6 0
-21 13 12 0
-21 25 -28 0
26 -19 30 0
17 30 24 0
6 -10 -15 0
29 -17 -21 0
19 16 -14 0
-24 -10 6 0
2 20 -8 0
18 11 -5 0
7 -4 13 0
6 4 19 0
27 24 28 0
-13 -10 -27 0
