c instance by G2
c solution = 001011001011111010100111011110
c Known solution cost is 7273 
p cnf 30 50
w 295 173 54 123 195 302 42 281 239 349 363 283 235 488 443 170 185 276 389 121 265 426 172 499 457 142 87 4 59 156
19 -15 -24 0
-14 -28 -18 0
-25 28 -5 0
17 16 -11 0
10 -12 5 0
2 -14 12 0
-24 26 21 0
11 7 -24 0
-28 15 -27 0
-15 23 8 0
-23 22 16 0
8 29 -28 0
-5 22 27 0
-9 -5 19 0
-27 -30 7 0
-7 8 -3 0
24 25 4 0
7 30 23 0
-7 1 -10 0
8 -29 27 0
-21 -27 10 0
-30 5 11 0
28 16 1 0
-2 25 4 0
15 -3 21 0
22 -16 6 0
9 -17 2 0
-17 21 -16 0
-8 -15 4 0
-4 -19 10 0
-2 20 3 0
1 -25 -5 0
-30 13 -4 0
24 12 -9 0
3 -7 -23 0
-8 11 -25 0
5 -4 9 0
14 8 -29 0
-15 -28 -20 0
12 20 -11 0
-22 -3 11 0
13 25 16 0
2 6 -9 0
-1 -29 25 0
-28 -10 18 0
24 -25 -29 0
21 -18 25 0
4 26 18 0
-13 30 3 0
23 12 -15 0
