c instance by G2
c solution = 000000000001110000100000101100
c Known solution cost is 7084 
p cnf 30 50
w 133 236 169 265 435 185 285 216 334 278 178 159 282 450 103 2 223 286 364 92 177 13 420 200 273 225 130 365 125 481
-20 30 26 0
-1 -2 -23 0
6 -12 27 0
6 -17 29 0
17 9 -10 0
12 17 -5 0
1 22 -21 0
-11 4 1 0
19 6 -14 0
-21 -27 15 0
30 -8 7 0
1 -17 4 0
14 -1 -4 0
7 14 -12 0
-22 7 11 0
-13 -30 26 0
-27 -4 9 0
25 2 -12 0
24 5 -18 0
-28 22 -15 0
4 -25 -3 0
10 -6 21 0
-30 21 15 0
-23 4 -30 0
-26 10 -5 0
-18 -9 11 0
1 -16 -28 0
24 17 -29 0
21 -6 -30 0
26 -13 12 0
30 -5 22 0
2 -24 20 0
26 -2 5 0
-28 -9 6 0
-1 -15 3 0
-26 21 30 0
-1 17 8 0
-4 24 -29 0
-4 -18 -28 0
26 28 -27 0
13 18 5 0
-20 22 12 0
-16 29 -18 0
30 9 -23 0
-8 -4 17 0
15 -7 18 0
-19 15 13 0
19 -28 11 0
11 3 14 0
-6 -2 -28 0
