c instance by G2
c solution = 010101001101010110110110010000
c Known solution cost is 7192 
p cnf 30 50
w 114 348 443 94 288 101 16 438 96 32 444 393 53 310 139 401 327 361 344 267 166 143 358 172 290 49 492 159 151 203
7 12 11 0
18 24 -1 0
28 -19 26 0
-4 -22 -18 0
-25 -12 -9 0
11 -22 10 0
-20 -6 19 0
-5 24 -6 0
-13 30 3 0
-5 14 3 0
26 30 12 0
27 -24 10 0
14 -20 28 0
-24 20 -4 0
25 1 17 0
-22 4 26 0
-17 13 -15 0
9 -19 -26 0
-20 -8 21 0
-19 15 23 0
19 17 23 0
20 -14 30 0
24 27 -3 0
-9 -17 2 0
7 -21 -19 0
-1 29 25 0
-14 -30 -19 0
13 12 28 0
-16 29 -13 0
24 -16 -7 0
-8 10 -5 0
14 13 30 0
-2 16 -12 0
-12 -8 -17 0
28 4 -9 0
7 -11 13 0
-19 22 -17 0
-6 19 -12 0
-29 18 -20 0
-24 5 13 0
27 -1 11 0
-26 11 6 0
6 15 21 0
-12 -1 -14 0
-23 4 15 0
-28 8 -4 0
1 9 -15 0
24 -16 -13 0
4 -19 6 0
7 -27 15 0
