c instance by G2
c solution = 110110110111001101101001100010
c Known solution cost is 6205 
p cnf 30 50
w 161 13 30 52 81 423 156 188 374 413 13 351 135 56 89 307 196 356 87 186 423 489 319 348 58 116 32 266 335 152
-4 22 -27 0
-12 16 3 0
-18 22 -30 0
30 -29 -13 0
20 -23 10 0
-12 19 -29 0
-12 13 -26 0
5 -10 9 0
12 -21 5 0
30 19 3 0
-14 17 -11 0
-7 13 8 0
-5 -24 -6 0
-8 -16 -3 0
11 -19 24 0
22 9 25 0
7 -21 -15 0
-23 17 6 0
6 -16 15 0
11 -10 27 0
13 -11 -14 0
-22 -5 -1 0
13 10 7 0
22 -2 4 0
20 18 -11 0
-29 21 9 0
-26 20 -5 0
-19 18 4 0
-13 23 30 0
-27 -21 11 0
-22 13 2 0
11 14 -3 0
-17 25 21 0
-28 9 30 0
10 13 28 0
-5 12 -13 0
-15 -28 1 0
-17 -29 -2 0
-13 -15 21 0
5 26 4 0
22 -12 29 0
24 -4 -10 0
-14 -20 1 0
13 1 -5 0
3 -8 -20 0
9 -7 12 0
14 -9 26 0
-7 -30 8 0
-10 28 2 0
-28 26 13 0
