c instance by G2
c solution = 011111001110010110001111001110
c Known solution cost is 8439 
p cnf 30 50
w 281 445 330 396 462 381 258 218 85 112 480 365 86 180 487 385 257 338 487 298 481 111 231 317 122 283 79 168 245 71
-26 8 -28 0
12 -28 6 0
9 -23 -14 0
-18 22 26 0
1 -19 15 0
20 -29 -13 0
-16 5 18 0
-14 28 1 0
-20 24 8 0
-28 6 -23 0
21 -16 8 0
28 -15 4 0
-27 4 17 0
-26 -2 25 0
30 2 -10 0
28 8 15 0
-29 14 -28 0
-8 18 -19 0
-25 14 -8 0
-16 10 -2 0
-20 18 21 0
28 4 -6 0
-9 -18 -17 0
-10 -11 17 0
-8 -21 -27 0
4 -14 -29 0
-20 13 12 0
8 11 -29 0
23 11 -10 0
-4 13 -12 0
-22 1 2 0
-24 -6 16 0
1 -29 -15 0
19 23 -29 0
-30 7 -24 0
-19 22 -26 0
-10 -1 -21 0
13 -21 29 0
15 -28 27 0
21 26 4 0
-25 -14 -22 0
-3 -4 -7 0
20 -8 4 0
30 26 27 0
9 -11 14 0
25 -7 2 0
-11 20 22 0
3 -11 19 0
-10 -15 -29 0
25 -22 24 0
