c instance by G2
c solution = 100001010110101110100010111011
c Known solution cost is 7335 
p cnf 30 50
w 408 433 97 144 397 103 49 411 451 256 167 360 150 62 411 69 321 253 116 227 192 107 466 9 92 330 101 302 475 376
29 -10 7 0
12 -7 26 0
-30 -13 10 0
14 15 -2 0
2 -12 -15 0
22 14 -18 0
4 15 24 0
-10 19 2 0
-27 23 3 0
3 26 22 0
17 14 -20 0
6 -2 3 0
10 -8 -22 0
2 4 6 0
-16 6 5 0
28 -22 -8 0
-26 -5 -29 0
12 11 9 0
30 21 -11 0
-23 -19 -3 0
-18 17 -11 0
15 7 10 0
1 12 -13 0
13 -18 -29 0
-13 -8 6 0
13 2 -11 0
11 -13 -25 0
22 -23 -20 0
4 16 -19 0
5 -4 21 0
27 -15 -29 0
-19 -24 -22 0
15 -11 21 0
24 9 -7 0
-23 -21 7 0
-13 -4 -9 0
-30 14 17 0
-30 12 13 0
-30 -13 25 0
24 23 -10 0
-9 4 24 0
-2 -17 -30 0
2 -24 -29 0
2 -28 -30 0
-14 1 -16 0
-10 -14 24 0
16 5 12 0
22 -27 8 0
-21 5 -24 0
-12 -10 3 0
