c instance by G2
c solution = 001110111111100101110001111101
c Known solution cost is 8987 
p cnf 30 50
w 192 111 204 137 195 377 218 362 252 339 447 471 292 272 280 248 289 338 186 411 370 448 341 374 424 84 240 367 489 229
28 21 -9 0
-10 -5 12 0
25 12 4 0
1 -27 -23 0
-26 19 11 0
-28 -27 26 0
-7 30 -16 0
-5 7 23 0
6 5 -19 0
8 27 30 0
22 -18 -6 0
6 18 13 0
30 -12 14 0
-5 30 2 0
-29 -24 22 0
-29 -11 -13 0
23 -14 15 0
23 -14 28 0
-19 -4 9 0
16 -17 4 0
19 17 -13 0
-11 -18 10 0
-30 -7 25 0
14 11 -4 0
-26 -28 -15 0
-4 -7 20 0
-3 -21 -27 0
24 -28 -12 0
-19 15 -22 0
-3 -27 4 0
-1 19 -23 0
2 25 15 0
10 -8 -19 0
5 -30 18 0
21 23 26 0
16 22 6 0
-29 -18 -27 0
27 -10 -24 0
-13 18 23 0
24 -12 -7 0
6 -8 -1 0
-11 3 2 0
-26 -21 6 0
-1 -27 -14 0
5 9 -25 0
21 -10 -17 0
-27 -26 8 0
-28 10 26 0
-16 -2 6 0
-12 13 15 0
