c instance by G2
c solution = 111010000000000011100000010
c Known solution cost is 6981 
p cnf 27 50
w 371 87 378 479 236 382 217 435 362 39 213 76 385 459 1 182 248 213 422 3 114 327 296 2 382 482 190
19 -21 -9 0
22 -13 -2 0
6 -23 7 0
21 2 6 0
-22 -27 4 0
26 7 -3 0
14 26 13 0
23 -15 13 0
-8 -26 -3 0
-17 15 -7 0
-11 -27 18 0
-20 10 16 0
-19 -14 6 0
-16 9 20 0
-4 24 3 0
2 -13 -12 0
-4 7 -19 0
4 -19 3 0
-2 7 -25 0
-13 -9 -21 0
-21 -16 -9 0
-19 18 -2 0
18 22 25 0
3 27 8 0
-4 -5 -25 0
-22 27 3 0
-16 20 24 0
14 -3 -9 0
21 -10 -19 0
-8 23 25 0
-4 26 -1 0
15 -22 -5 0
-27 14 -18 0
15 -24 -2 0
-17 -27 -5 0
5 22 -18 0
4 -13 -22 0
-16 -22 24 0
23 17 -3 0
10 -26 -11 0
25 -21 23 0
9 -12 -5 0
-2 -9 -17 0
19 14 -1 0
11 -26 -6 0
13 1 14 0
-19 -23 -4 0
2 -20 6 0
-18 22 -21 0
-18 15 -22 0
