c instance by G2
c solution = 010010010110111000011110101
c Known solution cost is 8638 
p cnf 27 50
w 274 487 405 430 129 258 64 183 374 294 496 156 196 354 393 430 86 259 402 475 240 415 98 404 406 494 436
-11 -9 -19 0
-8 -11 23 0
-14 -21 -24 0
4 21 -17 0
6 -18 -12 0
11 24 -6 0
-4 22 -25 0
-22 25 16 0
-14 -24 25 0
-11 8 -5 0
-10 -12 18 0
-25 -3 -13 0
4 24 11 0
-22 -15 20 0
5 -21 -20 0
-27 -15 -1 0
18 -19 -21 0
4 13 -20 0
-22 12 10 0
19 18 -7 0
-17 -27 -18 0
-21 -16 24 0
25 -15 -12 0
-20 19 14 0
-24 -17 -1 0
27 -17 19 0
3 9 2 0
-24 9 16 0
-20 21 -11 0
-15 -5 -6 0
11 -14 16 0
-2 1 8 0
5 21 -26 0
7 12 -26 0
-22 25 18 0
-8 27 24 0
-23 -18 -11 0
-26 14 2 0
-2 11 -4 0
-10 22 17 0
-6 -17 -19 0
-9 6 12 0
24 15 3 0
-11 25 24 0
-11 12 -17 0
-6 4 -15 0
-9 -23 10 0
15 -2 8 0
24 8 20 0
-4 17 -14 0
