c instance by G2
c solution = 011101010010000000000100000
c Known solution cost is 5553 
p cnf 27 50
w 296 334 92 492 74 297 9 2 126 94 420 26 430 15 197 245 59 128 0 429 45 204 219 474 451 311 84
4 9 21 0
9 12 2 0
-18 14 -23 0
-15 23 -21 0
-8 -10 14 0
7 12 -26 0
26 -16 5 0
-23 -27 -25 0
-3 6 21 0
1 -15 22 0
21 -2 6 0
2 -15 -11 0
5 -16 18 0
-5 7 13 0
26 27 11 0
-19 25 5 0
-18 26 -2 0
25 -15 -11 0
14 -26 -22 0
19 -22 -17 0
10 -3 -9 0
21 -12 19 0
23 -25 14 0
19 -12 17 0
-26 14 -1 0
-24 -1 -23 0
-6 16 -1 0
4 15 -27 0
-13 -6 -2 0
-13 8 -19 0
-23 -9 7 0
8 21 -17 0
19 20 22 0
1 23 -20 0
-24 -5 1 0
4 -5 17 0
10 5 -7 0
18 26 3 0
-21 26 -4 0
12 -21 -3 0
21 11 -22 0
-3 22 23 0
-11 -14 19 0
-27 9 -6 0
-22 11 15 0
13 9 -23 0
-24 20 -3 0
11 18 -6 0
24 25 8 0
14 27 3 0
