c instance by G2
c solution = 011000100011000110110011111
c Known solution cost is 5309 
p cnf 27 50
w 217 336 42 407 451 326 373 146 85 261 151 2 70 174 22 296 330 117 295 435 26 224 181 29 81 173 59
-15 8 9 0
-9 8 -5 0
20 24 7 0
18 -26 27 0
-2 -17 -4 0
-3 16 -24 0
23 -13 5 0
-17 2 -26 0
4 1 -13 0
-3 -17 19 0
-2 -8 -1 0
-5 1 -7 0
21 18 12 0
-20 -15 4 0
-25 -10 -17 0
-1 9 -19 0
-11 -15 7 0
12 -26 9 0
9 -20 16 0
-10 7 8 0
-20 1 11 0
4 2 6 0
19 -1 17 0
7 -2 8 0
-2 -7 -14 0
-10 17 16 0
10 23 -27 0
11 20 17 0
11 -12 8 0
18 -27 12 0
3 -11 4 0
-24 -27 -21 0
25 22 -26 0
1 20 -3 0
-27 19 -4 0
-26 -27 23 0
18 15 -4 0
-13 -23 -24 0
4 17 14 0
-6 -27 14 0
-9 -26 -16 0
-22 -23 13 0
26 20 -21 0
13 17 -20 0
15 -23 24 0
12 17 8 0
-21 -4 8 0
4 -17 -18 0
-8 -17 -7 0
10 26 13 0
