c instance by G2
c solution = 000110011101110000110110000
c Known solution cost is 6948 
p cnf 27 50
w 491 97 356 309 442 499 295 227 38 190 92 320 383 177 38 107 428 466 432 166 104 329 462 68 101 181 150
-25 -27 8 0
-9 -3 1 0
23 25 -4 0
-13 -23 14 0
2 15 -1 0
3 5 -4 0
-8 -2 11 0
2 -6 11 0
16 7 -11 0
-6 -17 -25 0
4 -14 -11 0
7 -4 -21 0
22 -5 -7 0
-27 24 -22 0
4 -8 21 0
14 -21 5 0
1 -11 -7 0
9 3 16 0
10 -17 -12 0
17 -7 -11 0
26 -2 4 0
-4 -9 19 0
-9 -8 4 0
-6 5 -15 0
21 -25 11 0
-9 -7 21 0
-22 -24 18 0
-8 10 -14 0
-12 27 20 0
14 -15 3 0
3 24 -21 0
-15 7 -5 0
12 6 1 0
24 19 6 0
24 27 -25 0
-21 -16 -4 0
-1 27 22 0
24 2 -17 0
-18 21 -16 0
18 -16 7 0
7 9 2 0
18 8 1 0
16 -18 -12 0
-14 13 3 0
-21 18 -23 0
14 18 -19 0
15 22 -2 0
6 -3 -26 0
16 -26 6 0
18 22 -13 0
