c instance by G2
c solution = 100110001011010000110011011
c Known solution cost is 8816 
p cnf 27 50
w 253 277 154 328 323 308 351 392 215 411 497 475 439 163 418 494 471 266 336 402 134 410 223 343 404 266 63
-19 -10 11 0
22 11 -12 0
-24 9 17 0
-6 7 2 0
10 22 12 0
-26 -12 -10 0
-24 1 -14 0
7 -9 26 0
-23 6 -15 0
-17 -4 -27 0
25 -11 26 0
-17 -18 -20 0
-5 -1 24 0
-21 6 -20 0
21 -9 19 0
-17 2 -22 0
-3 25 -11 0
-13 23 15 0
13 20 6 0
-5 10 -22 0
13 -20 11 0
7 27 -5 0
-13 -4 -23 0
15 1 6 0
23 6 -8 0
19 -6 7 0
-23 5 17 0
2 -8 5 0
17 -9 -16 0
1 22 -5 0
-14 -21 -6 0
18 16 1 0
-14 -1 -10 0
-25 8 -4 0
19 -3 20 0
25 14 -4 0
-5 -7 -1 0
10 18 5 0
3 -7 -5 0
-18 -4 21 0
15 -11 -8 0
4 21 18 0
-16 27 19 0
11 21 9 0
27 -5 -17 0
23 -1 8 0
-26 -3 -12 0
14 20 9 0
23 21 3 0
22 -2 10 0
