c instance by G2
c solution = 010001111010101001110101010
c Known solution cost is 6555 
p cnf 27 50
w 395 145 334 224 405 455 165 241 4 477 246 78 21 106 154 267 434 22 199 389 145 464 238 232 476 34 205
4 -19 -17 0
8 1 3 0
-25 17 -15 0
14 9 17 0
16 -9 26 0
-1 5 -19 0
18 27 1 0
15 27 9 0
-8 -22 20 0
-14 12 21 0
3 -12 -20 0
-11 -7 -16 0
19 25 5 0
-27 -11 4 0
8 23 20 0
4 -21 3 0
19 -9 -13 0
7 3 -24 0
20 -1 6 0
-24 -26 6 0
-5 -15 11 0
11 27 10 0
-12 15 -7 0
-9 -18 -10 0
18 -5 -16 0
-9 24 -11 0
6 -24 -22 0
-7 -23 -15 0
7 27 20 0
27 26 6 0
-5 9 -26 0
-6 22 -9 0
5 -19 -25 0
-9 27 15 0
-2 8 24 0
21 -7 -3 0
2 -8 -13 0
-21 17 27 0
24 1 -23 0
7 -13 -20 0
24 4 8 0
3 13 12 0
-14 -7 -22 0
-22 -5 1 0
27 5 -4 0
-26 -27 16 0
22 -2 7 0
-11 -25 26 0
-16 17 -20 0
-21 -6 12 0
