c instance by G2
c solution = 100001101010111100101111100
c Known solution cost is 6773 
p cnf 27 50
w 103 487 486 131 330 354 182 121 187 19 155 379 435 469 468 321 441 214 250 19 99 157 57 129 223 348 209
-9 -12 -15 0
-21 -26 11 0
-13 4 24 0
-17 3 5 0
-26 -27 4 0
-20 -22 -15 0
-5 7 -15 0
17 7 -23 0
-4 12 -22 0
18 -7 25 0
18 16 19 0
1 25 3 0
18 -15 11 0
-23 -19 21 0
-27 -22 3 0
-5 14 -1 0
13 4 2 0
-4 -13 -12 0
2 -24 16 0
-16 -13 19 0
-9 27 11 0
12 -2 -16 0
-9 14 24 0
7 -1 17 0
-5 2 -6 0
-1 26 -8 0
-12 -22 19 0
14 -9 -16 0
-10 25 19 0
-15 1 -23 0
15 23 -4 0
-21 -7 -5 0
-27 -2 12 0
11 -22 -26 0
11 -1 12 0
-4 -12 -26 0
-16 15 18 0
19 -7 -9 0
-23 -10 -22 0
23 -6 3 0
2 -3 -22 0
-11 -24 -18 0
-10 19 -23 0
-10 -25 -20 0
6 -14 -22 0
2 -24 9 0
17 -26 -22 0
20 22 -11 0
-22 15 1 0
-10 -23 18 0
