c instance by G2
c solution = 111010100111110110101001110
c Known solution cost is 6435 
p cnf 27 50
w 157 257 253 483 362 92 416 418 282 356 152 372 120 315 35 73 86 201 236 145 356 105 232 215 499 63 154
-8 -25 9 0
9 -11 1 0
4 -12 -20 0
-21 11 -14 0
3 -1 4 0
-3 6 -8 0
20 17 -1 0
-10 13 20 0
7 27 -11 0
5 -11 -21 0
-24 21 6 0
-17 4 -8 0
1 3 -5 0
-9 23 -19 0
-5 4 -20 0
8 -13 21 0
-2 23 -27 0
-11 20 25 0
23 21 5 0
-15 -17 -11 0
-18 15 -2 0
8 9 -15 0
18 -1 12 0
8 16 -13 0
10 20 16 0
-19 -13 7 0
-3 6 -23 0
9 -10 2 0
-22 -5 -16 0
20 -6 15 0
-12 -4 9 0
-22 -10 25 0
-12 7 -10 0
17 6 -21 0
8 -7 10 0
8 -9 -1 0
7 -14 22 0
24 -13 -12 0
1 19 -20 0
17 -14 27 0
19 -13 -1 0
20 5 -14 0
13 15 -1 0
-17 12 -7 0
-11 -12 -15 0
-7 18 2 0
-25 -17 14 0
1 -3 23 0
-12 4 26 0
23 18 -15 0
