c instance by G2
c solution = 100011010000011111011110000
c Known solution cost is 6418 
p cnf 27 50
w 378 297 3 85 348 429 409 146 348 213 368 409 212 174 131 36 434 132 258 209 328 120 168 443 127 75 138
27 -6 -7 0
-18 21 7 0
11 -9 -16 0
5 -6 -18 0
26 -13 -8 0
-7 -27 1 0
27 16 11 0
-26 -22 -12 0
5 1 27 0
3 -13 17 0
-15 25 -12 0
19 -17 8 0
-10 -5 -6 0
9 -2 11 0
-15 -13 -14 0
22 13 27 0
-20 5 -17 0
-23 16 5 0
12 4 -3 0
23 -6 27 0
-23 -10 8 0
4 27 1 0
-8 2 -26 0
1 25 6 0
13 -2 17 0
22 14 -13 0
-7 -1 25 0
22 -27 15 0
11 -18 14 0
27 18 23 0
13 -27 2 0
6 3 -16 0
24 -11 3 0
-24 -23 -1 0
27 4 -9 0
-22 -23 15 0
-26 1 -9 0
16 7 4 0
-25 27 -5 0
-10 -25 1 0
-16 17 -21 0
26 -1 -19 0
11 -6 5 0
-24 21 25 0
1 -12 -10 0
9 11 -4 0
4 18 -23 0
12 5 -25 0
-15 25 -27 0
20 24 10 0
