c instance by G2
c solution = 111011110111111101000100001
c Known solution cost is 6234 
p cnf 27 50
w 488 15 371 42 239 425 404 78 51 261 291 253 338 26 284 217 466 219 68 451 46 396 371 327 7 1 99
-11 -21 -15 0
26 20 15 0
24 8 -12 0
8 24 -2 0
-19 16 2 0
-18 10 26 0
-5 -9 11 0
25 9 11 0
-19 -2 -1 0
17 -18 -24 0
22 -3 -8 0
-17 -15 -5 0
-6 -10 -4 0
2 -10 11 0
-5 17 12 0
-3 27 14 0
-23 -9 -25 0
2 19 13 0
16 -17 4 0
-22 -7 27 0
-9 -15 -11 0
-17 -6 24 0
23 -18 13 0
26 -11 14 0
-6 -11 -23 0
4 18 6 0
-14 18 -13 0
26 16 -6 0
-12 -27 -25 0
7 -5 -8 0
-16 3 6 0
-27 12 21 0
14 5 -3 0
-22 -9 17 0
20 -3 2 0
-12 -24 -18 0
-14 -10 -19 0
-8 6 13 0
16 -10 6 0
-5 26 6 0
-4 7 -20 0
-26 -13 4 0
-20 -6 -3 0
18 20 7 0
24 2 -27 0
1 19 -3 0
3 -13 -27 0
26 -15 -17 0
3 -21 -18 0
-18 5 19 0
