c instance by G2
c solution = 101010110011011010100111011
c Known solution cost is 5958 
p cnf 27 50
w 156 316 186 477 41 376 209 220 310 52 313 97 181 251 54 287 381 249 246 55 12 25 294 453 143 453 121
20 -24 -4 0
16 -3 -6 0
-14 15 4 0
21 17 -7 0
-9 -17 -27 0
26 -13 -4 0
-12 -20 -26 0
-3 -25 -8 0
3 -18 -27 0
-27 26 -11 0
-18 8 21 0
2 7 6 0
18 8 14 0
23 -19 -17 0
18 11 4 0
-16 -21 20 0
25 14 -24 0
-24 18 -2 0
5 2 -14 0
12 -22 10 0
26 -23 -1 0
-12 -8 5 0
9 -22 -21 0
1 -25 23 0
23 -24 -19 0
5 21 -12 0
15 5 -12 0
-15 20 -10 0
27 7 -14 0
17 -10 4 0
17 11 -10 0
-8 -1 22 0
-12 14 -10 0
10 -16 -19 0
-1 -21 -12 0
5 -17 10 0
-20 6 25 0
-3 -7 24 0
-25 -14 20 0
27 -19 -5 0
21 -7 3 0
-13 -15 10 0
4 8 23 0
8 -11 -19 0
25 -18 6 0
-23 -16 -27 0
16 1 -8 0
-26 13 19 0
23 -27 -4 0
1 23 2 0
