c instance by G2
c solution = 001000101001110010111000010
c Known solution cost is 6785 
p cnf 27 50
w 205 498 209 179 460 91 167 152 302 73 292 409 461 18 185 144 389 73 257 245 131 357 223 258 374 137 496
-13 12 5 0
8 7 -22 0
-4 18 -22 0
-23 -3 -26 0
-17 2 -10 0
18 1 19 0
-26 -24 -19 0
9 20 -26 0
-7 -20 -8 0
2 -12 -25 0
-14 27 -6 0
-22 -24 8 0
-19 -8 24 0
24 7 -9 0
-14 10 -5 0
12 -18 -14 0
-16 9 1 0
-22 23 20 0
3 -17 -20 0
25 -2 15 0
-20 13 5 0
24 -10 -16 0
-7 14 16 0
4 14 16 0
9 -16 -24 0
-15 12 10 0
-27 -22 -8 0
-24 -12 6 0
17 22 -9 0
16 17 -7 0
4 16 -15 0
1 26 10 0
-18 1 5 0
6 8 -4 0
-3 21 4 0
8 -19 17 0
11 -3 21 0
12 2 -3 0
-7 20 23 0
-7 15 3 0
-25 -5 -13 0
-3 8 -11 0
-9 -17 -22 0
27 19 1 0
22 10 -27 0
-3 -19 17 0
24 11 -1 0
9 4 19 0
23 5 -16 0
4 22 9 0
