c instance by G2
c solution = 1001011010100011100111000011101011011010
c Known solution cost is 9849 
p cnf 40 50
w 343 303 5 403 18 321 286 263 194 39 223 59 96 101 417 178 1 334 440 233 414 305 102 382 272 418 271 296 266 415 111 383 67 465 95 111 314 292 176 437
-35 10 -4 0
28 19 -16 0
24 -18 -27 0
25 23 39 0
18 -3 -1 0
8 7 -16 0
23 17 -20 0
30 16 3 0
13 -21 20 0
-38 -29 10 0
18 -29 1 0
-23 -4 25 0
5 37 -16 0
-39 22 -31 0
-10 -29 12 0
-17 18 -3 0
19 21 -16 0
-5 -21 33 0
-7 -22 -32 0
33 -9 -17 0
-33 6 8 0
-14 -15 -20 0
24 10 34 0
40 36 18 0
12 -19 -28 0
-7 31 12 0
37 26 8 0
-34 -5 -27 0
-16 -26 -15 0
19 -29 20 0
38 -7 29 0
-8 -31 38 0
-36 1 29 0
-33 3 11 0
-7 3 4 0
24 -34 -12 0
-23 1 5 0
-15 32 -25 0
-28 26 27 0
-35 25 -37 0
-34 -24 -9 0
-15 -26 -29 0
9 35 -21 0
2 -8 14 0
18 -34 -2 0
-21 32 -30 0
24 38 4 0
-33 15 -1 0
-16 -40 -27 0
-13 -11 -21 0
