c instance by G2
c solution = 0001111111111000001011111010111101110101
c Known solution cost is 10429 
p cnf 40 50
w 166 448 347 271 452 382 317 254 123 442 343 356 82 136 89 420 478 432 348 137 62 15 466 115 234 227 349 249 280 312 111 15 146 224 126 492 472 124 40 347
39 29 -40 0
-35 23 -22 0
14 -16 -4 0
39 -31 40 0
7 28 16 0
26 -31 22 0
-38 33 11 0
-18 -25 14 0
13 -34 -4 0
-2 18 -30 0
-12 -24 -26 0
-28 -38 16 0
-37 16 -25 0
-15 1 17 0
-3 14 -25 0
-9 21 -36 0
-29 -13 -33 0
1 18 36 0
-9 -7 30 0
10 26 -34 0
-5 -20 -40 0
-10 -1 -38 0
18 -14 -36 0
30 -19 11 0
-13 27 14 0
13 -17 -4 0
20 -33 1 0
-32 36 -8 0
-30 -27 8 0
-17 -9 -6 0
25 -30 18 0
-23 31 -9 0
28 -39 -9 0
39 34 -25 0
33 9 -35 0
26 5 -1 0
-5 38 37 0
-21 6 -5 0
-11 24 -30 0
5 -23 -38 0
18 32 -29 0
-29 39 35 0
-24 -9 19 0
4 -7 -22 0
3 26 19 0
-16 -11 -21 0
6 23 -39 0
18 9 23 0
24 -9 37 0
12 37 -29 0
