c instance by G2
c solution = 0110001111000011101000001010001101011110
c Known solution cost is 10072 
p cnf 40 50
w 41 478 135 90 8 230 329 381 66 188 343 440 407 446 41 335 162 117 71 88 498 250 255 462 335 21 454 322 165 465 215 32 130 245 360 466 22 482 105 392
-15 -32 36 0
-8 31 6 0
-32 -31 39 0
2 26 12 0
-31 -6 33 0
-21 5 17 0
33 21 -20 0
15 23 -5 0
28 -5 -17 0
35 12 -28 0
-11 -32 35 0
29 -35 6 0
-3 32 -37 0
11 26 -12 0
-32 29 -18 0
23 -4 -34 0
7 31 32 0
14 3 -23 0
-33 -10 -31 0
8 13 -17 0
16 -8 23 0
35 24 -18 0
30 33 3 0
6 5 34 0
-21 -31 -9 0
-37 18 -26 0
-25 14 -24 0
-16 -39 -40 0
40 33 -13 0
-6 24 -16 0
-16 10 -27 0
5 17 -36 0
7 -17 -36 0
12 37 4 0
-30 -34 6 0
20 -17 -14 0
-4 27 12 0
-36 -29 -38 0
-17 -37 27 0
-7 -1 14 0
21 -2 19 0
28 -37 31 0
4 25 5 0
-39 -40 4 0
12 -16 -22 0
19 -30 40 0
30 35 9 0
12 38 33 0
35 15 28 0
-23 -37 -3 0
