c instance by G2
c solution = 1101011100001011011111011011101000010111
c Known solution cost is 9613 
p cnf 40 50
w 375 174 148 17 177 119 450 256 115 107 66 15 148 443 352 186 271 214 353 222 149 292 488 460 495 396 151 226 119 229 439 43 381 84 201 23 305 169 307 448
4 -16 -32 0
32 -2 13 0
-39 37 8 0
22 11 17 0
21 -19 14 0
6 33 -38 0
-13 -7 20 0
4 -9 -38 0
-32 -25 -20 0
-19 4 32 0
-8 -35 -28 0
1 5 3 0
32 27 -40 0
-28 39 -24 0
32 -38 -23 0
12 24 30 0
7 -38 -25 0
-36 29 -27 0
-18 -13 7 0
19 22 39 0
12 2 32 0
31 11 -40 0
-4 -14 -13 0
-25 19 3 0
12 37 -30 0
9 -1 -33 0
39 21 -11 0
-4 18 37 0
36 -16 -18 0
32 -9 30 0
-34 12 -4 0
33 26 28 0
-37 -39 14 0
19 -8 14 0
34 40 30 0
25 -21 -19 0
21 32 8 0
-39 23 15 0
10 -1 -12 0
-6 -5 -16 0
16 -22 37 0
35 34 -10 0
-21 -3 -27 0
7 -16 9 0
8 -38 -40 0
29 16 11 0
-15 -17 -6 0
-36 -26 -1 0
-20 -11 -29 0
-29 38 -19 0
