c instance by G2
c solution = 0111001000100000001101111101001010110101
c Known solution cost is 10210 
p cnf 40 50
w 265 435 84 493 472 102 237 375 303 173 45 362 441 244 243 324 160 354 253 403 83 360 499 407 94 125 465 131 114 212 493 128 31 361 189 485 28 178 25 34
-23 -31 -39 0
-9 -23 -13 0
28 12 13 0
-33 -27 29 0
17 -29 -4 0
-28 26 16 0
40 -10 -9 0
-6 14 16 0
29 -30 -25 0
-2 -17 -38 0
-12 -36 13 0
-36 39 33 0
30 25 -40 0
-4 -38 35 0
-21 -19 -36 0
-9 -11 37 0
11 20 -24 0
34 15 -18 0
-7 14 11 0
-13 37 17 0
-2 23 13 0
-22 -11 -10 0
33 -25 -11 0
-6 -17 -18 0
14 39 -34 0
34 -18 30 0
8 3 9 0
-14 -20 -33 0
-33 -17 18 0
34 -37 -22 0
-15 -7 -23 0
24 30 21 0
21 -5 -20 0
9 -32 27 0
19 -6 27 0
4 21 -20 0
13 20 -4 0
21 15 40 0
-11 2 13 0
31 -35 29 0
19 -31 39 0
14 31 -24 0
1 -16 39 0
7 -3 34 0
-33 17 36 0
-23 -35 11 0
-36 -1 5 0
6 -19 38 0
5 -28 -8 0
22 39 -2 0
