c instance by G2
c solution = 1110001011110101101010010100100001100100
c Known solution cost is 9909 
p cnf 40 50
w 50 292 184 39 370 309 64 275 292 286 418 478 217 458 15 88 416 404 73 447 436 135 392 49 161 430 292 92 248 177 407 223 96 137 32 57 476 175 278 441
-38 18 -36 0
13 -8 -26 0
36 -33 -7 0
19 4 -24 0
27 -38 12 0
35 -9 18 0
39 1 20 0
-10 -6 37 0
32 33 26 0
14 25 36 0
17 -7 33 0
-8 38 -13 0
39 40 10 0
39 -25 -9 0
-2 21 -9 0
31 22 34 0
-19 -9 -20 0
-11 -13 23 0
5 21 -12 0
23 -2 -15 0
-39 -17 36 0
9 23 15 0
33 5 16 0
-40 36 8 0
-28 -38 39 0
4 -32 27 0
28 29 -35 0
17 1 -22 0
27 -17 26 0
1 -3 -37 0
21 -8 39 0
31 28 -23 0
-21 6 -31 0
40 11 15 0
8 22 -37 0
32 -22 -34 0
-5 -34 36 0
-9 -27 22 0
-29 -14 -30 0
-13 -7 -12 0
3 -18 4 0
-18 -10 -9 0
28 3 32 0
-11 24 -35 0
-14 -40 16 0
-2 38 -11 0
-8 13 20 0
2 37 5 0
22 7 -19 0
-4 -16 15 0
