c instance by G2
c solution = 0011101111111001001101001111011100100001
c Known solution cost is 11353 
p cnf 40 50
w 148 458 338 498 392 187 232 414 489 404 499 318 270 481 27 465 327 479 265 272 381 10 304 174 84 366 152 357 264 72 95 191 274 344 110 269 299 22 478 144
9 -13 34 0
23 -8 -21 0
-29 -20 -11 0
-11 -30 -1 0
-2 13 36 0
15 13 -6 0
-12 -20 -17 0
16 -40 -11 0
38 10 -28 0
17 -9 26 0
31 -7 1 0
-21 38 -11 0
-16 33 11 0
-11 -36 -5 0
-9 -23 -13 0
-8 34 32 0
-4 -16 22 0
-37 -28 -22 0
-13 -26 19 0
35 -13 38 0
18 23 -38 0
-10 13 22 0
21 3 39 0
2 39 -6 0
2 20 -25 0
-39 36 -40 0
-33 -32 -26 0
-4 -14 17 0
8 -32 -20 0
11 27 -40 0
40 -7 23 0
-35 27 -32 0
-27 -24 23 0
13 -10 -25 0
40 -26 -9 0
24 12 -27 0
-2 -22 -3 0
1 28 -12 0
-28 -19 -33 0
-25 4 23 0
-14 -29 22 0
-11 -22 -15 0
-8 25 -11 0
-19 -18 -3 0
39 37 -34 0
-30 14 35 0
-29 3 15 0
36 7 6 0
30 -12 6 0
-32 -30 5 0
