c instance by G2
c solution = 1001010100111100000110100100101011111000
c Known solution cost is 8802 
p cnf 40 50
w 494 52 265 483 91 9 482 158 272 271 163 250 390 75 291 39 189 354 345 385 495 142 225 77 83 123 478 156 109 157 5 75 291 130 462 52 288 57 288 51
9 11 -37 0
-10 16 -14 0
7 25 12 0
17 -9 25 0
1 -4 -29 0
-16 -8 38 0
21 -31 11 0
28 -36 -24 0
-40 27 7 0
39 -2 -35 0
4 3 16 0
16 25 29 0
19 -30 25 0
28 -30 -22 0
5 -11 31 0
25 -11 -19 0
-15 5 32 0
17 26 40 0
7 -40 38 0
-4 18 -5 0
-34 15 33 0
-21 -39 -31 0
-34 9 23 0
-32 27 -13 0
11 -34 -2 0
27 -25 -29 0
17 -8 -7 0
15 35 -29 0
23 33 -7 0
-13 34 38 0
25 -16 24 0
21 15 10 0
27 13 -29 0
-3 -23 38 0
14 7 -8 0
36 15 2 0
-23 37 -6 0
-18 -36 30 0
19 27 20 0
2 -22 10 0
26 4 -14 0
-38 10 22 0
-4 -37 -27 0
18 10 6 0
16 33 2 0
-29 8 28 0
4 28 -9 0
18 -17 38 0
-7 -30 10 0
-28 10 -8 0
