c instance by G2
c solution = 0010100010011111001000011010000000110001
c Known solution cost is 9239 
p cnf 40 50
w 223 450 101 244 229 223 285 317 350 338 158 327 279 40 392 286 492 75 224 111 433 274 43 30 399 133 124 190 488 57 358 135 147 275 132 265 453 89 14 56
-24 17 -20 0
-14 -21 17 0
-20 38 31 0
40 32 10 0
-24 -15 -31 0
36 3 -4 0
33 26 9 0
13 9 10 0
15 26 -9 0
34 -26 4 0
-8 1 10 0
-20 -28 -39 0
23 -27 13 0
-11 -40 4 0
32 39 -22 0
35 -40 32 0
12 4 28 0
14 -12 -5 0
-4 38 10 0
-3 -14 -21 0
33 -23 37 0
30 -14 -37 0
31 -36 12 0
-14 7 27 0
-6 23 -5 0
-12 31 -28 0
-33 1 30 0
19 39 -3 0
22 30 -2 0
36 23 17 0
-13 23 -30 0
-1 35 39 0
-3 7 -18 0
4 -8 -31 0
-7 11 29 0
-32 -15 39 0
-3 -15 24 0
26 -10 7 0
17 -12 5 0
4 -1 -14 0
16 26 38 0
-27 33 -39 0
-17 4 33 0
3 4 30 0
-13 30 -34 0
7 -38 -25 0
-29 -13 -27 0
-12 36 30 0
-11 3 -4 0
-12 -40 25 0
