c instance by G2
c solution = 1111000000001111110001010110101001110100
c Known solution cost is 8967 
p cnf 40 50
w 447 465 221 39 108 186 57 66 388 127 435 143 112 19 242 388 307 213 134 169 214 292 209 281 324 72 405 214 202 230 488 242 30 105 277 129 368 330 150 139
21 39 -37 0
-28 35 -5 0
-11 28 33 0
-16 -28 -1 0
7 37 38 0
-8 -31 39 0
30 16 -4 0
-33 -18 -22 0
30 14 28 0
-36 19 -7 0
34 28 -38 0
10 -32 28 0
4 -16 -1 0
-40 -13 -22 0
-25 -18 8 0
-21 -38 25 0
-16 8 24 0
37 11 -5 0
22 10 25 0
-4 21 -9 0
-23 26 -36 0
-13 26 10 0
-16 -24 36 0
29 -9 -32 0
-2 19 1 0
33 -36 -6 0
7 4 -11 0
-30 -26 -38 0
11 16 -27 0
29 25 21 0
-36 37 -39 0
28 18 -4 0
-35 -19 28 0
-2 39 -23 0
19 -10 -35 0
28 -15 17 0
23 28 35 0
24 25 -26 0
-36 27 7 0
18 21 27 0
7 -36 -20 0
7 31 19 0
33 3 12 0
15 28 -31 0
40 17 37 0
32 13 -34 0
18 7 14 0
-1 2 -22 0
-16 -10 5 0
-22 30 -12 0
