c instance by G2
c solution = 1110001010110101001010101101110011011000
c Known solution cost is 8729 
p cnf 40 50
w 278 132 123 221 161 80 12 468 0 190 87 161 122 61 140 356 262 174 140 95 469 374 324 96 370 129 253 315 357 236 175 473 310 368 95 434 110 58 420 100
27 -2 -24 0
-40 36 1 0
-40 -34 -16 0
28 22 -33 0
18 33 -3 0
32 34 -23 0
-12 -14 9 0
-15 -23 4 0
-19 11 40 0
-21 23 6 0
-39 17 15 0
33 -15 24 0
17 -7 -27 0
22 32 7 0
15 -29 16 0
-4 15 40 0
-29 36 -30 0
-32 -14 -25 0
20 -36 -8 0
-19 -18 -34 0
14 -25 -12 0
17 35 21 0
39 1 21 0
17 -33 -5 0
16 -14 -3 0
-7 -22 4 0
-11 12 -33 0
15 17 -31 0
20 -34 36 0
32 -5 -2 0
27 35 -6 0
1 -30 -37 0
-30 40 -38 0
-9 33 -18 0
-29 -16 2 0
-7 19 8 0
-23 -20 4 0
-4 -3 20 0
20 -1 -35 0
-10 -21 -23 0
10 -17 15 0
-2 1 -21 0
-30 -16 37 0
-30 18 29 0
-13 -25 -11 0
38 32 25 0
-19 30 8 0
26 -14 -37 0
-26 3 -30 0
-4 -1 -33 0
