c instance by G2
c solution = 1001110110100100010000110001001000110000
c Known solution cost is 9073 
p cnf 40 50
w 73 35 253 329 484 130 38 337 333 89 177 30 76 294 6 0 249 462 9 400 11 429 50 39 216 389 456 232 227 484 320 39 17 447 206 457 312 456 203 279
23 -9 37 0
33 -37 20 0
-24 23 -38 0
-39 21 -24 0
-20 7 -14 0
-40 -8 -14 0
-9 2 11 0
11 -31 -22 0
18 16 21 0
31 -35 26 0
-18 16 -32 0
-21 -26 27 0
-8 -3 -39 0
-13 3 -4 0
-6 18 38 0
33 25 9 0
2 -16 19 0
-23 14 10 0
-6 1 29 0
-6 26 -25 0
25 19 6 0
-7 -6 34 0
-34 2 37 0
-15 16 3 0
8 -31 -14 0
-5 11 -3 0
34 19 28 0
22 -27 10 0
20 21 -19 0
-21 -4 -8 0
37 -32 2 0
9 -8 -31 0
26 -23 -29 0
33 35 -31 0
-35 37 36 0
-33 -14 20 0
-27 -32 29 0
19 25 -22 0
27 2 -30 0
24 3 15 0
20 27 -17 0
10 34 5 0
2 -26 -1 0
-35 20 -2 0
19 14 22 0
13 16 -12 0
4 22 37 0
-10 37 15 0
-38 -36 15 0
-8 -28 -3 0
