c instance by G2
c solution = 1100010110100001111101101110011110010101
c Known solution cost is 7565 
p cnf 40 50
w 15 23 239 31 34 213 18 48 191 77 120 426 135 301 165 184 432 498 303 118 168 482 339 152 401 117 251 147 270 114 77 3 232 408 197 384 21 139 8 84
-30 -34 4 0
34 -13 7 0
-21 -38 13 0
-9 -7 -17 0
33 40 -21 0
7 -9 25 0
19 -11 -6 0
-14 32 -37 0
-37 -20 3 0
-5 39 -2 0
-26 36 35 0
27 30 16 0
-21 -11 29 0
32 -36 14 0
-2 -35 -30 0
18 3 -38 0
26 -19 37 0
-8 1 -32 0
-6 -16 11 0
-23 -17 9 0
-26 33 -17 0
8 -1 -36 0
31 13 -9 0
-20 38 21 0
-12 4 -32 0
30 -20 5 0
12 -15 -32 0
-38 -31 40 0
40 -19 -18 0
-24 -9 15 0
-29 -17 21 0
12 22 -18 0
-18 28 20 0
-19 -3 -8 0
-27 29 -4 0
-22 -28 37 0
-17 39 22 0
20 -27 -32 0
-36 29 -39 0
-30 34 -13 0
-10 7 -18 0
-31 -1 23 0
7 -38 -14 0
35 16 29 0
2 -9 21 0
-38 -21 -40 0
32 -29 -30 0
-19 6 -40 0
-40 5 27 0
7 17 -31 0
