c instance by G2
c solution = 1111110010101011000110100110111100110010
c Known solution cost is 10410 
p cnf 40 50
w 11 40 444 118 146 273 190 256 314 166 405 300 190 377 334 61 253 308 321 212 435 48 401 38 481 258 434 65 344 387 385 391 141 429 98 102 478 236 310 230
-15 -26 23 0
-2 -12 7 0
34 26 24 0
5 8 37 0
-10 -9 19 0
-40 -4 25 0
-33 -21 -30 0
-20 4 -14 0
3 -4 25 0
-29 9 24 0
40 16 34 0
18 13 10 0
-3 -1 20 0
-21 22 -24 0
38 -19 -32 0
7 24 -38 0
-8 34 -39 0
-20 -9 30 0
13 -15 -20 0
29 19 12 0
-34 28 35 0
-17 -3 -32 0
-29 -18 14 0
31 -6 28 0
33 -14 17 0
-39 -23 27 0
-11 -28 -10 0
-6 8 15 0
-22 -4 7 0
-1 -25 40 0
36 -4 -1 0
-15 -4 -7 0
22 20 13 0
-20 35 -16 0
-34 -26 -13 0
31 -23 -26 0
-1 22 11 0
8 -26 4 0
-27 3 32 0
-31 30 -36 0
-10 39 18 0
28 -9 6 0
7 25 -28 0
2 -32 -23 0
-30 21 -3 0
32 -13 -16 0
-37 -15 32 0
39 18 19 0
1 12 7 0
-16 -37 -13 0
