c instance by G2
c solution = 0100101101101100111001101001001011011111
c Known solution cost is 9894 
p cnf 40 50
w 445 3 235 255 81 336 392 203 32 453 493 358 499 401 408 5 320 128 55 206 481 131 194 195 334 71 165 10 478 283 165 435 305 301 56 160 321 298 133 70
-25 -17 37 0
13 32 -22 0
-11 14 -19 0
21 34 -38 0
32 -39 33 0
16 38 32 0
15 -26 21 0
6 3 -24 0
25 2 -1 0
-11 3 -26 0
9 -40 39 0
24 -28 7 0
-4 3 1 0
13 -33 -36 0
24 23 3 0
1 -5 -16 0
27 9 40 0
-39 19 27 0
40 12 -37 0
3 -28 25 0
-25 -19 -1 0
26 17 1 0
-18 -21 -23 0
-34 1 -27 0
-40 39 37 0
-32 -22 29 0
-15 27 6 0
18 -31 -28 0
2 -8 -14 0
-9 -2 -14 0
20 15 -16 0
-4 16 -33 0
-25 15 11 0
-28 -17 -12 0
21 18 -3 0
23 24 -38 0
8 -11 4 0
-30 15 35 0
-6 4 27 0
-11 -20 6 0
-11 -8 -35 0
5 12 4 0
-28 -29 -19 0
-22 -3 20 0
-38 28 29 0
9 38 -36 0
-38 10 -7 0
31 -2 -18 0
1 20 22 0
-22 -10 36 0
