c instance by G2
c solution = 1000100111100011010001110011101011000000
c Known solution cost is 10033 
p cnf 40 50
w 388 246 111 432 354 41 99 330 338 487 421 375 118 414 262 120 65 89 339 172 176 42 207 257 31 231 214 224 303 466 243 119 29 445 480 391 179 406 134 255
34 17 -29 0
34 1 33 0
-15 -7 39 0
-26 20 12 0
-9 -37 -16 0
33 -18 4 0
32 -18 22 0
32 -22 -19 0
38 -28 11 0
-33 -5 -20 0
-1 -6 -15 0
20 -36 -18 0
8 1 -40 0
9 -39 34 0
-4 19 -18 0
7 -22 29 0
23 20 26 0
-30 21 -1 0
-26 -35 20 0
-34 25 16 0
-2 -10 39 0
-38 6 -10 0
-15 -17 21 0
20 -39 -34 0
36 6 -14 0
19 -22 -35 0
15 -10 32 0
-8 -15 24 0
30 -16 9 0
-5 31 -28 0
14 32 1 0
-11 21 28 0
-22 -37 39 0
27 -16 -29 0
4 -9 -40 0
25 -32 -11 0
5 -15 36 0
2 34 4 0
-8 -3 40 0
-1 20 8 0
39 -10 -12 0
-1 30 -21 0
-31 4 -25 0
24 36 3 0
-12 -36 -19 0
-15 -13 12 0
2 23 5 0
18 26 -28 0
14 18 -12 0
21 19 10 0
