c instance by G2
c solution = 1001000101011111000100010100010101111010
c Known solution cost is 10561 
p cnf 40 50
w 271 244 165 97 406 271 138 363 434 145 88 288 239 318 221 73 95 217 223 166 479 455 356 322 419 468 165 206 124 280 375 257 429 467 476 139 62 114 261 245
27 37 25 0
-20 22 8 0
-24 16 -32 0
36 8 -5 0
28 -27 -29 0
6 34 2 0
-30 -34 26 0
4 7 -20 0
22 20 -4 0
23 31 -29 0
-10 31 -19 0
1 19 2 0
21 38 -31 0
-4 -10 -6 0
-39 -2 -6 0
29 7 4 0
27 -10 15 0
30 39 -21 0
11 -4 12 0
-22 38 -12 0
-15 13 27 0
-37 -25 38 0
19 -32 -28 0
7 -30 -18 0
22 11 35 0
-23 -4 2 0
9 28 13 0
17 -5 6 0
-11 8 27 0
17 10 7 0
-4 7 -11 0
3 -18 -12 0
-26 13 -11 0
39 -12 -24 0
5 -9 19 0
9 28 30 0
31 -17 -24 0
19 -36 24 0
23 22 14 0
6 21 -33 0
-30 -4 36 0
-12 -4 -7 0
38 32 -20 0
-8 23 -2 0
-30 -14 -27 0
3 -15 -38 0
35 -17 -8 0
9 -32 -21 0
9 -40 25 0
7 -3 -36 0
