c instance by G2
c solution = 1110101001101100111101011101010111000010
c Known solution cost is 10025 
p cnf 40 50
w 339 186 110 155 180 367 299 58 268 222 370 279 40 139 89 442 48 247 10 424 244 316 367 103 434 181 332 36 414 436 221 417 219 440 32 406 276 152 314 413
5 6 -25 0
-21 37 -26 0
39 15 -14 0
-20 12 28 0
-39 -11 -40 0
35 -39 -31 0
8 14 -11 0
-11 -19 -12 0
-14 16 32 0
1 -10 27 0
-13 -37 -26 0
38 22 -18 0
-36 -28 -14 0
32 -37 18 0
40 -5 34 0
19 -1 -2 0
31 8 -38 0
9 -12 -17 0
38 -9 -26 0
25 17 -39 0
-19 18 40 0
13 -19 21 0
11 12 -34 0
-17 20 -2 0
-28 -26 -6 0
29 -1 -27 0
-11 26 12 0
33 -10 6 0
29 -23 -5 0
-26 24 -1 0
-1 9 7 0
25 -13 9 0
12 5 -8 0
9 -3 -29 0
-3 10 8 0
32 -15 18 0
-1 -35 36 0
-34 17 6 0
-24 -30 -15 0
-24 -32 -9 0
2 -28 21 0
32 10 -33 0
-16 33 21 0
-25 31 -8 0
-4 27 -10 0
23 21 3 0
-16 -26 -10 0
30 36 23 0
-1 -12 16 0
-29 -24 -7 0
