c instance by G2
c solution = 1100111111110011111100010001010001000110
c Known solution cost is 10685 
p cnf 40 50
w 281 474 289 53 387 215 369 466 219 145 450 367 4 95 181 196 143 397 445 72 318 181 370 318 78 219 450 182 330 72 399 109 171 499 344 179 166 416 190 446
-9 -17 24 0
18 -5 -17 0
-9 -4 21 0
33 26 -25 0
-2 -22 -27 0
-21 30 -38 0
29 28 -17 0
-23 -10 -28 0
3 40 15 0
-27 -7 -24 0
39 -24 14 0
3 -18 7 0
-1 -16 -22 0
-21 -18 32 0
8 31 -28 0
-40 -6 25 0
-13 40 35 0
12 26 35 0
-31 29 -34 0
-26 -1 -30 0
-15 -8 19 0
-28 -12 10 0
-38 -35 -17 0
1 -11 38 0
40 4 11 0
-28 -32 37 0
9 14 -24 0
23 -14 33 0
-33 -10 -30 0
16 -2 -19 0
29 34 21 0
6 22 37 0
-20 -29 -24 0
8 -16 32 0
38 35 22 0
-19 -37 27 0
40 23 1 0
1 25 -5 0
36 12 13 0
-17 21 -36 0
17 3 -12 0
2 -5 -1 0
4 -29 9 0
21 20 35 0
21 17 -35 0
-37 32 -19 0
30 -11 13 0
-3 33 13 0
-17 5 26 0
-15 -17 39 0
