c instance by G2
c solution = 0010000001000011011101010000000000101000
c Known solution cost is 8679 
p cnf 40 50
w 18 269 16 458 344 77 123 170 201 296 12 355 43 191 390 293 90 105 28 305 195 25 267 138 86 461 139 88 432 49 239 423 490 385 484 60 109 245 364 216
9 -4 -8 0
-31 -3 21 0
11 14 -30 0
-30 28 -36 0
12 -23 28 0
-25 5 14 0
-28 15 26 0
-20 -10 -5 0
38 -10 -1 0
-22 5 15 0
37 23 14 0
-26 40 5 0
-3 29 -39 0
30 -17 -22 0
16 -37 -35 0
38 -19 18 0
-29 38 33 0
29 -3 22 0
25 4 -28 0
-2 31 -15 0
7 3 -19 0
14 -38 4 0
4 -16 -8 0
7 31 -12 0
-18 -21 34 0
-34 -36 11 0
-35 29 -11 0
5 7 19 0
2 -10 -27 0
30 20 -28 0
35 12 27 0
-33 1 -19 0
25 -17 28 0
23 -14 -10 0
29 -4 23 0
39 -34 33 0
-36 13 14 0
13 24 17 0
-32 36 40 0
21 -9 4 0
-16 -37 -6 0
33 11 10 0
-25 40 20 0
-40 39 38 0
17 -3 20 0
-31 -9 17 0
-22 -13 -20 0
38 25 -7 0
-36 21 35 0
-31 24 36 0
