c instance by G2
c solution = 1111001001110010001100001001100000101010
c Known solution cost is 10075 
p cnf 40 50
w 175 234 223 279 388 365 112 257 398 88 17 336 190 339 429 386 69 98 472 59 248 92 238 111 410 207 458 391 80 366 290 385 119 85 167 326 314 73 362 439
-11 -1 -40 0
11 5 17 0
31 37 24 0
-32 27 14 0
-8 -15 19 0
32 -10 -23 0
-29 6 39 0
30 10 2 0
-26 16 -39 0
26 -10 29 0
-33 14 -4 0
-1 7 30 0
-12 -22 26 0
18 -6 17 0
-22 23 27 0
-37 36 -31 0
-35 16 19 0
36 -23 3 0
-7 -27 26 0
24 21 -32 0
-25 -1 35 0
-20 -15 -24 0
-17 -3 9 0
-37 -12 -34 0
36 40 10 0
-39 12 -21 0
-30 16 -37 0
18 40 -8 0
25 33 17 0
-8 -5 36 0
-32 38 -36 0
4 36 22 0
14 -37 -36 0
30 -20 15 0
-5 22 -2 0
28 -4 40 0
3 26 -35 0
11 -5 8 0
27 34 -16 0
2 18 33 0
-11 12 -1 0
-37 -13 17 0
22 -21 -11 0
22 -10 -14 0
1 -37 23 0
27 -38 -29 0
26 -30 -20 0
-37 -9 34 0
20 -10 -1 0
-18 -29 22 0
