c instance by G2
c solution = 0000000111001000011001011010010000001101
c Known solution cost is 12024 
p cnf 40 50
w 456 17 350 274 366 348 483 417 192 301 216 166 477 311 373 136 365 142 296 273 362 443 211 258 204 392 4 298 54 280 481 175 440 470 492 5 206 441 460 389
-35 -38 -15 0
14 10 6 0
-40 -33 -8 0
-21 5 -27 0
-37 -10 -39 0
22 -10 6 0
-8 -31 -40 0
-26 -38 36 0
40 -18 4 0
26 -13 8 0
3 33 -20 0
9 21 30 0
37 -21 -29 0
-27 -7 35 0
38 28 -24 0
37 16 -23 0
24 4 20 0
20 -9 -6 0
-40 -5 17 0
-15 23 11 0
-4 33 11 0
-1 -18 39 0
15 20 -17 0
2 19 4 0
-10 -23 14 0
26 3 -29 0
-40 32 -36 0
27 -24 21 0
5 4 22 0
-27 28 -34 0
5 1 -6 0
-18 -28 7 0
-17 31 34 0
13 11 36 0
26 -3 35 0
-18 16 -12 0
-7 -13 11 0
-35 2 31 0
3 30 14 0
17 -16 31 0
31 -32 -24 0
18 5 2 0
1 -11 6 0
-14 -22 -27 0
3 25 15 0
-13 -33 39 0
20 37 6 0
-19 -27 -2 0
-27 10 32 0
12 -22 9 0
