c instance by G2
c solution = 0111100010110101111011101100000011101001
c Known solution cost is 8161 
p cnf 40 50
w 210 111 457 371 331 192 429 310 37 125 83 237 9 86 224 375 424 72 148 31 41 412 422 325 130 209 124 277 130 497 350 34 10 117 80 162 144 63 339 33
27 13 26 0
12 1 -35 0
27 11 24 0
15 39 -30 0
-34 -19 26 0
36 37 -2 0
-35 23 27 0
36 31 -15 0
9 -4 38 0
19 36 -34 0
-3 33 -18 0
-23 8 -38 0
40 18 32 0
-34 -16 -8 0
-27 13 -12 0
32 -28 -3 0
-2 31 -20 0
-16 -18 25 0
10 32 21 0
32 -13 -40 0
27 26 -12 0
28 8 -1 0
-16 14 -17 0
-25 -15 -40 0
32 -26 -31 0
32 17 -21 0
30 35 28 0
-21 29 -32 0
37 26 10 0
28 -6 -40 0
-4 -16 18 0
40 -23 8 0
-2 36 -39 0
-16 3 -17 0
28 -40 -36 0
-35 -37 -10 0
2 10 -25 0
-34 -6 -18 0
11 24 21 0
20 -29 39 0
-39 -29 -26 0
-11 -35 26 0
16 -26 10 0
-16 22 13 0
7 -4 5 0
-37 4 -9 0
34 -12 36 0
2 -33 30 0
-24 -25 -19 0
-7 38 31 0
