c instance by G2
c solution = 1011011111111111110100110011110010010001
c Known solution cost is 7532 
p cnf 40 50
w 94 196 65 43 117 322 11 125 302 241 47 46 68 50 358 21 330 463 193 131 405 21 70 29 11 288 188 65 467 383 327 132 411 67 284 347 379 99 28 308
7 39 -3 0
-16 -12 -5 0
8 22 35 0
10 -18 -27 0
21 6 31 0
-24 40 -28 0
-17 36 -16 0
20 16 -10 0
-31 5 -13 0
14 -8 -4 0
15 35 -12 0
26 16 34 0
2 -38 -1 0
-18 21 20 0
4 -3 -19 0
17 -14 -40 0
-6 -7 1 0
-17 24 -7 0
-25 -17 -4 0
-19 -11 32 0
-18 -7 -37 0
35 -27 33 0
27 -1 28 0
22 29 -33 0
-36 -11 9 0
-21 5 -8 0
-24 -14 27 0
-26 -33 -28 0
28 21 5 0
2 -29 -34 0
21 -2 22 0
13 -29 -6 0
-1 -20 -31 0
31 -8 -22 0
-29 -26 30 0
22 -39 -13 0
39 -35 -16 0
17 2 29 0
-21 1 19 0
3 37 22 0
-4 -35 -33 0
19 4 -1 0
-3 5 11 0
-17 -32 -16 0
17 -35 -29 0
-15 -28 18 0
35 23 -20 0
-1 -32 17 0
25 30 38 0
12 -13 -11 0
