c instance by G2
c solution = 1110000110010010000100000010111100001000
c Known solution cost is 8916 
p cnf 40 50
w 129 114 153 497 98 67 47 243 192 317 487 324 154 90 298 271 69 167 16 36 13 343 26 241 274 393 417 99 473 305 449 480 188 11 122 313 288 150 493 69
-3 22 -14 0
34 13 12 0
1 36 4 0
9 30 -25 0
-39 -15 5 0
22 -5 33 0
8 27 21 0
-21 -1 -2 0
-23 26 36 0
-30 26 -18 0
31 24 25 0
16 11 -17 0
-30 -22 -14 0
17 -9 32 0
26 8 36 0
-15 17 -33 0
25 -12 -34 0
17 5 -7 0
-38 17 -2 0
20 -37 -15 0
16 -19 4 0
-33 40 38 0
39 -31 -4 0
29 37 14 0
-1 30 39 0
36 -11 -30 0
24 -37 -26 0
-27 21 -40 0
-1 -10 14 0
19 9 4 0
35 13 -16 0
-32 19 3 0
11 -3 -25 0
-32 -13 33 0
36 27 -30 0
10 28 -11 0
33 39 -35 0
-28 19 16 0
-37 28 15 0
17 -36 4 0
40 37 24 0
29 18 -8 0
-24 11 39 0
4 32 -8 0
-29 -28 2 0
4 8 31 0
-37 39 -6 0
35 -22 16 0
36 -38 15 0
19 17 2 0
