c instance by G2
c solution = 1100011000111000011010010100011000000111
c Known solution cost is 11706 
p cnf 40 50
w 318 383 277 235 46 218 390 246 216 291 422 307 472 412 9 151 474 477 74 404 383 224 308 198 428 83 494 226 219 37 319 8 490 325 479 357 491 194 286 335
35 -30 -34 0
4 17 -14 0
-5 -36 8 0
35 9 -3 0
-5 25 -40 0
9 8 -16 0
-29 -2 24 0
-37 -21 -7 0
11 -12 35 0
-1 -12 -9 0
8 -25 16 0
30 -11 16 0
33 -2 -35 0
-25 18 1 0
-18 -4 28 0
-26 18 -1 0
-6 20 -15 0
-39 2 15 0
14 21 33 0
-11 31 23 0
37 -21 7 0
-24 -34 -28 0
-22 -2 3 0
2 -10 -13 0
-40 -20 17 0
37 -27 -39 0
14 22 40 0
-12 10 -33 0
-12 -5 22 0
-30 6 32 0
-40 23 12 0
38 -5 -17 0
24 -26 20 0
-40 1 -7 0
5 38 -31 0
-17 -31 -1 0
32 -13 -8 0
-13 -36 35 0
-38 26 5 0
13 36 -24 0
-32 15 37 0
20 27 -23 0
-39 -9 5 0
14 2 36 0
-10 14 -26 0
14 39 -31 0
19 -14 6 0
-38 19 9 0
-2 -28 9 0
-7 -29 37 0
