c instance by G2
c solution = 1010001100100000001001011111100110010101
c Known solution cost is 9684 
p cnf 40 50
w 375 222 280 131 261 122 223 194 464 310 230 277 183 1 302 367 492 220 46 117 263 189 156 270 417 427 109 375 406 452 202 51 174 207 85 396 364 30 57 237
-32 4 19 0
-1 -12 -3 0
-29 -13 -22 0
21 23 29 0
-17 18 -7 0
15 16 33 0
3 -26 -8 0
-22 -24 1 0
2 -10 -19 0
20 -6 7 0
-24 -18 12 0
4 -37 17 0
17 30 -4 0
12 23 24 0
31 36 -22 0
-16 -13 11 0
27 16 -29 0
2 -6 -8 0
37 -23 6 0
20 8 -12 0
2 11 -28 0
31 -9 -27 0
32 12 23 0
34 27 -11 0
-7 -30 21 0
20 21 -16 0
-28 -39 4 0
-37 -9 -23 0
-11 32 -29 0
39 -16 -11 0
33 -38 13 0
-11 -24 38 0
20 22 -24 0
-14 -40 -7 0
40 15 30 0
10 -15 9 0
-15 11 13 0
-32 -21 35 0
37 25 10 0
-33 35 28 0
-24 -31 -29 0
17 26 -22 0
-26 -2 10 0
-27 25 34 0
35 20 -5 0
8 39 -32 0
7 21 23 0
-35 14 23 0
2 -34 16 0
-40 -24 -20 0
