c instance by G2
c solution = 0100010001000111011100100101111110010100
c Known solution cost is 9170 
p cnf 40 50
w 14 92 109 33 199 427 277 29 264 393 288 313 56 456 52 216 499 177 114 330 244 480 395 365 498 201 314 221 322 300 122 142 175 70 58 45 238 241 338 63
-38 8 19 0
36 -20 25 0
15 9 22 0
4 14 -6 0
1 16 37 0
13 -7 4 0
5 24 38 0
-22 -20 -16 0
-35 -6 27 0
-37 13 11 0
-15 -30 -9 0
35 -27 25 0
-40 -16 -20 0
-1 -13 27 0
-2 26 7 0
25 -9 40 0
-40 13 35 0
33 -14 1 0
-3 -14 -36 0
-23 35 -25 0
5 -20 -21 0
-39 -36 34 0
-1 22 -20 0
27 -2 18 0
-2 23 -13 0
-30 9 23 0
39 30 27 0
32 -31 16 0
-38 -23 -17 0
-2 31 35 0
-12 40 -36 0
-34 -26 4 0
21 -11 -38 0
-4 -26 39 0
9 10 11 0
-31 8 29 0
2 37 21 0
-39 -26 17 0
-19 1 -24 0
22 32 -10 0
-8 40 -11 0
6 18 -40 0
33 20 -34 0
-14 20 3 0
37 -25 -18 0
1 -5 37 0
-13 11 -32 0
-14 -8 -26 0
13 28 8 0
6 5 -36 0
