c instance by G2
c solution = 1111111010000100010110000010011011010100
c Known solution cost is 10279 
p cnf 40 50
w 71 197 7 377 52 74 295 119 461 257 373 457 42 318 163 38 330 146 145 157 391 45 359 301 63 474 421 375 303 355 422 399 207 371 477 53 347 357 319 161
16 -26 -18 0
-23 17 11 0
21 12 -18 0
-9 39 36 0
-35 -36 22 0
3 -30 28 0
-20 40 -12 0
36 -2 8 0
1 35 17 0
40 -2 34 0
-38 -22 -5 0
32 30 28 0
17 26 -8 0
22 -34 2 0
-40 -27 12 0
-38 -19 -3 0
-28 26 22 0
-39 -36 23 0
-17 23 8 0
-32 12 22 0
-31 7 -34 0
-15 28 22 0
12 -25 -7 0
-15 -13 -17 0
16 12 -29 0
-15 -16 -5 0
37 10 5 0
-36 33 17 0
34 39 26 0
16 14 1 0
-2 -20 31 0
-11 -9 17 0
-10 -40 14 0
-13 9 -36 0
14 23 -9 0
38 -33 -5 0
38 -40 35 0
-31 -5 -16 0
31 23 32 0
20 -30 -7 0
-27 40 6 0
-36 -37 13 0
-13 -6 22 0
11 25 -10 0
-1 4 35 0
-36 -5 27 0
-24 16 -31 0
4 -27 13 0
-27 9 17 0
18 -21 -38 0
