c instance by G2
c solution = 1110010100111011101010001001100001100001
c Known solution cost is 11286 
p cnf 40 50
w 222 152 327 491 325 157 69 184 335 87 125 398 390 190 324 140 426 396 389 485 478 468 246 484 27 333 397 292 239 266 491 394 350 284 24 301 28 171 223 178
1 24 7 0
38 33 -7 0
-37 -28 -3 0
22 -13 8 0
-18 -6 -40 0
-8 -11 28 0
-35 -11 6 0
-25 -8 34 0
11 10 -29 0
-25 -17 13 0
-16 35 -34 0
14 -40 -9 0
-1 9 29 0
17 14 10 0
-6 -28 -5 0
5 24 -30 0
5 27 -33 0
40 33 -1 0
-36 14 -12 0
13 -35 32 0
-31 -34 -21 0
21 14 26 0
-27 22 36 0
-40 26 1 0
-20 31 -34 0
-28 37 -26 0
-32 -6 18 0
19 26 -3 0
-22 18 -1 0
23 -4 -12 0
3 14 -40 0
-18 1 33 0
12 -17 39 0
-4 -6 -2 0
-37 22 -35 0
2 27 22 0
2 -23 -19 0
26 -7 10 0
18 -14 -40 0
-39 31 7 0
30 -31 -1 0
14 1 -6 0
32 15 -6 0
-6 16 -3 0
14 -38 5 0
-24 -21 -34 0
-12 14 -23 0
-40 25 36 0
-32 29 -25 0
22 -10 -13 0
