c instance by G2
c solution = 1111010000000000100101011011111100111010
c Known solution cost is 9622 
p cnf 40 50
w 95 384 286 90 371 223 269 106 27 112 383 206 445 104 354 151 353 361 299 479 367 129 232 373 66 57 40 189 175 125 372 369 148 358 460 77 318 173 453 43
18 38 39 0
-17 -33 26 0
14 33 -23 0
12 -9 7 0
34 -21 38 0
-7 -31 -17 0
26 -30 4 0
-30 23 -15 0
10 -2 6 0
33 -31 32 0
37 34 7 0
12 30 21 0
6 -20 17 0
14 38 -13 0
38 25 -31 0
-28 19 -7 0
29 34 -37 0
-23 34 -28 0
2 -3 -4 0
16 21 -11 0
34 28 -31 0
-3 -40 -37 0
-39 -18 -32 0
-37 -2 -5 0
1 -17 12 0
40 11 35 0
20 38 33 0
-32 -29 -8 0
13 -20 -12 0
-12 -27 -19 0
10 -19 -3 0
7 27 10 0
-6 10 17 0
-30 -24 22 0
-31 21 36 0
4 14 33 0
23 -29 -10 0
-16 13 12 0
13 31 11 0
-32 3 -29 0
-1 -7 36 0
11 -34 -30 0
-8 16 -27 0
-26 -30 21 0
-38 8 15 0
-25 14 24 0
-5 -32 -4 0
-35 9 20 0
-4 -14 -31 0
-21 6 -18 0
