c instance by G2
c solution = 01100111000111000111001010001101111
c Known solution cost is 9463 
p cnf 35 50
w 222 476 89 141 426 79 54 485 29 331 185 213 238 122 404 327 469 434 163 406 329 421 434 306 492 140 46 434 477 399 45 225 110 71 241
-5 6 15 0
1 -31 30 0
-24 -30 -14 0
28 -10 -20 0
27 -8 -21 0
-33 -27 -20 0
28 -1 -18 0
28 12 4 0
11 -32 20 0
35 -3 17 0
4 22 32 0
-12 6 -18 0
-22 -35 21 0
18 -8 -14 0
26 8 11 0
10 -26 34 0
-30 5 7 0
16 23 28 0
21 -26 -8 0
11 -14 -4 0
4 30 -6 0
-13 15 2 0
22 33 -29 0
32 -14 20 0
-5 9 21 0
-7 26 -9 0
-31 -7 -35 0
11 2 7 0
12 -19 21 0
-3 7 -33 0
9 29 -13 0
-25 -27 -7 0
-11 16 5 0
10 34 28 0
10 14 17 0
-18 -20 13 0
25 31 -20 0
33 7 -15 0
35 29 20 0
28 19 15 0
-25 -19 -17 0
15 -24 -8 0
-3 31 -22 0
-28 -30 4 0
11 -16 -35 0
26 -24 -15 0
-15 21 -32 0
24 -25 3 0
30 25 -20 0
-11 26 -33 0
