c instance by G2
c solution = 01111001000011011000000111001000111
c Known solution cost is 8789 
p cnf 35 50
w 129 105 286 492 92 398 377 218 153 382 449 24 93 218 428 52 456 157 295 455 22 250 76 475 333 108 78 368 301 49 53 401 430 258 328
32 -20 -25 0
15 -19 34 0
4 -22 32 0
-19 6 -34 0
-1 31 -29 0
-28 34 35 0
-5 -27 30 0
7 9 -28 0
-21 -4 -24 0
-17 3 -34 0
-11 28 -8 0
-2 -14 -6 0
11 4 19 0
15 8 -34 0
24 -35 10 0
20 -14 25 0
-16 -23 -28 0
-26 -9 -7 0
17 -9 26 0
22 -12 -24 0
30 1 -6 0
-19 -30 18 0
28 19 -23 0
1 33 10 0
-13 20 -9 0
28 8 16 0
-13 29 -20 0
-2 13 -25 0
12 23 -10 0
12 9 17 0
35 7 31 0
14 19 11 0
23 1 29 0
-30 -26 23 0
-18 5 25 0
-8 -34 33 0
-35 -7 28 0
-17 23 5 0
2 -8 -10 0
2 -25 28 0
18 16 -35 0
23 -28 -16 0
20 26 22 0
10 34 1 0
-18 22 6 0
-21 5 -11 0
-2 -15 -14 0
27 23 -22 0
-32 -33 -5 0
-4 -24 -31 0
