c instance by G2
c solution = 10110111001000011100010100101001011
c Known solution cost is 9040 
p cnf 35 50
w 125 39 70 96 485 395 256 457 77 465 177 498 484 38 256 499 303 330 244 37 345 306 163 49 34 493 107 298 95 364 259 325 391 309 171
-12 -11 -27 0
-9 -6 2 0
-21 32 31 0
9 -4 -31 0
-17 33 -25 0
-10 13 -4 0
29 -12 24 0
21 -33 19 0
18 -16 33 0
-11 -14 5 0
7 20 15 0
-7 -28 33 0
16 27 1 0
10 9 -13 0
15 29 -1 0
-18 1 -4 0
21 8 -35 0
-16 9 18 0
-17 -4 -15 0
2 35 28 0
30 21 -2 0
31 32 33 0
17 -28 -23 0
23 -3 27 0
-5 15 -16 0
19 33 6 0
16 33 -24 0
-34 2 -20 0
30 4 5 0
21 13 -26 0
14 -35 -28 0
-19 -4 9 0
-4 -23 12 0
17 -34 -30 0
34 -6 -27 0
-15 14 10 0
-23 24 -10 0
11 10 -8 0
13 31 22 0
-12 7 -17 0
-13 34 -17 0
32 -15 -34 0
24 12 -18 0
3 -8 13 0
30 24 -28 0
-3 -27 -33 0
17 15 14 0
21 32 5 0
-21 -4 28 0
-11 -30 25 0
