c instance by G2
c solution = 11001000101111010001111010110000110
c Known solution cost is 8411 
p cnf 35 50
w 359 130 203 106 410 469 451 405 310 288 470 349 342 88 25 88 97 195 441 184 322 97 85 227 369 421 138 89 318 388 101 210 4 58 174
-35 -9 3 0
31 -19 -22 0
33 12 -31 0
24 15 5 0
-13 17 -18 0
-27 30 23 0
-6 -17 9 0
1 31 30 0
27 -2 10 0
-20 25 15 0
-9 4 -32 0
35 18 -6 0
6 -14 13 0
-8 -22 -14 0
14 -17 -27 0
8 35 9 0
-20 10 -31 0
-5 12 -27 0
-20 34 6 0
10 18 -30 0
8 -13 -29 0
10 -11 20 0
-25 -16 28 0
-13 29 -24 0
6 -21 -18 0
13 30 32 0
-17 -16 6 0
-26 3 -12 0
-27 7 14 0
11 24 1 0
-34 -7 3 0
-18 15 29 0
-28 -2 -10 0
-15 -13 -2 0
17 -4 -20 0
14 9 -21 0
-16 -29 -15 0
-28 -8 15 0
-5 4 21 0
10 18 -3 0
3 -5 33 0
-34 -2 13 0
-23 -10 26 0
29 -21 11 0
29 -21 22 0
18 -6 -3 0
8 -6 10 0
-3 -9 -12 0
18 16 24 0
2 -25 -13 0
