c instance by G2
c solution = 01111110110110111111010010111100010
c Known solution cost is 9799 
p cnf 35 50
w 243 309 424 60 401 18 241 384 439 318 106 438 332 415 389 105 228 486 52 162 267 314 81 449 321 472 498 67 149 259 437 136 200 415 184
13 -7 -9 0
5 33 -17 0
4 -15 -7 0
-30 2 -4 0
35 3 -7 0
-14 -31 7 0
30 -19 -6 0
-22 -16 -31 0
-33 -27 -34 0
-18 -24 -29 0
-20 -16 10 0
6 -5 -29 0
21 -8 -4 0
21 -14 33 0
-28 20 1 0
7 32 -19 0
32 -20 9 0
26 -19 -23 0
-29 -15 -14 0
25 -10 -3 0
-15 -12 34 0
-2 -35 -28 0
4 12 -5 0
31 22 24 0
-22 1 2 0
-16 6 8 0
21 -30 3 0
-6 -23 -10 0
22 -23 34 0
4 27 -18 0
-22 15 -28 0
6 17 26 0
16 -5 23 0
-21 24 26 0
-34 -16 -8 0
-4 -32 8 0
-6 -21 -3 0
-20 -5 12 0
-11 24 -7 0
18 -10 -19 0
24 -16 28 0
-1 -22 -27 0
27 -18 31 0
-13 19 26 0
-34 32 17 0
-12 -9 -26 0
20 33 -22 0
29 -3 -16 0
23 -24 -5 0
-27 30 -2 0
