c instance by G2
c solution = 11110000111010110010000010101010011
c Known solution cost is 7385 
p cnf 35 50
w 235 381 169 255 74 470 461 27 142 164 479 74 81 52 61 88 54 387 320 30 21 314 318 484 167 39 175 460 136 87 476 17 396 223 68
-25 1 5 0
-35 12 -21 0
-31 -25 4 0
29 22 -3 0
-13 9 22 0
29 30 -28 0
-28 -14 1 0
-15 19 24 0
-11 -4 35 0
-17 30 -19 0
-8 -9 -34 0
22 35 8 0
-28 31 8 0
-22 -2 -10 0
-18 6 32 0
-22 -32 -12 0
8 -24 -29 0
-15 -33 -25 0
-27 5 31 0
-11 1 27 0
10 6 22 0
-5 -7 11 0
24 -8 17 0
23 11 -27 0
32 -30 5 0
16 26 -34 0
-5 22 26 0
-27 -28 6 0
-13 28 -12 0
-4 11 12 0
-30 -16 1 0
-14 -1 -29 0
17 29 -23 0
-19 -11 -32 0
-7 32 24 0
25 -16 32 0
17 -29 13 0
33 17 3 0
-11 -6 5 0
-29 -33 -23 0
-2 -33 15 0
-10 34 18 0
2 30 -3 0
28 14 15 0
9 7 20 0
31 22 -27 0
24 14 -23 0
-20 28 33 0
-4 -11 -26 0
5 27 -3 0
