c instance by G2
c solution = 10101011010101011011110100110110010
c Known solution cost is 10264 
p cnf 35 50
w 372 197 266 231 349 348 281 451 467 99 307 4 246 432 359 9 310 171 443 303 475 287 497 226 105 164 272 485 118 496 412 382 63 404 233
15 30 -1 0
1 -6 -34 0
-12 -9 -7 0
-24 3 -31 0
29 7 -8 0
8 -12 9 0
-26 17 35 0
21 -34 -22 0
-14 27 -24 0
23 -11 -10 0
10 -34 4 0
-17 -25 -5 0
-35 -17 -19 0
-12 -8 -18 0
-15 -2 14 0
-3 -24 -32 0
-3 13 22 0
-1 -27 -4 0
-6 18 -8 0
4 -29 13 0
-5 -26 13 0
-17 15 22 0
-13 -10 -8 0
35 20 32 0
14 23 -15 0
32 28 -21 0
19 -1 2 0
2 -12 1 0
33 -27 12 0
16 -24 -30 0
29 17 7 0
-4 25 -22 0
-12 -31 -4 0
31 13 34 0
-19 -7 -33 0
26 29 -25 0
35 7 33 0
31 -10 18 0
17 -20 23 0
14 -8 -31 0
20 25 6 0
-21 23 -2 0
6 7 -28 0
-20 24 -10 0
30 -19 -17 0
2 -15 32 0
-10 34 25 0
-33 -10 24 0
25 -24 5 0
-23 32 -22 0
