c instance by G2
c solution = 01111111100100101001111101110100110
c Known solution cost is 8015 
p cnf 35 50
w 438 370 354 49 156 102 279 31 294 351 24 192 40 258 190 242 352 11 341 122 384 82 131 292 173 172 74 250 118 426 60 454 275 453 475
6 14 31 0
30 -29 8 0
-34 -8 26 0
-18 -27 -32 0
29 -24 4 0
16 -25 -8 0
-20 -23 -32 0
5 25 10 0
-5 -10 14 0
23 -9 14 0
-27 -34 -29 0
14 32 -31 0
-35 -27 -16 0
-11 -5 16 0
-25 4 2 0
22 -33 10 0
-21 16 -1 0
35 -14 -27 0
4 -15 -9 0
-35 -20 -2 0
10 7 -5 0
-16 -12 35 0
25 13 28 0
16 27 -20 0
9 -17 1 0
-7 -13 29 0
18 -19 -7 0
33 -12 -23 0
19 21 -6 0
21 -27 -8 0
8 -26 18 0
-32 27 31 0
-34 -25 -22 0
-30 8 -28 0
28 8 10 0
-12 20 31 0
30 -9 -8 0
15 -21 -34 0
25 -30 3 0
-18 35 -20 0
24 1 31 0
16 23 -7 0
-21 1 30 0
34 -30 -9 0
5 35 -14 0
4 -14 7 0
12 35 -8 0
19 2 14 0
-27 9 29 0
17 -21 -9 0
