c instance by G2
c solution = 01110011010010011101010001110001011
c Known solution cost is 8788 
p cnf 35 50
w 137 449 119 321 344 108 320 259 74 9 493 440 133 221 294 250 47 196 461 323 221 464 213 409 460 27 74 230 84 357 353 219 322 118 239
-17 13 19 0
-24 -4 9 0
30 10 24 0
-31 -22 27 0
-33 -3 -7 0
-13 -9 -35 0
25 -5 11 0
13 19 31 0
-20 4 -34 0
-35 28 -7 0
-13 34 -4 0
-18 23 26 0
11 35 -32 0
-18 -25 14 0
31 35 -7 0
16 9 30 0
1 22 5 0
-27 -12 -8 0
-3 17 5 0
24 18 -8 0
30 8 27 0
3 12 1 0
19 -18 -14 0
-17 -11 23 0
2 -3 33 0
-10 -34 -1 0
23 32 -20 0
12 29 -19 0
31 -25 1 0
-31 -8 -27 0
-25 20 30 0
-5 33 -8 0
-34 8 13 0
12 -6 28 0
15 26 -20 0
27 24 9 0
33 -32 20 0
9 3 -29 0
29 -21 1 0
31 7 33 0
-13 8 33 0
27 -15 6 0
29 21 -30 0
31 30 -23 0
14 -6 25 0
18 -35 1 0
5 -20 -15 0
-21 -10 6 0
30 -29 14 0
-29 -8 12 0
