c instance by G2
c solution = 00110010000110110010001110101101011
c Known solution cost is 9391 
p cnf 35 50
w 445 0 324 296 109 252 287 421 95 257 376 284 375 152 491 383 275 454 94 41 417 194 423 249 420 284 160 398 169 273 312 7 358 18 298
-5 -34 22 0
15 -27 -13 0
-33 -3 21 0
-4 -1 33 0
-3 28 -21 0
-29 27 20 0
16 22 -4 0
21 -32 -26 0
24 -19 12 0
10 35 1 0
19 31 18 0
33 2 -9 0
-9 -16 4 0
22 1 25 0
16 1 -29 0
20 -29 30 0
22 -26 10 0
4 -21 -18 0
-1 17 -28 0
4 -34 2 0
17 -26 -11 0
10 -30 15 0
12 -11 -16 0
-8 -30 9 0
33 -31 -19 0
-33 20 -27 0
22 1 3 0
-32 29 -15 0
28 17 -2 0
-28 -24 -34 0
-3 12 14 0
-4 7 11 0
1 23 10 0
-27 34 -25 0
-17 1 11 0
20 35 1 0
-26 -1 -25 0
-28 4 27 0
20 -10 18 0
-24 -32 13 0
-32 -18 9 0
-20 -23 6 0
-32 24 11 0
5 -32 25 0
-24 -14 26 0
-25 14 -22 0
26 3 10 0
-23 -6 -19 0
32 -27 17 0
14 2 -11 0
