c instance by G2
c solution = 00101100110111100101011101101000011
c Known solution cost is 9069 
p cnf 35 50
w 175 34 367 11 243 435 345 416 293 364 292 310 95 361 387 254 95 183 206 343 209 114 461 478 255 305 357 275 291 47 96 430 124 74 344
29 -15 -3 0
-16 28 -22 0
-1 -6 21 0
26 21 -32 0
-28 11 -26 0
-29 20 1 0
-18 -17 -12 0
17 25 5 0
-12 6 -19 0
26 -13 -14 0
34 -2 10 0
9 -6 -15 0
2 21 -25 0
-35 31 -2 0
28 -33 -14 0
30 -4 -20 0
-29 21 18 0
16 -17 -32 0
-14 -23 10 0
-13 -9 3 0
19 1 15 0
1 34 -4 0
31 17 -32 0
27 -35 -12 0
12 2 32 0
7 -21 11 0
-30 28 -35 0
4 24 -29 0
-20 34 4 0
-34 -3 -16 0
32 35 21 0
-22 -29 -7 0
-19 1 -3 0
19 13 -5 0
32 22 -26 0
3 29 6 0
-13 -1 31 0
6 21 -10 0
-13 30 -11 0
32 23 -10 0
21 7 -31 0
30 9 -7 0
-16 -10 6 0
-16 6 21 0
21 28 -8 0
-27 -28 -6 0
-17 -12 34 0
1 14 -35 0
-3 34 -15 0
7 -19 -29 0
