c instance by G2
c solution = 11011000101111111000000100100100011
c Known solution cost is 7827 
p cnf 35 50
w 321 235 497 14 429 334 196 159 438 109 50 2 55 277 156 140 27 330 383 317 5 419 47 260 25 489 313 112 461 215 277 417 24 96 198
-35 -4 -19 0
-23 -35 -5 0
19 34 23 0
3 31 24 0
12 20 3 0
-16 -4 5 0
-7 -4 -14 0
-8 12 35 0
-26 -11 32 0
-9 -1 17 0
-32 6 -9 0
22 -4 14 0
5 -8 -17 0
-7 -10 -1 0
33 -14 27 0
30 22 -34 0
-31 -34 -13 0
3 -29 -25 0
-17 -30 9 0
-5 7 13 0
31 5 26 0
29 -1 15 0
6 -29 -4 0
-9 18 16 0
-5 -6 26 0
23 -20 3 0
-12 2 25 0
-33 -30 23 0
11 18 26 0
-4 22 -3 0
-24 -31 -1 0
1 32 35 0
-21 -12 -13 0
-10 3 -17 0
-17 33 -8 0
-34 8 4 0
-22 18 19 0
4 -8 20 0
27 -13 -35 0
-12 -31 -21 0
29 35 -1 0
-17 -33 -4 0
15 29 25 0
-13 -1 -25 0
1 22 23 0
26 -14 15 0
-28 25 26 0
4 -23 -20 0
8 -18 -13 0
3 4 -28 0
