c instance by G2
c solution = 00001110101000100001100000011111100
c Known solution cost is 9983 
p cnf 35 50
w 338 93 139 38 323 375 356 276 291 106 17 347 405 374 89 433 192 479 122 447 302 347 440 427 454 406 24 82 340 108 176 373 473 355 436
10 -23 8 0
34 30 -32 0
-21 18 11 0
-11 33 -28 0
-2 13 12 0
1 29 -20 0
-16 14 2 0
-15 -21 -10 0
33 1 -29 0
9 10 14 0
21 12 35 0
10 -27 1 0
6 -17 23 0
-26 12 -14 0
-34 -28 -5 0
-30 -33 31 0
1 -7 -24 0
-14 -28 -30 0
-33 5 -1 0
26 10 33 0
-22 3 26 0
16 -8 -27 0
-11 26 -13 0
10 -1 34 0
-35 -30 24 0
10 28 -7 0
29 -10 30 0
-33 20 26 0
-32 22 5 0
-7 -4 2 0
27 -22 4 0
7 -24 -19 0
-19 -31 8 0
18 -21 -24 0
10 6 26 0
27 -12 -7 0
-5 35 -8 0
35 -15 7 0
3 8 32 0
11 -16 -3 0
10 33 -35 0
-15 -25 -18 0
19 -25 16 0
-29 22 9 0
-21 -26 19 0
34 -30 15 0
26 -13 17 0
35 -21 -18 0
1 -17 -5 0
-28 -3 -20 0
