c instance by G2
c solution = 10000000111110000101001011101011111
c Known solution cost is 9763 
p cnf 35 50
w 291 330 160 404 43 216 328 377 225 481 415 306 94 483 468 456 418 131 288 145 129 487 131 301 80 263 255 288 427 381 94 492 160 160 56
21 26 6 0
-1 -4 -23 0
32 -9 2 0
30 -17 -18 0
-1 -14 22 0
7 13 -26 0
-14 -16 -28 0
16 28 -7 0
-22 20 -32 0
-18 -19 -13 0
7 -2 24 0
-29 -35 -22 0
-8 -29 -33 0
-24 18 19 0
1 -27 15 0
-25 -35 27 0
-33 -17 -19 0
28 -13 -6 0
2 -9 -24 0
-1 -32 -15 0
4 -19 -14 0
-10 -18 20 0
29 -15 -17 0
-31 18 17 0
30 1 -33 0
-21 15 -32 0
-31 29 -23 0
-33 -22 -27 0
25 -7 -21 0
14 11 -12 0
-25 -21 -27 0
10 14 -11 0
-18 9 14 0
2 6 -5 0
15 12 7 0
34 -9 3 0
2 -3 24 0
-11 -29 31 0
33 6 -35 0
24 35 28 0
26 -27 2 0
-20 -17 -26 0
-11 3 -30 0
-32 -15 25 0
22 -16 15 0
35 10 33 0
23 -1 17 0
7 -19 34 0
-27 24 -28 0
25 -27 -26 0
