c instance by G2
c solution = 11011110101110111100110011101010011
c Known solution cost is 8125 
p cnf 35 50
w 328 304 246 224 58 161 441 338 18 73 118 249 110 162 336 96 334 94 120 250 443 6 212 419 165 439 350 339 114 291 355 122 281 332 197
-31 12 14 0
-23 -4 -1 0
-12 35 19 0
14 9 -11 0
24 -5 -30 0
-18 -28 -16 0
-17 -19 -15 0
-2 13 19 0
28 -11 5 0
27 -5 16 0
-35 -27 7 0
-32 -16 -2 0
-17 27 -10 0
-4 -1 -3 0
25 -31 -30 0
10 -8 28 0
-7 -5 15 0
16 -34 -6 0
33 1 23 0
-5 35 -12 0
-32 5 -15 0
28 -7 18 0
-23 19 3 0
-30 29 14 0
-11 23 -33 0
30 6 -5 0
33 17 -27 0
11 -6 -14 0
-16 -20 -29 0
10 32 21 0
-34 -24 -16 0
2 -22 -26 0
35 25 29 0
28 33 11 0
-27 -4 26 0
-22 -11 -20 0
25 -15 8 0
-14 -7 -12 0
14 4 -21 0
25 32 12 0
-15 22 -21 0
-20 6 -11 0
6 -10 23 0
-16 -27 34 0
-18 23 -10 0
-1 20 27 0
-29 34 -3 0
29 -27 -11 0
10 31 -17 0
-27 29 -17 0
