c instance by G2
c solution = 011010010111110111000001010111
c Known solution cost is 7808 
p cnf 30 50
w 157 164 14 102 290 266 385 376 190 316 270 390 200 271 172 436 319 357 172 349 83 245 415 337 90 368 339 318 254 163
-9 -22 -28 0
9 -20 -17 0
4 -19 -23 0
19 26 6 0
-10 22 3 0
-14 -1 25 0
6 18 23 0
-20 -17 -26 0
27 -28 -19 0
27 -4 -8 0
8 7 -16 0
-21 -26 -12 0
13 -17 -9 0
15 -1 23 0
16 9 -12 0
7 -23 -24 0
1 25 -6 0
-15 20 -28 0
-22 -2 12 0
13 7 -17 0
-17 -18 5 0
26 -7 24 0
-29 -14 -4 0
24 19 -16 0
-22 23 1 0
-10 22 12 0
3 -7 -4 0
-29 24 14 0
-29 -1 19 0
-16 30 -11 0
28 6 7 0
-6 12 2 0
20 -7 -24 0
21 -18 -9 0
-3 14 7 0
29 1 -3 0
-27 -24 -3 0
14 9 -27 0
12 30 -13 0
12 6 -16 0
15 -28 24 0
10 21 -17 0
22 17 -13 0
-5 11 21 0
-5 27 -20 0
19 2 -28 0
-14 -25 8 0
-3 -26 -4 0
-14 -25 15 0
12 20 11 0
