c instance by G2
c solution = 111000100011010101100110110111
c Known solution cost is 7793 
p cnf 30 50
w 396 143 124 76 259 447 205 225 320 130 279 218 384 73 341 152 335 416 407 453 474 118 235 487 396 248 219 44 56 133
-6 -26 -16 0
27 2 6 0
-17 -8 -5 0
-14 -8 -11 0
-11 17 25 0
-19 9 16 0
-2 -26 30 0
18 -3 -2 0
-4 -6 28 0
29 -25 8 0
-20 -25 -11 0
13 23 24 0
18 28 -5 0
-19 11 -2 0
18 4 -30 0
-11 27 -17 0
1 27 -26 0
-15 -22 -7 0
4 -5 -29 0
-26 3 9 0
-26 2 -25 0
7 10 -21 0
-13 11 10 0
-18 -1 19 0
-2 -10 20 0
-21 -11 13 0
-22 -9 -17 0
-13 20 8 0
28 -21 26 0
-29 23 17 0
29 8 2 0
-16 6 22 0
24 6 22 0
8 -25 28 0
-22 -14 -5 0
-3 5 25 0
13 -22 26 0
9 11 10 0
-10 -3 -22 0
-1 9 14 0
12 -3 8 0
-4 15 -1 0
-30 -9 -14 0
-30 -24 -22 0
15 7 4 0
-9 21 17 0
-7 19 -29 0
-22 -27 15 0
15 -3 -8 0
-5 -8 -27 0
