c instance by G2
c solution = 100011111100000011010100100111
c Known solution cost is 7496 
p cnf 30 50
w 416 434 312 382 370 39 193 411 268 442 116 311 379 85 213 346 54 230 45 355 145 342 91 28 2 448 96 356 314 273
22 -26 -16 0
28 27 -5 0
-10 -16 26 0
-3 -8 10 0
6 -7 -14 0
-6 17 -3 0
11 -22 -12 0
6 -11 4 0
-21 -1 -22 0
22 -20 -17 0
-16 -22 13 0
16 7 -29 0
27 26 -3 0
-14 -16 11 0
26 -28 -23 0
-21 11 14 0
-9 16 17 0
-25 6 -18 0
-30 13 -21 0
10 13 25 0
-29 17 -28 0
21 -18 -11 0
15 9 14 0
26 -7 -19 0
1 12 27 0
-9 26 -4 0
22 21 10 0
15 21 18 0
-22 5 -6 0
3 -14 27 0
11 -5 -15 0
24 29 23 0
24 -8 5 0
11 4 -24 0
9 -30 -8 0
18 6 -3 0
29 -11 21 0
-20 2 25 0
-17 13 20 0
8 -28 -5 0
-29 -15 11 0
26 10 -22 0
-2 -25 -7 0
-23 4 -20 0
30 26 -8 0
18 30 -14 0
14 -20 -26 0
-29 -13 19 0
28 -22 18 0
4 -25 -27 0
