c instance by G2
c solution = 101110011111100000010011010001
c Known solution cost is 7980 
p cnf 30 50
w 425 171 171 357 169 164 460 434 119 378 143 131 212 71 370 40 79 395 83 245 225 489 328 342 299 409 456 177 433 205
6 14 12 0
28 -17 25 0
15 -11 -21 0
25 26 -30 0
-12 30 -3 0
-30 3 -22 0
29 4 -2 0
4 -17 16 0
-4 3 10 0
-8 1 27 0
-20 17 4 0
-30 4 -13 0
2 -16 25 0
22 9 -24 0
-19 -20 25 0
-1 -12 20 0
29 -28 -14 0
-8 -11 23 0
-14 12 -10 0
25 -6 11 0
28 11 -1 0
25 -20 -2 0
22 15 11 0
-3 -18 -13 0
-16 24 7 0
-27 -23 -30 0
-29 25 6 0
-3 2 -25 0
22 -28 -1 0
-2 15 8 0
27 -25 11 0
14 -8 3 0
3 14 27 0
24 -8 21 0
-10 -24 -6 0
24 7 -29 0
24 -22 25 0
-30 7 5 0
-15 21 -11 0
10 -23 -11 0
9 -12 1 0
4 -17 -14 0
24 -25 -16 0
13 29 -1 0
-1 -7 -24 0
8 -11 18 0
25 -24 -14 0
25 15 -28 0
-20 -22 -8 0
14 -11 12 0
