c instance by G2
c solution = 100111000011001010011110111011
c Known solution cost is 5649 
p cnf 30 50
w 130 187 427 369 291 52 368 383 103 110 349 38 146 150 87 51 404 42 213 90 339 128 304 165 61 54 9 347 79 173
13 15 -14 0
-1 -14 -15 0
23 -20 -29 0
-5 -12 20 0
-13 -24 -30 0
24 -16 7 0
30 -5 3 0
1 14 -7 0
-11 22 -8 0
14 -1 15 0
21 2 8 0
16 -25 -10 0
-26 5 9 0
9 -30 6 0
25 -30 -27 0
-14 -8 28 0
-30 -15 17 0
-11 -17 29 0
11 -26 -5 0
-13 -3 -18 0
19 -13 16 0
7 10 27 0
24 -22 5 0
8 14 12 0
12 -5 -13 0
28 -16 -13 0
-19 17 30 0
16 -15 1 0
19 22 -15 0
-25 -5 -3 0
23 -7 -29 0
-17 -8 18 0
-17 -21 -19 0
-19 -28 12 0
24 -2 -9 0
-14 20 16 0
-2 16 14 0
-22 -30 4 0
-9 7 -1 0
-16 -6 -23 0
-15 -18 -12 0
-28 3 -25 0
18 16 26 0
28 -27 -7 0
-24 28 -20 0
-4 -19 -10 0
-2 19 24 0
15 13 -30 0
-16 -30 14 0
-28 -30 5 0
