c instance by G2
c solution = 101011110100101001001000101000
c Known solution cost is 6838 
p cnf 30 50
w 208 261 429 35 83 376 317 149 441 283 271 51 132 271 303 355 169 349 157 344 0 452 338 327 92 145 73 130 104 193
-10 19 27 0
28 23 15 0
4 8 -3 0
23 -25 -4 0
-20 30 16 0
-9 2 -3 0
-14 -6 -29 0
-18 -6 3 0
-20 -23 29 0
-6 -30 14 0
-7 -3 -20 0
-12 6 -7 0
-28 -15 20 0
-1 -2 -18 0
3 17 -9 0
-3 23 -16 0
20 14 6 0
-1 -11 24 0
-13 25 1 0
-15 13 23 0
-30 26 -11 0
17 -8 -26 0
-19 -21 16 0
15 -27 -17 0
-22 -28 15 0
5 17 -10 0
13 24 -1 0
27 30 13 0
3 14 28 0
-18 25 -1 0
-30 -4 -26 0
-13 17 21 0
25 8 -11 0
4 18 28 0
-5 1 -3 0
12 -21 -22 0
12 -17 -27 0
5 11 -15 0
1 -3 -27 0
16 -30 5 0
19 10 -7 0
23 -14 -27 0
28 -6 -29 0
-3 -14 -20 0
-13 -24 4 0
7 22 -3 0
23 4 -29 0
19 -6 -23 0
9 4 -12 0
-17 -5 7 0
