c instance by G2
c solution = 111000101011101101110010110001
c Known solution cost is 8118 
p cnf 30 50
w 10 204 247 436 368 316 59 307 12 285 400 102 285 293 416 206 390 401 222 411 58 107 395 390 478 219 217 353 99 432
-12 28 23 0
1 -2 -16 0
8 -7 -21 0
-1 -18 -5 0
-1 -7 20 0
29 -28 30 0
-5 11 14 0
11 6 22 0
15 -19 4 0
9 28 -23 0
-30 -12 -8 0
-16 -25 -4 0
12 17 8 0
-22 11 -3 0
-3 -28 5 0
-27 -18 -25 0
27 -2 3 0
-17 7 27 0
7 22 5 0
-17 -8 -15 0
-25 13 -16 0
-20 -23 2 0
-22 28 20 0
-26 24 -14 0
27 -2 -8 0
-9 7 -15 0
4 -8 -24 0
19 -13 24 0
-1 26 -23 0
17 14 -28 0
25 27 4 0
2 8 -3 0
6 30 5 0
-13 15 -20 0
19 8 4 0
29 -9 19 0
-13 -10 24 0
-25 -24 22 0
-25 29 16 0
8 10 18 0
-23 -17 8 0
1 -2 -5 0
-22 4 29 0
-11 -3 -29 0
1 -14 15 0
25 6 -28 0
25 -15 -29 0
4 21 -6 0
19 23 28 0
-3 -24 -20 0
