c instance by G2
c solution = 100010100101000111100110000100
c Known solution cost is 7726 
p cnf 30 50
w 285 237 298 16 303 259 267 6 236 494 63 113 432 14 407 495 40 227 185 324 318 467 320 413 27 59 244 291 393 493
-29 27 -26 0
5 2 3 0
-6 -18 11 0
-29 20 -19 0
-6 -5 -16 0
3 9 -20 0
25 -8 -18 0
4 1 6 0
13 5 28 0
5 -23 -3 0
4 -14 16 0
24 -5 -8 0
-26 3 16 0
27 1 17 0
-13 -22 11 0
-19 7 -12 0
-22 6 -14 0
-21 2 29 0
-10 13 -24 0
3 19 20 0
-8 23 -28 0
20 24 -11 0
-22 -20 -12 0
29 -3 26 0
14 -7 17 0
-18 3 -8 0
-18 -27 -22 0
9 21 -30 0
15 -5 18 0
-5 10 30 0
-27 9 -29 0
-28 -22 -26 0
8 -25 18 0
25 -7 28 0
6 -15 -7 0
-8 -19 -26 0
-4 25 20 0
4 15 22 0
-2 7 9 0
24 -17 -6 0
27 16 8 0
-12 22 -2 0
27 30 -9 0
30 9 23 0
-2 -6 7 0
-7 12 13 0
-20 16 -21 0
20 -5 -2 0
24 15 -25 0
-10 -13 -4 0
