c instance by G2
c solution = 011111110000011110110001110111
c Known solution cost is 8817 
p cnf 30 50
w 152 481 480 433 147 309 484 190 486 433 432 489 345 217 417 88 311 134 380 397 53 45 455 220 411 33 64 472 63 196
11 17 -6 0
19 -7 -15 0
3 24 28 0
20 -18 2 0
-6 18 29 0
13 -11 -3 0
-12 14 -7 0
19 21 -13 0
-5 -26 14 0
9 5 23 0
-8 27 -23 0
-4 17 -21 0
-18 6 -7 0
-29 8 18 0
25 -29 10 0
7 -16 -26 0
-2 -10 -4 0
15 18 22 0
22 -3 24 0
16 -6 -19 0
30 10 -28 0
-28 -22 -5 0
-18 -26 -2 0
-8 6 -19 0
3 -6 12 0
15 7 14 0
-7 -15 28 0
22 -15 -13 0
-9 -2 -17 0
9 4 -24 0
7 -17 -4 0
-6 23 -11 0
-11 13 -29 0
-4 -12 -29 0
-25 2 -1 0
6 9 -15 0
-1 -28 18 0
-20 3 9 0
17 1 -24 0
-14 6 -30 0
6 27 -14 0
26 11 -5 0
26 11 -15 0
-27 9 -5 0
-8 -11 -27 0
-8 13 -21 0
7 6 -15 0
-4 15 22 0
2 13 -8 0
-24 -6 20 0
