c instance by G2
c solution = 010101010000000010100110110110
c Known solution cost is 7154 
p cnf 30 50
w 97 179 149 415 96 384 367 81 403 123 311 391 233 157 210 2 247 158 479 435 81 89 140 447 154 306 4 382 454 180
-20 -28 -9 0
-7 -26 20 0
5 25 26 0
-2 30 22 0
27 19 -6 0
19 -13 12 0
5 -1 12 0
12 -29 -30 0
7 -19 -14 0
4 -5 18 0
-5 -17 14 0
-8 -26 2 0
-6 17 14 0
11 -4 -24 0
-2 -20 11 0
-6 -17 -18 0
-12 -26 -28 0
20 -24 -23 0
23 -17 -25 0
13 -28 25 0
-2 -27 11 0
-8 -21 27 0
-2 4 24 0
-7 3 15 0
26 -28 -17 0
14 10 28 0
-30 -16 -25 0
7 6 27 0
10 12 -11 0
-24 -29 15 0
11 -3 9 0
11 -19 -27 0
-17 -16 7 0
-9 -29 -2 0
-27 22 -20 0
20 8 5 0
-4 -14 -9 0
14 29 24 0
22 -1 26 0
-19 9 -15 0
20 -5 -3 0
18 -11 -7 0
26 -23 20 0
-19 -28 23 0
3 6 20 0
-25 -10 15 0
14 -27 9 0
18 21 -13 0
11 -15 -26 0
1 -14 -17 0
