c instance by G2
c solution = 010111111100011000100011101110
c Known solution cost is 8103 
p cnf 30 50
w 258 469 30 142 402 409 261 220 67 299 213 351 122 102 401 410 16 230 466 300 235 364 126 466 84 481 339 327 321 192
13 5 28 0
-22 25 11 0
9 22 26 0
-9 -2 -26 0
11 -17 18 0
-8 18 -20 0
-27 -17 -7 0
-30 20 -19 0
8 16 -22 0
-24 21 25 0
22 11 -26 0
-28 5 -10 0
-13 -28 -5 0
-26 28 22 0
28 -19 5 0
20 -4 -1 0
-23 -30 -14 0
8 -14 26 0
22 -24 15 0
-15 -29 -16 0
-28 17 -12 0
-14 2 -25 0
7 16 -27 0
24 -28 -3 0
-23 -11 16 0
30 23 -20 0
-24 -19 -22 0
17 23 -29 0
-7 19 -25 0
-1 22 -17 0
1 -6 5 0
27 4 10 0
-10 17 14 0
-6 16 -12 0
-4 24 1 0
27 26 -9 0
-21 20 -10 0
11 26 28 0
20 15 -27 0
-5 -18 3 0
-28 1 -21 0
-11 24 28 0
-14 6 12 0
29 3 22 0
27 -6 -22 0
26 -11 -25 0
-28 23 8 0
11 22 -3 0
26 4 -24 0
-8 -6 10 0
