c instance by G2
c solution = 011101011111000110110100101101
c Known solution cost is 5893 
p cnf 30 50
w 310 73 204 111 148 182 4 7 222 420 493 396 47 155 104 56 453 68 325 486 199 113 152 209 109 79 90 22 437 219
-17 -23 2 0
-12 -15 -19 0
18 21 -5 0
-16 11 -21 0
-5 -18 -24 0
23 -1 18 0
-23 -5 14 0
19 -11 5 0
-27 -13 14 0
-26 7 1 0
-29 -2 -20 0
14 21 2 0
21 -28 8 0
-27 -22 8 0
14 -11 -7 0
-20 -24 -30 0
30 -2 -6 0
-11 -5 -18 0
26 5 25 0
-10 -22 4 0
3 -9 23 0
-6 -7 -22 0
-28 7 10 0
21 -25 -23 0
22 -3 29 0
-11 13 -21 0
11 -3 -8 0
16 -27 -6 0
4 -22 -11 0
-19 27 6 0
11 -29 17 0
28 -11 5 0
11 -9 -30 0
-3 -4 27 0
-23 16 19 0
20 -19 -17 0
22 -4 -12 0
6 -23 -7 0
25 -2 23 0
1 17 -9 0
29 -27 -26 0
17 -28 23 0
-27 9 14 0
6 13 -20 0
12 -2 -10 0
23 12 29 0
-13 24 -27 0
13 7 -14 0
-18 26 -6 0
5 19 -11 0
