c instance by G2
c solution = 011011000110000001111110100001
c Known solution cost is 7458 
p cnf 30 50
w 75 76 369 292 17 166 289 348 265 122 419 450 66 211 433 462 436 494 2 365 244 338 189 107 340 42 354 365 65 57
21 -15 -25 0
7 9 -13 0
14 19 1 0
-11 -14 5 0
29 13 -12 0
5 -21 14 0
12 -10 30 0
20 -5 -11 0
-5 24 19 0
4 27 10 0
-6 -26 17 0
-25 26 20 0
5 18 1 0
-17 -21 13 0
13 30 9 0
14 24 11 0
-11 7 -27 0
-11 13 -29 0
-23 7 -24 0
28 23 -25 0
2 -23 28 0
8 -7 27 0
28 6 2 0
23 22 18 0
-12 -16 -13 0
-1 -18 -22 0
16 -21 -24 0
4 -20 18 0
-10 21 29 0
-20 14 25 0
20 7 -18 0
-21 22 -17 0
-3 10 -6 0
8 27 22 0
-2 1 -28 0
14 16 -15 0
29 -16 -11 0
6 29 -5 0
-14 6 1 0
-1 -21 -14 0
-18 9 -14 0
28 -9 -23 0
10 -11 -2 0
-28 9 -11 0
-8 -19 16 0
26 -29 16 0
-2 -21 -16 0
-6 -4 9 0
-23 3 27 0
30 -16 13 0
