c instance by G2
c solution = 000011101011110110100011001110
c Known solution cost is 5836 
p cnf 30 50
w 434 185 259 132 62 268 149 252 19 197 102 111 324 82 180 56 298 47 428 122 268 369 170 226 330 91 185 28 275 187
-5 -26 18 0
-14 -13 17 0
-15 -22 4 0
-18 29 -3 0
16 -24 -23 0
4 -3 -17 0
4 -29 13 0
8 -10 -28 0
8 16 30 0
-26 -13 21 0
11 7 3 0
16 2 -10 0
24 -5 -17 0
-10 9 11 0
19 12 -23 0
-25 9 -6 0
-19 -20 -16 0
-12 -25 -28 0
2 14 -7 0
-11 -5 12 0
-2 8 18 0
23 -21 3 0
-30 -6 -29 0
15 25 19 0
1 28 -9 0
28 22 -11 0
-3 -21 4 0
5 1 18 0
-19 -9 11 0
-22 -5 -7 0
-7 19 18 0
15 27 26 0
7 1 -24 0
-5 6 19 0
-5 4 -18 0
-24 2 5 0
-19 -29 24 0
-19 9 1 0
-10 -11 25 0
-7 21 6 0
-7 -6 23 0
2 -19 -1 0
29 30 20 0
-5 3 -4 0
9 -5 -10 0
3 16 -28 0
-29 -17 -21 0
-19 -15 -24 0
-12 -22 -8 0
1 26 -8 0
