c instance by G2
c solution = 010001101110110111010111101001
c Known solution cost is 6643 
p cnf 30 50
w 189 295 246 49 2 144 394 455 191 183 15 159 4 447 494 429 19 386 124 332 266 189 245 170 24 477 229 128 74 284
3 -8 13 0
-26 8 -11 0
-30 -29 -14 0
-11 -21 -25 0
-22 25 -13 0
15 -25 24 0
-18 28 14 0
26 -3 -7 0
-2 11 7 0
-12 19 22 0
-19 -8 -2 0
17 19 -11 0
-18 7 -11 0
5 -10 27 0
-23 -21 -10 0
-5 -17 16 0
-25 22 17 0
15 -28 -2 0
-5 -13 -10 0
20 14 24 0
-27 10 15 0
-6 11 -9 0
11 10 -1 0
11 -30 -2 0
-13 6 26 0
-10 -5 -8 0
3 23 6 0
28 -8 -14 0
-6 -13 -12 0
7 9 17 0
13 1 19 0
5 -19 -30 0
18 -1 -30 0
3 2 5 0
24 -19 26 0
21 -18 30 0
1 -22 20 0
24 18 5 0
-25 -30 9 0
21 16 -23 0
-27 18 -22 0
-23 -1 3 0
20 12 -13 0
-7 -20 -3 0
21 23 -14 0
-2 22 -24 0
-6 -22 -15 0
-25 -27 -4 0
30 -2 -23 0
23 -3 8 0
