c instance by G2
c solution = 1100000000001000101111000110101010010
c Known solution cost is 9292 
p cnf 37 50
w 407 107 223 403 468 449 225 383 334 329 282 206 482 103 327 266 0 20 352 41 171 16 271 309 99 89 11 471 369 216 41 468 414 424 69 415 32
15 11 -9 0
34 35 2 0
35 34 13 0
-26 -29 19 0
37 -16 -22 0
-35 -33 12 0
4 1 -19 0
-10 -22 4 0
33 11 25 0
11 20 -21 0
9 -16 -17 0
-23 4 25 0
-17 6 -14 0
9 -6 30 0
6 21 15 0
-13 8 -7 0
-4 -1 -13 0
9 7 -24 0
11 -19 -18 0
-30 -13 32 0
31 5 -27 0
-13 -6 -17 0
-25 -36 18 0
-15 -35 -7 0
23 -11 32 0
22 -31 15 0
17 11 -35 0
8 -3 28 0
-31 -29 -32 0
-1 -4 -13 0
-28 18 11 0
37 34 26 0
-22 12 27 0
-19 11 27 0
20 -5 -19 0
8 20 -33 0
17 6 12 0
-18 -24 -32 0
11 3 36 0
17 -19 6 0
-8 7 11 0
4 10 -12 0
-27 -20 -5 0
4 -34 -26 0
30 -34 25 0
24 25 -9 0
4 -37 -17 0
-26 29 -22 0
-2 -15 9 0
16 34 -15 0
