c instance by G2
c solution = 0110000011000100101101100101100011010
c Known solution cost is 8847 
p cnf 37 50
w 495 3 325 203 183 421 1 388 197 417 297 283 0 466 334 296 45 494 364 17 220 13 433 385 81 107 435 351 74 49 150 327 417 1 216 254 105
-30 -35 37 0
-9 28 12 0
-19 -20 34 0
14 -30 5 0
-13 -34 -26 0
26 3 23 0
1 -11 5 0
-24 27 7 0
19 8 16 0
-1 -29 9 0
1 15 17 0
-20 14 -28 0
26 -33 7 0
13 -36 -27 0
1 29 -9 0
-25 -17 30 0
-30 8 15 0
21 -4 5 0
-3 9 -26 0
32 17 2 0
-20 17 37 0
-26 -36 2 0
-6 -26 -19 0
-18 -2 -26 0
-37 15 -3 0
30 -23 10 0
-5 -9 -19 0
18 -1 -29 0
5 25 -31 0
-17 -27 -21 0
16 -8 -2 0
-3 20 13 0
-33 -9 -7 0
1 -14 -21 0
-34 33 32 0
-3 -5 -12 0
5 -34 -32 0
4 13 3 0
-10 14 -23 0
-20 23 24 0
-16 7 24 0
-9 -21 -17 0
25 -35 18 0
-20 -12 -34 0
-24 -20 -34 0
-9 -15 -19 0
24 36 -22 0
-34 -30 -2 0
-23 7 -25 0
22 -23 21 0
