c instance by G2
c solution = 0110110100100010001100111111100001000
c Known solution cost is 8994 
p cnf 37 50
w 416 231 35 337 194 80 69 92 304 104 58 410 377 194 170 262 366 458 264 335 415 8 253 119 420 302 207 237 81 298 310 298 424 320 29 326 191
-17 22 -5 0
8 23 -4 0
10 -25 8 0
-3 -10 -6 0
17 12 -4 0
-23 -32 -11 0
11 -14 -15 0
-7 6 30 0
-2 -13 14 0
-18 -15 -11 0
-33 22 21 0
-16 33 37 0
2 -11 36 0
-3 -5 -18 0
14 -17 13 0
-12 9 -20 0
-19 -22 -5 0
11 33 21 0
13 25 1 0
-31 27 -11 0
20 -34 4 0
-34 -21 -11 0
-15 31 34 0
-35 -28 21 0
13 7 27 0
19 -29 -20 0
30 -7 -23 0
-2 -5 -14 0
-20 13 23 0
33 3 -5 0
-30 -6 21 0
22 -21 -25 0
-5 15 20 0
5 -26 32 0
1 28 -27 0
-5 15 14 0
-9 32 -3 0
26 -19 1 0
-31 -24 -26 0
-37 7 22 0
29 36 21 0
-2 -4 -10 0
-18 -17 -13 0
32 -2 34 0
-32 37 -12 0
-1 -20 16 0
35 24 4 0
6 -29 9 0
-31 13 -22 0
17 -36 -34 0
