c instance by G2
c solution = 0011110101001110000001111010110000110
c Known solution cost is 9762 
p cnf 37 50
w 398 286 464 492 187 237 147 356 402 485 237 270 232 197 186 271 139 392 164 339 224 41 481 70 475 381 353 352 80 190 15 39 104 146 290 303 337
-10 30 -15 0
-15 -26 -36 0
-2 7 20 0
-15 14 3 0
-13 16 -17 0
-1 -34 -3 0
12 -11 -35 0
-36 27 -24 0
12 -15 -28 0
13 -18 37 0
11 1 3 0
23 -5 -24 0
1 17 25 0
-35 19 29 0
-8 -4 -37 0
12 20 14 0
-4 22 28 0
24 -10 -14 0
-20 -26 -35 0
-26 -37 30 0
-9 -3 11 0
-17 10 -32 0
7 -14 -34 0
35 31 7 0
-30 -20 37 0
-22 11 15 0
28 -6 -32 0
-16 11 7 0
-6 -19 37 0
-29 22 -35 0
6 20 -35 0
-35 -24 -12 0
-3 -18 -36 0
8 33 21 0
34 -33 -13 0
13 -14 18 0
4 34 26 0
-1 -36 -7 0
-8 10 19 0
26 -27 36 0
-1 -34 23 0
1 -29 -31 0
-31 5 15 0
37 -22 -7 0
-29 14 -23 0
12 -5 -21 0
-12 8 -29 0
3 -23 21 0
-23 5 2 0
-1 -6 26 0
