c instance by G2
c solution = 1001000111111111101010110010010010000
c Known solution cost is 9329 
p cnf 37 50
w 315 322 179 420 219 144 490 98 390 353 387 257 125 254 219 241 401 143 167 315 34 286 213 135 192 478 285 252 140 213 81 71 249 279 219 308 455
-8 -15 21 0
7 33 -30 0
9 35 20 0
-18 -9 13 0
22 -7 -14 0
-20 35 -30 0
-18 24 -32 0
2 19 -8 0
-14 28 16 0
27 25 6 0
-25 31 -7 0
-28 32 -27 0
7 -14 10 0
-16 -17 24 0
34 -1 11 0
-10 31 13 0
17 -16 -10 0
34 -8 -25 0
-8 -22 -30 0
1 -23 -24 0
7 14 26 0
-14 -5 -24 0
15 -30 -24 0
7 -16 -36 0
12 29 35 0
30 -14 6 0
3 -35 -15 0
27 -15 6 0
-15 -26 18 0
-30 11 34 0
-12 -15 -26 0
-24 6 8 0
28 -17 -35 0
-32 -34 29 0
-35 1 5 0
4 32 3 0
-3 -27 37 0
-29 -10 -15 0
-12 -10 -37 0
23 22 37 0
-6 26 7 0
23 12 -8 0
-31 3 -27 0
-10 -2 -21 0
-37 -31 13 0
-16 5 -32 0
32 -24 -18 0
-34 -9 -8 0
-17 -31 -34 0
-25 -21 -12 0
