c instance by G2
c solution = 1111011000111100010100001111111110001
c Known solution cost is 8250 
p cnf 37 50
w 89 47 317 238 169 265 147 469 9 225 248 101 40 469 149 186 108 307 259 168 67 333 410 159 212 435 187 250 39 344 458 339 163 263 13 193 375
-29 36 14 0
33 29 37 0
-1 -7 4 0
-20 3 9 0
-23 -11 -3 0
-14 -27 2 0
-33 -26 29 0
22 23 11 0
-3 20 -18 0
-35 -31 36 0
35 27 25 0
12 -37 -3 0
-32 37 8 0
-2 27 10 0
-33 -29 6 0
24 2 -13 0
18 -4 -29 0
-19 35 -12 0
15 -21 -14 0
14 -20 21 0
28 -4 -6 0
-27 -25 32 0
30 36 -10 0
-29 3 4 0
-17 -30 -27 0
-37 9 -24 0
34 -14 13 0
-27 -22 -7 0
-4 1 -26 0
-11 -30 -8 0
2 16 -15 0
-31 16 -10 0
31 -18 -7 0
24 -9 -37 0
-30 -16 -28 0
-37 -11 25 0
-7 30 -14 0
-2 -34 -32 0
10 -15 -30 0
-34 -14 -31 0
-29 -26 -35 0
20 -16 -27 0
-9 23 -18 0
-31 33 -25 0
3 -4 5 0
29 9 5 0
26 -1 -11 0
-37 -27 7 0
-5 -31 17 0
-36 -32 -27 0
