c instance by G2
c solution = 1000110000100010010001111000000010101
c Known solution cost is 8597 
p cnf 37 50
w 167 162 83 215 54 372 160 386 211 43 204 96 13 188 178 35 21 39 376 272 378 498 375 485 69 178 217 476 101 5 174 445 410 399 324 301 487
15 8 13 0
-35 -29 36 0
-21 13 2 0
17 -6 11 0
-8 -15 -1 0
12 6 13 0
13 -15 35 0
3 28 18 0
30 20 -2 0
4 16 1 0
-20 19 3 0
-18 17 -36 0
-25 3 5 0
10 -34 29 0
-18 -32 17 0
10 23 -35 0
-11 -7 -15 0
21 9 25 0
37 -25 9 0
-31 10 35 0
-4 12 36 0
-18 -15 -30 0
20 10 24 0
-23 22 28 0
27 -7 -33 0
32 -31 -11 0
-14 -23 -5 0
-9 20 36 0
19 -27 34 0
-21 -37 -25 0
4 -15 -20 0
-6 -28 10 0
28 -12 -33 0
-13 31 -1 0
-10 17 2 0
-13 -24 -37 0
-25 10 -32 0
30 -12 -11 0
-22 -26 -24 0
-30 13 14 0
-30 -21 18 0
27 31 25 0
-15 33 -37 0
10 -6 -19 0
2 33 16 0
-17 -5 19 0
-7 -27 10 0
33 -4 23 0
-16 -15 -33 0
-3 31 8 0
