c instance by G2
c solution = 0000011100001000011000001111101011000
c Known solution cost is 8921 
p cnf 37 50
w 333 155 425 111 397 130 241 37 76 452 321 107 109 112 219 156 409 467 139 228 327 83 237 329 115 339 342 33 24 323 187 483 438 211 227 376 223
2 -14 -29 0
-18 -19 13 0
26 36 -18 0
-24 -22 -33 0
17 -30 16 0
-25 -24 -31 0
25 20 24 0
22 7 21 0
-11 4 9 0
-29 14 -15 0
34 -33 21 0
-28 -23 20 0
-33 -35 22 0
-13 7 35 0
1 5 29 0
-26 -13 28 0
23 -10 -5 0
37 22 -17 0
17 31 -16 0
-13 -5 -27 0
28 21 -11 0
-11 26 17 0
-33 -4 -7 0
-10 12 -27 0
19 36 -7 0
8 -27 24 0
-11 37 10 0
2 37 33 0
3 -1 12 0
20 -37 -27 0
-28 27 30 0
-6 -2 -37 0
7 28 27 0
-31 -29 -12 0
4 34 -3 0
-27 -21 30 0
23 -15 35 0
5 18 -28 0
-9 14 1 0
-2 3 -33 0
-7 -32 24 0
-17 16 -28 0
-11 -20 -2 0
-20 15 35 0
-7 31 30 0
17 -16 -8 0
14 -3 20 0
6 -8 -19 0
-22 -8 -33 0
-27 -36 35 0
