c instance by G2
c solution = 1010000010010100001110001001100110110
c Known solution cost is 10292 
p cnf 37 50
w 376 483 462 374 170 134 443 401 81 253 201 166 46 322 375 248 258 482 20 9 78 435 62 407 56 390 69 413 172 125 445 446 459 337 303 418 373
35 -25 -1 0
23 -20 -2 0
18 32 6 0
-34 -33 -20 0
-8 7 17 0
29 28 14 0
-33 -26 27 0
5 7 36 0
24 23 -30 0
26 -9 -23 0
-18 -17 -30 0
26 -27 -12 0
-18 11 -14 0
-33 37 35 0
1 23 -29 0
20 5 -35 0
12 6 27 0
-3 -8 18 0
3 1 -29 0
-21 4 29 0
5 -19 -10 0
-21 20 -28 0
-3 28 34 0
8 2 28 0
26 17 19 0
36 -21 -26 0
-17 -36 -3 0
15 7 -4 0
-24 31 -29 0
-1 -6 -29 0
-29 -32 -17 0
9 -21 27 0
34 7 -37 0
-13 37 26 0
-3 -31 27 0
-15 -12 -13 0
16 -14 3 0
25 -33 15 0
1 -8 -22 0
-19 -1 -7 0
-16 -21 7 0
18 30 -5 0
-3 21 -24 0
10 -3 -22 0
6 -36 -11 0
15 22 33 0
21 -6 -4 0
17 21 22 0
30 24 14 0
-15 24 7 0
