c instance by G2
c solution = 0100101100010100011000100111100001110
c Known solution cost is 8343 
p cnf 37 50
w 65 8 177 159 213 337 267 162 294 245 196 73 186 46 483 198 394 61 59 99 109 423 176 3 66 199 296 258 54 442 487 165 494 446 480 187 336
-27 28 -14 0
-5 -8 -11 0
31 15 -30 0
-1 9 34 0
-32 14 20 0
-7 -25 10 0
-32 -12 9 0
-14 36 37 0
31 23 15 0
30 -26 -22 0
29 -28 -5 0
-19 -30 -26 0
14 15 -28 0
-37 9 -27 0
-24 -26 31 0
13 35 -14 0
-24 -6 -7 0
35 15 12 0
-14 -37 -36 0
18 31 -23 0
25 -4 -12 0
-16 11 -8 0
1 -20 37 0
-7 -6 11 0
-5 7 -14 0
-29 9 -10 0
3 19 -18 0
30 12 -8 0
-33 -2 -19 0
-9 -14 -23 0
-19 -28 -21 0
-10 -18 -6 0
20 26 33 0
34 24 32 0
-28 2 37 0
30 8 -14 0
-5 31 -3 0
25 -23 5 0
-7 -15 -8 0
-24 12 34 0
6 -7 23 0
-31 -7 21 0
-13 -19 10 0
-18 15 27 0
-2 -17 -27 0
-29 -15 37 0
-11 23 6 0
24 -17 -19 0
-14 -36 -1 0
23 -7 4 0
