c instance by G2
c solution = 0011111101110101011111110101010100110
c Known solution cost is 10709 
p cnf 37 50
w 237 343 217 397 441 237 347 314 452 378 390 319 420 99 226 370 307 208 348 122 338 298 143 309 424 445 166 145 376 192 475 172 239 55 239 110 411
-6 15 -31 0
-32 34 7 0
-24 -2 -28 0
-3 15 16 0
17 23 -4 0
-33 15 -23 0
14 29 -20 0
-17 -35 37 0
-34 31 -5 0
31 -37 -23 0
33 17 30 0
5 -11 37 0
18 -36 33 0
-10 -13 -26 0
-6 22 -28 0
-12 -36 32 0
8 -21 -3 0
16 19 -6 0
-9 31 -4 0
37 -25 -11 0
20 -36 -35 0
36 7 20 0
35 9 25 0
-22 -15 29 0
27 33 22 0
33 19 -25 0
7 21 3 0
-36 -27 31 0
-8 3 29 0
-7 15 4 0
-5 2 36 0
-19 -26 14 0
10 -14 13 0
30 -14 19 0
25 35 -30 0
-7 -16 24 0
-29 17 -14 0
37 26 9 0
-30 -36 16 0
-32 19 -24 0
12 -10 -26 0
1 -5 11 0
29 2 28 0
23 -4 17 0
-6 -14 -15 0
-13 -37 -5 0
-32 -37 -21 0
-1 -32 -30 0
21 -26 34 0
-24 9 6 0
