c instance by G2
c solution = 1011000101111111010110010000010000100
c Known solution cost is 9747 
p cnf 37 50
w 287 431 398 476 238 454 147 275 146 386 20 469 104 85 475 450 194 240 86 276 402 365 16 286 28 50 70 166 231 431 493 266 232 199 259 361 255
31 36 -2 0
-18 33 15 0
-28 -14 26 0
-16 3 -21 0
-5 33 7 0
-33 26 -1 0
-4 13 17 0
-23 -30 -13 0
19 -11 -23 0
24 -18 -10 0
24 26 22 0
-3 30 -21 0
-30 36 10 0
-6 21 27 0
37 21 -15 0
33 11 -14 0
36 24 33 0
-8 -37 -15 0
-19 17 29 0
25 19 -34 0
-18 35 25 0
2 26 -17 0
-20 -23 -27 0
-25 5 34 0
-23 -37 10 0
20 26 -11 0
8 -14 31 0
-26 36 -4 0
26 4 17 0
14 26 32 0
-13 -9 5 0
1 -4 -24 0
-29 -30 -20 0
-19 -28 9 0
29 -14 18 0
-15 -12 -31 0
-1 -17 2 0
12 -37 -30 0
19 16 -9 0
-6 9 31 0
-24 -10 -32 0
-36 6 -18 0
-1 16 37 0
26 14 -27 0
-27 -24 -11 0
-22 19 32 0
-10 15 31 0
-15 -35 12 0
-10 19 8 0
-7 -21 -8 0
