c instance by G2
c solution = 1110010111110111011010001010101011011
c Known solution cost is 9896 
p cnf 37 50
w 9 432 430 172 249 435 106 300 14 210 485 12 192 253 49 242 372 496 325 487 173 484 298 443 211 329 82 464 111 427 200 232 349 188 281 249 105
-6 -13 -27 0
-21 -5 -27 0
8 32 29 0
-9 -27 2 0
-12 -24 -33 0
6 -37 -8 0
-25 36 5 0
35 16 -29 0
-10 -16 8 0
28 -13 -23 0
-12 27 -10 0
-13 -17 -24 0
-4 -21 5 0
29 30 22 0
3 -17 14 0
-36 8 30 0
33 7 -15 0
2 17 21 0
35 24 3 0
22 11 7 0
1 -19 13 0
-28 -3 -11 0
-9 -21 -23 0
-14 -34 15 0
-25 4 -20 0
2 -29 -16 0
-13 33 11 0
-12 -21 -17 0
26 32 -22 0
-36 -30 28 0
-35 -3 -2 0
12 -25 24 0
-19 -14 16 0
-25 -7 23 0
20 -19 14 0
19 22 32 0
-25 -15 11 0
-18 23 34 0
-3 10 -36 0
25 -8 -31 0
-32 22 30 0
-8 4 21 0
-26 -36 4 0
28 18 -37 0
22 32 37 0
-25 -22 2 0
-16 -36 9 0
-7 32 -34 0
-6 5 21 0
-16 31 -34 0
