c instance by G2
c solution = 0010111010011011100101010100010100000
c Known solution cost is 8172 
p cnf 37 50
w 486 134 398 31 215 259 36 243 474 52 270 202 24 370 395 249 43 42 205 97 268 78 281 101 177 129 155 223 172 359 0 355 471 454 193 106 425
-7 2 24 0
-30 -12 -25 0
19 25 20 0
-23 -1 -30 0
33 16 -15 0
37 7 25 0
12 -16 35 0
-13 -35 -26 0
34 -15 -28 0
-34 15 25 0
28 -1 -13 0
5 -29 6 0
-34 10 -13 0
-27 16 -36 0
-17 -25 15 0
-2 19 -22 0
-21 3 -31 0
1 2 5 0
-24 -13 17 0
-17 -31 19 0
-32 -33 -7 0
31 32 18 0
-30 -17 15 0
-14 -6 -12 0
-3 -8 36 0
-12 4 -36 0
35 34 -23 0
-13 -4 -7 0
30 37 -3 0
-24 -10 35 0
1 22 -20 0
-37 14 -32 0
2 -29 17 0
-25 -6 -8 0
-7 26 -16 0
-2 16 20 0
3 21 19 0
15 -26 8 0
31 -18 -6 0
-10 24 -35 0
-7 -19 11 0
-5 -29 33 0
32 -36 -25 0
10 -27 1 0
9 1 -15 0
37 14 -21 0
-24 6 -7 0
-11 -24 -17 0
-20 11 -8 0
13 23 -22 0
