4       0.0                 0.0                 0.0                 0.0                 0.0
10      0.305059119984493   0.368293878746139   0.358718558862082   0.181818181818182   0.0
15      0.435709060589845   0.385567540716424   0.221626756073765   0.176604151567613   0.170854271356784
20      1.73823688668607    1.31596909516903    0.771667548933971   0.462665929652068   0.190265909569021
22      2.58923656301924    2.15324257820799    1.56767983774227    0.97321313500194    0.223885137461743
25      2.68527769778483    1.73480532012032    1.33711274876106    0.766358090701542   0.187158876729917
27      2.95256030996046    2.42074073653476    1.28659847271968    0.920588921366462   0.331652224436743
30      2.96316944404124    2.50995207124149    2.10746696464602    1.53244233740343    0.297432676457261
32      3.60689447870837    2.54507887829664    2.2840054040793     1.49856281311794    0.421506598064476
35      3.26591814186174    3.63665201722349    2.47883720592315    1.49475356305986    0.377983997978676
37      3.83573282589552    2.65557439167238    2.04737148858265    1.67464169463185    0.408087935270476
40      4.26357327948629    3.22737471396881    2.68705942497146    1.73522567383278    0.582790724448098