#       X       Y
4       0.0                 0.0                 0.0                 0.0                 0.0
10      0.181818181818182   0.0                 0.0                 0.181818181818182   0.181818181818182
15      0.170854271356784   0.175645838199141   0.170854271356784   0.170854271356784   0.170854271356784
20      0.558638570526227   0.291354991156034   0.181742020212935   0.190944514368314   0.178244076785611
22      0.733108227437849   0.36429083611363    0.15064943207348    0.217656225557768   0.220717424815436
25      0.750226196146212   0.389059734968675   0.175833745635876   0.144294531138731   0.151672958185859
27      0.827077853251439   0.505809275588936   0.410300828012372   0.253927656457483   0.387843764059465
30      1.16008156400419    0.710941829849968   0.469596156530688   0.347221222940343   0.315273013817729
32      1.12904402569756    0.541652592358403   0.425275080113508   0.353788757344337   0.213862751512929
35      1.28217228169156    0.938591335290735   0.657322347051622   0.50535446586766    0.350686866921241
37      1.55870768273172    0.945055338045819   0.558333251874124   0.509998433529574   0.541160818794567
40      1.7946745864459     1.05026077925858    0.793595028866273   0.55010787448526    0.534867238577134