#       X       Y
4       0.0                 0.0                 0.0                 0.0                 0.0                 0.0
10      0.237143216396328   0.246821082425155   0.204508619419478   0.259227344535401   0.291297576507437   0.183461567192052
15      0.227093906884058   0.321645738610101   0.205546170425055   0.191023150719436   0.175645838199141   0.275456887075024
20      0.789204214974188   0.928582095764819   1.08314287557051    1.06949037379556    0.764967058272182   0.905201882430245
22      1.67092867692744    1.46533715660734    1.7758028919607     1.335321571098      1.26566616286746    1.53392118829532
25      1.60242838833419    1.52216096210026    1.57780239682781    1.65436874622477    1.27014356271706    1.59778020829068
27      1.77820159378974    1.71058161826677    1.77818416150633    1.91317737783279    1.75597778736253    1.90250324248345
30      2.32302396512011    2.0492457639356     1.81849560255506    2.0641974722146     1.99661731883153    1.78664987057698
32      2.22213240040354    2.18893821919733    1.7016977483463     2.19312815690184    2.0627922476001     2.06235186297298
35      2.60987597971379    2.00245262623251    2.40717951408195    2.44155598505883    2.14847735005722    2.15728821122033
37      2.48682526809575    2.26637886383935    2.58090492009178    2.28019503863988    2.40296326510628    2.67598133607636
40      2.52072142481235    2.89091586388004    2.85080780575726    2.68109095903151    2.80366414494055    2.5272662828071