#       X       Y
4       0.00092802  0.00120574  0.00186848  0.00371472  0.01918422
10      0.00068376  0.00098534  0.00143348  0.00290978  0.01486802
15      0.00056058  0.0008431   0.00117178  0.0023917   0.01238948
20      0.00060574  0.00091176  0.00126006  0.00268462  0.01364624
22      0.00064098  0.00098338  0.00139638  0.00274752  0.01431388
25      0.0006524   0.00097702  0.00132404  0.0027713   0.0141572
27      0.000627    0.00091246  0.0013248   0.0027927   0.0140525
30      0.00061776  0.00091288  0.00146816  0.00272196  0.01376332
32      0.00062952  0.00088044  0.00141672  0.00279292  0.01395086
35      0.00071584  0.00089866  0.00135998  0.00294082  0.01387676
37      0.00069664  0.00089406  0.0013446   0.0027789   0.0139793
40      0.00070932  0.00095006  0.00139648  0.00275954  0.01427384