#       X       Y
4       0.00187048  0.00196864  0.00187182  0.00197484  0.00197392  0.0020636
10      0.00143666  0.00154314  0.00157434  0.00153882  0.0015599   0.00165584
15      0.0011356   0.00128452  0.00128736  0.00124696  0.0013631   0.00127324
20      0.00132964  0.00139614  0.00141276  0.00140566  0.00143508  0.00144722
22      0.00134828  0.00143116  0.0014465   0.00143792  0.00149096  0.00154886
25      0.0013335   0.00140578  0.00140546  0.00147644  0.00148484  0.00152306
27      0.00126488  0.0013908   0.0013565   0.00140282  0.00140894  0.00145316
30      0.00131564  0.00141852  0.00143722  0.00149294  0.00145142  0.00147416
32      0.00135398  0.00149002  0.0014089   0.00144026  0.00143942  0.00155614
35      0.00134492  0.00139304  0.00142352  0.00143748  0.00148834  0.00149094
37      0.00137594  0.00133942  0.00141326  0.00143676  0.00147958  0.00146436
40      0.0013881   0.00141948  0.00145094  0.00145066  0.00153106  0.00146314
