c instance by G2
c solution = 11111001100100001011000010100101110
c Known solution cost is 9078 
p cnf 35 50
w 315 296 378 474 421 246 166 140 463 41 22 313 191 307 112 220 410 17 235 423 403 287 57 361 175 121 272 419 265 360 234 87 255 196 396
-23 11 6 0
-20 -27 -11 0
27 24 31 0
-12 -7 10 0
11 12 14 0
23 24 30 0
-29 35 15 0
4 -14 29 0
19 -11 -3 0
23 -13 -8 0
18 30 -16 0
31 -3 20 0
-16 -4 29 0
7 -21 -2 0
4 -3 21 0
-26 -25 7 0
-30 -20 -18 0
7 -4 -35 0
34 -12 28 0
3 -33 -1 0
-28 -20 -34 0
25 -20 7 0
-14 -9 -20 0
-35 -25 16 0
-29 -35 -28 0
-1 31 -22 0
-25 -1 2 0
11 8 -34 0
-31 -3 -5 0
-6 35 -5 0
-28 22 -19 0
1 -19 23 0
-30 -10 15 0
9 15 -34 0
13 -34 -28 0
33 -17 26 0
32 28 -19 0
35 -33 17 0
32 29 -10 0
-12 5 29 0
-15 -27 28 0
-21 10 -20 0
-9 19 26 0
29 31 -24 0
15 20 -29 0
-29 -5 8 0
1 18 -13 0
9 -6 29 0
3 -18 -6 0
-22 31 16 0
