c instance by G2
c solution = 01101001110001110011111001010011011
c Known solution cost is 8852 
p cnf 35 50
w 432 259 0 15 104 54 488 227 490 91 479 31 439 114 358 448 212 68 253 100 84 406 494 150 233 481 308 332 280 269 221 104 397 48 383
31 25 -35 0
-7 -10 -21 0
-16 -24 -17 0
13 -1 4 0
-17 24 -32 0
-18 -21 -32 0
11 8 7 0
6 -25 -16 0
20 6 13 0
-29 13 -34 0
34 -16 -33 0
7 4 23 0
12 -21 19 0
-32 -30 -5 0
-20 -25 17 0
17 29 15 0
11 35 -23 0
-22 -35 28 0
34 -10 12 0
30 23 2 0
9 -28 13 0
-24 4 11 0
-8 2 -23 0
20 -18 -9 0
14 -5 -31 0
-7 -19 16 0
7 18 -13 0
-28 9 33 0
-6 -10 4 0
-10 16 30 0
11 -15 -12 0
-23 22 -10 0
24 -15 32 0
2 28 22 0
-33 -2 13 0
-11 18 13 0
29 11 34 0
-14 18 3 0
26 -22 -16 0
9 -26 -4 0
-31 5 29 0
-28 -6 27 0
31 -28 25 0
1 19 -29 0
-4 30 25 0
-7 20 2 0
-27 -31 6 0
-27 -29 26 0
10 -21 29 0
21 -34 -10 0
