c instance by G2
c solution = 00000101111010000011111111011100001
c Known solution cost is 6857 
p cnf 35 50
w 70 256 267 37 181 232 194 61 497 130 284 364 60 184 160 71 38 11 269 310 383 161 114 356 136 162 31 250 300 9 463 209 187 377 43
-9 25 -29 0
-29 -18 -23 0
31 -23 -17 0
-27 -11 4 0
14 -13 26 0
-16 -28 -23 0
2 4 24 0
-16 34 -15 0
-6 12 22 0
-24 30 -23 0
-30 14 -12 0
-34 -19 -11 0
-22 -12 30 0
-19 -18 -5 0
-28 14 20 0
34 -2 31 0
27 17 35 0
9 14 12 0
-22 -9 23 0
9 -3 -29 0
4 11 14 0
35 33 -29 0
-10 -14 -16 0
-30 -33 18 0
34 -26 -18 0
13 -26 -24 0
-11 -3 -29 0
29 14 -24 0
8 -35 -20 0
-5 16 27 0
-30 21 33 0
24 27 31 0
-17 19 25 0
18 -12 -35 0
-13 2 -1 0
22 3 32 0
4 3 24 0
-24 15 6 0
33 -31 1 0
-26 -6 19 0
-15 -24 -26 0
-27 19 -16 0
-20 31 -14 0
-28 12 -7 0
20 7 -35 0
-21 31 -32 0
-24 -4 5 0
-8 29 -7 0
-26 1 10 0
28 32 -20 0
