c instance by G2
c solution = 01000000111110100100110001101011100
c Known solution cost is 8655 
p cnf 35 50
w 220 144 40 9 387 291 93 485 162 401 267 251 328 295 380 463 109 66 434 457 68 97 194 38 36 284 190 56 496 146 362 486 401 296 223
8 -6 23 0
-6 29 -26 0
14 -34 -31 0
-12 28 22 0
30 7 -34 0
30 -5 25 0
32 23 34 0
26 -14 -25 0
-7 -31 -24 0
16 23 -35 0
34 9 25 0
18 7 -33 0
27 14 34 0
-1 19 10 0
4 -23 19 0
10 6 -12 0
-4 -29 -22 0
-23 14 -34 0
-25 -22 14 0
28 2 -33 0
-33 -8 19 0
13 -33 4 0
-6 23 33 0
30 15 -2 0
-27 -26 -1 0
10 -22 -16 0
-23 -2 -9 0
-14 -10 -21 0
12 19 17 0
20 23 -24 0
-10 31 35 0
19 -3 -10 0
34 24 33 0
25 -16 1 0
-32 29 17 0
-17 -21 -2 0
10 34 17 0
-9 -20 -19 0
28 21 25 0
-31 -34 15 0
-31 -7 -22 0
7 19 11 0
32 -21 9 0
-22 -9 11 0
26 -18 4 0
-20 -15 8 0
-12 5 -30 0
-22 4 -24 0
34 30 -19 0
-28 30 8 0
