c instance by G2
c solution = 10001110010001000010011000110101110
c Known solution cost is 10127 
p cnf 35 50
w 367 372 485 11 382 245 459 278 109 249 387 159 313 139 219 496 498 156 204 368 190 294 291 349 58 354 429 233 454 28 97 359 311 360 424
-1 -12 -7 0
-8 21 3 0
-14 -13 9 0
-3 31 -10 0
4 22 -19 0
-7 30 9 0
30 7 18 0
-7 3 -15 0
-21 -19 13 0
-17 -5 22 0
-28 -24 2 0
-5 -30 -24 0
14 26 22 0
17 12 -35 0
25 -33 7 0
13 -30 28 0
-1 12 -25 0
24 -20 -27 0
-15 18 26 0
15 -34 10 0
-17 18 5 0
31 -10 -15 0
-32 1 -34 0
-2 32 19 0
33 -13 -2 0
24 -17 16 0
27 -23 31 0
2 3 -9 0
9 -28 -18 0
8 -26 -14 0
-19 -6 -8 0
-14 19 -7 0
14 -2 -34 0
32 -7 24 0
6 25 -28 0
29 -2 -7 0
-35 -14 -1 0
4 -32 -31 0
15 34 3 0
-29 -33 -10 0
14 26 35 0
-34 23 35 0
-30 32 25 0
21 -23 -16 0
11 -30 -4 0
15 -4 -16 0
18 -9 -20 0
-34 -30 -11 0
16 5 20 0
12 -28 33 0
