c instance by G2
c solution = 00011011111001000110000111001111110
c Known solution cost is 8578 
p cnf 35 50
w 428 343 479 185 5 380 107 254 496 262 121 14 463 458 62 223 48 306 92 439 436 77 216 51 311 73 111 407 95 456 205 163 116 256 440
-10 9 26 0
22 -27 12 0
17 22 29 0
33 15 6 0
-24 -12 17 0
21 13 9 0
9 -26 20 0
-13 -9 -14 0
33 -19 -23 0
-6 -19 -22 0
-30 11 16 0
1 4 -18 0
19 3 22 0
17 -19 -3 0
22 24 15 0
-18 -33 34 0
-4 8 -30 0
35 34 17 0
-32 -18 30 0
-25 28 -22 0
20 -9 -16 0
19 2 -4 0
27 2 -23 0
14 -33 -18 0
7 -26 -10 0
-19 -4 -17 0
17 27 -35 0
-11 -35 -6 0
32 35 -25 0
27 14 32 0
-21 11 -31 0
21 -15 -25 0
31 35 -24 0
-29 1 26 0
-21 15 23 0
1 -11 -6 0
27 18 -26 0
4 -10 17 0
-9 23 -13 0
-21 35 -10 0
20 25 -24 0
10 -18 2 0
-13 2 33 0
15 -28 -29 0
-7 -1 6 0
3 -2 6 0
5 35 16 0
-5 -2 7 0
-20 -26 2 0
16 -22 35 0
