c instance by G2
c solution = 01110100000111100110011001110000001
c Known solution cost is 7945 
p cnf 35 50
w 252 161 44 91 188 84 369 416 311 47 373 184 234 153 106 256 266 349 230 67 278 257 132 81 250 191 121 135 223 365 358 316 271 302 484
31 -27 -9 0
24 30 28 0
7 27 17 0
34 -27 15 0
21 -25 -22 0
22 32 -13 0
-19 27 32 0
-4 -20 31 0
34 10 -29 0
14 30 15 0
22 -2 -12 0
-17 29 -3 0
31 -15 18 0
8 -30 1 0
3 -26 11 0
-34 -32 25 0
6 -13 32 0
-32 -18 34 0
21 25 -10 0
20 9 -7 0
11 -8 -15 0
-18 -23 4 0
15 30 17 0
13 -22 -27 0
16 12 -27 0
-13 -2 26 0
15 9 23 0
-4 -12 -5 0
2 35 -25 0
24 1 -34 0
-24 -15 25 0
8 -19 -11 0
30 5 2 0
-31 -11 18 0
15 -7 25 0
17 19 25 0
8 -31 -18 0
25 23 -4 0
25 -2 -16 0
33 3 -15 0
1 7 -21 0
35 1 -18 0
15 -2 -8 0
-24 23 -25 0
24 -29 33 0
-33 -19 31 0
13 -16 -34 0
14 -20 15 0
-15 7 -1 0
-22 29 14 0
