c instance by G2
c solution = 00111110011000000011101001010000101
c Known solution cost is 8547 
p cnf 35 50
w 3 386 8 160 250 219 124 22 487 306 467 386 214 475 223 347 391 37 14 471 246 499 144 148 333 278 95 110 302 359 148 368 36 421 70
-14 15 -35 0
-34 14 -28 0
34 -1 -19 0
6 29 1 0
25 26 -18 0
14 -27 -6 0
8 -19 10 0
-30 29 14 0
2 7 34 0
2 4 25 0
5 1 -20 0
21 -13 -4 0
31 19 -20 0
-22 27 -7 0
26 5 -21 0
15 -27 -26 0
-29 -5 12 0
-24 3 6 0
-11 9 -32 0
-18 -20 32 0
-17 22 2 0
3 -31 16 0
34 -12 -19 0
32 20 25 0
27 35 -23 0
-9 -12 -11 0
29 28 16 0
-24 25 30 0
-1 31 11 0
5 27 10 0
3 -21 -5 0
-31 -20 17 0
7 18 -1 0
-21 7 -31 0
-15 18 30 0
11 24 16 0
-20 32 -9 0
23 -17 35 0
8 6 -12 0
12 -10 33 0
34 24 -13 0
-5 -25 24 0
-2 -20 -10 0
-6 23 -3 0
25 -16 31 0
20 1 -8 0
14 13 -8 0
-26 21 -28 0
-28 26 1 0
-7 -1 -33 0
