c instance by G2
c solution = 01100001001101000001101001001000101
c Known solution cost is 9483 
p cnf 35 50
w 188 207 411 428 265 193 43 164 484 5 91 340 184 471 424 204 375 5 429 220 147 378 88 356 146 487 499 497 293 40 200 479 243 367 132
5 -18 10 0
-14 -23 3 0
15 -31 18 0
-12 28 -27 0
-34 27 9 0
22 -29 -28 0
-11 -16 -14 0
2 -20 30 0
16 27 -7 0
32 12 16 0
34 -9 -23 0
-34 29 2 0
-33 -6 -2 0
-21 11 34 0
17 -20 -13 0
-5 34 31 0
-1 21 -14 0
7 30 -17 0
-23 -20 -30 0
-12 15 -32 0
29 21 -2 0
10 18 21 0
33 -11 18 0
22 33 -12 0
32 14 17 0
19 8 9 0
-29 27 35 0
32 -23 20 0
22 10 23 0
30 -19 -23 0
6 34 21 0
14 13 -1 0
-11 8 9 0
-24 19 22 0
-34 4 30 0
25 34 -17 0
15 4 11 0
26 -8 10 0
13 -12 -4 0
-10 30 17 0
-1 31 -12 0
29 19 22 0
-25 -14 13 0
18 -35 -22 0
32 -22 -5 0
-28 -34 14 0
24 -34 5 0
16 -32 -31 0
7 -15 1 0
2 -21 34 0
