c instance by G2
c solution = 00111000111001100111100011011010101
c Known solution cost is 9837 
p cnf 35 50
w 404 362 306 279 4 170 177 440 11 469 405 422 290 159 136 253 498 185 223 368 495 313 159 190 194 436 398 1 446 84 125 264 494 271 406
-10 33 7 0
-5 3 22 0
-23 -11 12 0
-28 29 -31 0
1 -6 29 0
22 -2 -25 0
-2 -14 11 0
30 14 -10 0
-21 -11 35 0
17 -3 5 0
27 -29 15 0
9 23 -21 0
7 -22 2 0
28 -3 8 0
-28 -19 -2 0
-18 -22 2 0
-21 -7 -29 0
31 2 -26 0
34 -35 -24 0
20 24 13 0
2 -33 -16 0
35 -18 12 0
-31 12 -13 0
16 -15 9 0
-26 30 4 0
-1 -21 -3 0
-35 -26 -27 0
24 -19 -22 0
-22 -20 34 0
8 17 -30 0
-27 -14 32 0
-10 26 7 0
-25 10 -18 0
27 14 -29 0
-34 -20 -35 0
-8 22 -15 0
19 -26 -5 0
24 25 8 0
7 -31 -6 0
9 -34 30 0
-32 34 -31 0
24 -17 -28 0
-21 -1 18 0
-5 -26 -12 0
-11 26 5 0
-15 18 -19 0
21 12 -25 0
23 21 -31 0
-33 11 13 0
23 -34 30 0
