c instance by G2
c solution = 10001100111111000110011000001001011
c Known solution cost is 9959 
p cnf 35 50
w 203 157 248 393 293 458 29 138 431 164 359 467 481 288 460 176 430 303 457 153 351 477 61 2 217 306 226 498 6 411 238 370 86 404 218
-10 26 -2 0
29 33 -11 0
22 -1 -32 0
-1 9 -32 0
-20 -22 -23 0
16 -33 -19 0
-13 -23 -26 0
-18 16 -7 0
20 -31 30 0
-5 -4 1 0
-6 -18 -15 0
-21 -13 -11 0
-16 -34 21 0
18 -6 -32 0
15 -6 19 0
5 20 31 0
19 35 -14 0
-12 26 11 0
-6 -14 1 0
25 23 -29 0
-27 35 -21 0
-11 -15 -26 0
6 4 8 0
8 -4 15 0
20 10 4 0
-17 8 -34 0
-25 15 33 0
2 13 -6 0
33 3 -7 0
-2 33 -12 0
-14 -5 1 0
-26 6 24 0
-10 -30 -27 0
-13 -8 -11 0
-7 -15 35 0
26 32 31 0
-22 26 35 0
3 5 -14 0
9 11 -28 0
1 -34 -12 0
25 8 -24 0
12 -6 -1 0
30 -28 4 0
15 4 35 0
-6 -19 -3 0
33 -30 -9 0
-29 20 -21 0
30 -14 -27 0
34 24 28 0
15 14 24 0
