c instance by G2
c solution = 11000101001011100000001101101011001
c Known solution cost is 8576 
p cnf 35 50
w 120 226 398 171 21 111 411 421 80 129 33 263 221 404 228 229 202 443 259 50 421 171 353 255 319 240 374 114 206 91 327 284 379 272 350
-15 -7 -10 0
-2 -10 -23 0
20 -34 -31 0
-29 -9 33 0
-32 -29 26 0
-32 31 12 0
-3 33 -2 0
3 -31 -30 0
14 34 -27 0
16 -20 -24 0
-26 -4 -7 0
-25 21 33 0
33 -28 20 0
13 -18 -2 0
-11 9 1 0
7 -29 -17 0
-13 32 5 0
1 14 23 0
15 17 30 0
11 7 17 0
29 33 30 0
-2 35 3 0
34 -32 -19 0
-6 -16 3 0
-22 3 10 0
-9 13 -16 0
-35 11 -26 0
4 7 -33 0
-5 -30 -27 0
-19 -35 -15 0
12 18 13 0
-9 29 -13 0
19 -22 -17 0
22 -21 14 0
-31 17 -7 0
32 3 -16 0
20 33 8 0
18 -21 33 0
4 5 23 0
-35 -6 -12 0
-4 -8 -24 0
-27 6 -35 0
16 23 5 0
18 7 27 0
24 -1 -29 0
10 -18 14 0
10 2 30 0
-5 18 16 0
35 12 9 0
-18 34 -27 0
