c instance by G2
c solution = 11011001100011110000100000100011111
c Known solution cost is 7815 
p cnf 35 50
w 430 276 300 337 16 318 37 32 496 157 231 367 225 149 14 135 85 423 48 47 21 103 118 216 310 200 111 493 267 486 434 195 252 173 313
29 3 32 0
16 -5 28 0
-15 -17 -34 0
27 35 -14 0
-16 -31 -24 0
27 10 26 0
7 -22 -31 0
23 -4 -7 0
20 -34 -28 0
19 -11 10 0
18 -8 -22 0
2 3 -21 0
-33 2 15 0
20 22 35 0
-1 14 30 0
-34 6 -30 0
-27 31 10 0
-26 16 -7 0
25 24 -28 0
22 35 -18 0
29 7 5 0
-18 -8 6 0
15 35 -3 0
-35 10 8 0
26 -8 9 0
24 -27 -20 0
7 -16 2 0
-10 11 -31 0
31 -35 1 0
-25 -33 -1 0
-26 -31 -21 0
4 6 20 0
-5 15 -4 0
-3 11 -34 0
-21 34 -14 0
-5 -10 2 0
-7 -31 6 0
-32 12 21 0
-13 -2 -29 0
-5 -19 -27 0
24 -17 -4 0
7 30 33 0
-34 -11 -26 0
30 -23 11 0
-2 27 17 0
1 25 -35 0
-12 -2 -1 0
-30 -7 -13 0
20 13 22 0
-6 -31 -35 0
