c instance by G2
c solution = 01010010001011100011011100111011110
c Known solution cost is 7265 
p cnf 35 50
w 355 63 28 150 40 20 56 270 10 420 209 271 248 218 110 350 165 275 296 288 289 429 273 459 302 192 119 230 153 23 184 14 277 36 443
-30 10 -28 0
-27 14 -13 0
15 -31 -22 0
-28 5 -25 0
-20 -6 1 0
24 9 25 0
-20 -17 -33 0
30 -31 -10 0
-35 10 -4 0
-10 26 -24 0
-27 23 -28 0
-1 25 -19 0
-8 -15 -11 0
28 7 -22 0
20 -29 3 0
25 33 9 0
2 -19 -9 0
20 19 10 0
-28 21 22 0
35 29 -24 0
-12 -7 -31 0
-20 31 10 0
-18 -20 -32 0
-21 1 -28 0
-29 18 -9 0
-33 -16 23 0
28 16 9 0
-5 2 -23 0
-3 31 -32 0
1 32 -35 0
11 -29 33 0
15 8 6 0
6 4 8 0
-14 -3 5 0
-31 32 16 0
-8 -21 35 0
8 10 -5 0
13 -34 -32 0
-16 -34 12 0
-15 34 5 0
6 11 25 0
4 -34 -19 0
-22 1 -26 0
-7 -15 2 0
-15 -24 28 0
-27 -23 7 0
-7 26 -3 0
27 -24 -22 0
21 19 -24 0
14 26 35 0
