c instance by G2
c solution = 01101101100101001111101101110100110
c Known solution cost is 9864 
p cnf 35 50
w 446 307 383 219 41 376 316 282 345 62 250 160 409 422 397 24 311 302 9 258 320 434 309 152 61 393 265 251 242 259 313 428 302 346 470
-1 17 2 0
22 12 15 0
-16 32 -31 0
6 -24 10 0
-14 -13 16 0
12 -4 -28 0
-15 10 -12 0
-18 28 4 0
-9 -4 13 0
13 11 -25 0
15 -27 33 0
27 10 29 0
21 13 15 0
2 -20 8 0
-21 -31 -34 0
-18 -23 -13 0
-23 28 -14 0
20 -26 -14 0
-26 4 -29 0
9 7 30 0
25 24 -26 0
-28 25 -35 0
-7 -35 19 0
22 -34 14 0
-2 32 5 0
7 22 30 0
21 31 -12 0
-10 -34 16 0
-24 -10 27 0
35 34 25 0
11 -33 -7 0
-8 -22 -12 0
9 -30 -20 0
8 4 16 0
-19 30 -27 0
9 1 -4 0
2 -24 10 0
-5 13 30 0
-5 -34 -32 0
31 19 -27 0
1 -18 3 0
-6 12 29 0
-9 -11 29 0
18 -23 15 0
23 -24 35 0
-16 2 12 0
-16 13 32 0
17 -24 -8 0
-19 35 26 0
-1 -26 11 0
