c instance by G2
c solution = 001110010011100011101111000
c Known solution cost is 6325 
p cnf 27 50
w 174 395 342 193 193 442 354 65 4 242 396 149 359 339 1 271 136 424 98 348 342 26 358 267 101 295 11
5 11 24 0
-23 -5 22 0
26 14 21 0
-20 -13 -2 0
-18 15 4 0
3 22 12 0
10 -8 -7 0
-24 -7 -18 0
14 23 2 0
-13 -2 -11 0
24 20 16 0
12 -17 26 0
-3 7 -1 0
-5 -3 17 0
18 7 -11 0
5 -21 7 0
-11 -26 -4 0
-6 -21 -5 0
-21 7 19 0
-6 -15 -22 0
13 -7 18 0
24 -3 -21 0
-3 25 -16 0
-23 -7 -3 0
3 -19 -18 0
5 -12 6 0
11 -21 10 0
-9 -12 -24 0
-3 -15 25 0
23 -10 25 0
-13 5 -2 0
15 -9 -22 0
2 13 15 0
-16 18 -6 0
8 16 1 0
10 -25 -8 0
26 -10 -15 0
16 5 7 0
26 -27 -8 0
15 -1 -18 0
-3 -20 9 0
-3 -21 -20 0
12 -16 2 0
-8 15 3 0
-23 -10 7 0
-10 20 6 0
-8 -12 -14 0
12 1 -8 0
2 20 -15 0
18 25 -11 0
