c instance by G2
c solution = 000111010110100011001011101
c Known solution cost is 6349 
p cnf 27 50
w 382 379 442 31 34 165 118 422 18 482 29 465 257 175 103 188 36 124 311 204 103 463 273 395 176 338 236
20 11 16 0
26 -22 -24 0
26 3 13 0
-4 -9 -27 0
-12 1 19 0
-4 2 8 0
-14 11 27 0
9 -7 -25 0
-24 16 -15 0
6 23 -24 0
-17 16 27 0
-11 -2 -14 0
-5 -9 -3 0
-11 -20 19 0
-19 24 -1 0
-17 -18 -2 0
-27 5 -17 0
14 -20 -12 0
-9 -16 2 0
-25 -23 -3 0
-20 14 5 0
-12 1 -23 0
21 -18 3 0
23 -1 -2 0
18 -23 14 0
-1 21 5 0
13 18 -20 0
6 2 -18 0
-1 3 -24 0
-18 24 3 0
-14 -27 -24 0
26 -24 8 0
16 4 20 0
19 27 10 0
10 14 26 0
-10 16 27 0
-4 11 -20 0
-1 -13 12 0
-3 16 19 0
-19 -21 3 0
-10 1 11 0
16 4 -12 0
-16 17 -5 0
10 -5 -3 0
-16 -27 -5 0
23 -11 -5 0
-4 -19 -3 0
-23 17 15 0
-26 -10 19 0
-23 25 16 0
