c instance by G2
c solution = 100000111100110000111001101
c Known solution cost is 8102 
p cnf 27 50
w 349 328 237 495 447 159 260 152 411 54 227 363 349 63 476 144 491 278 194 434 491 465 253 204 151 449 178
6 17 -11 0
13 2 -10 0
-14 -13 -4 0
11 25 16 0
-9 -8 -16 0
-2 -9 8 0
-6 5 26 0
-2 12 -21 0
-4 23 -15 0
26 22 25 0
23 -18 9 0
-12 26 -21 0
-23 -14 12 0
-12 14 -3 0
8 -6 20 0
14 5 12 0
-15 25 16 0
-23 -24 -5 0
24 -19 16 0
19 12 -25 0
17 16 9 0
3 11 -15 0
-14 -17 15 0
7 19 -27 0
13 14 18 0
4 10 -14 0
2 18 9 0
-21 1 -8 0
3 -22 -9 0
-8 -7 -4 0
8 -14 -27 0
-20 -16 22 0
-7 -26 6 0
21 2 -25 0
3 18 20 0
16 -19 7 0
-20 27 22 0
-1 -11 -24 0
6 -13 -3 0
-23 11 -8 0
17 -25 7 0
-5 -10 17 0
-26 10 12 0
-1 -2 22 0
-18 -1 -7 0
11 -2 -8 0
-10 -12 15 0
7 6 25 0
5 6 -4 0
-10 -5 2 0
