c instance by G2
c solution = 011100001101111001101010110
c Known solution cost is 6731 
p cnf 27 50
w 302 231 169 213 373 420 116 229 354 44 42 407 84 206 334 340 262 390 349 248 31 360 20 210 364 493 140
22 -10 -6 0
2 9 -4 0
23 -12 1 0
-26 -5 -25 0
-18 -1 -24 0
-8 -3 -18 0
-9 20 19 0
-23 24 13 0
-13 -4 -16 0
-14 -22 1 0
24 2 11 0
11 7 18 0
-22 16 -25 0
-21 20 -6 0
21 -26 5 0
-18 -3 -24 0
11 26 -20 0
-25 -15 26 0
10 -25 -19 0
4 -26 -2 0
26 -7 23 0
-18 -7 -23 0
10 26 -20 0
23 -19 21 0
-18 -27 -13 0
12 -1 -22 0
-21 25 1 0
22 8 25 0
-2 -27 15 0
15 20 -3 0
-9 -10 -8 0
-10 4 -9 0
23 2 27 0
3 24 22 0
-17 16 -25 0
4 22 5 0
-20 -25 -21 0
13 -15 -3 0
-27 8 16 0
-20 -19 -1 0
22 -16 -18 0
12 8 7 0
-8 26 -18 0
10 23 20 0
-18 7 -1 0
-5 22 -26 0
17 -7 -11 0
9 24 -14 0
14 24 -2 0
-19 -11 20 0
