c instance by G2
c solution = 111111110011011111010100101
c Known solution cost is 6764 
p cnf 27 50
w 416 408 306 489 20 84 447 55 168 74 277 169 190 231 86 316 328 276 110 495 256 155 219 75 287 413 414
13 14 -16 0
19 16 -3 0
-7 25 19 0
23 -11 -24 0
22 19 -25 0
-5 16 -8 0
3 -16 -2 0
26 24 1 0
-17 -4 6 0
-14 -3 7 0
-20 6 23 0
-1 -24 -18 0
11 15 -23 0
25 -22 -18 0
-12 -7 27 0
-3 -12 -21 0
14 -4 20 0
-11 -9 17 0
-3 -2 5 0
-7 -26 -17 0
-18 9 1 0
27 -5 23 0
25 -17 3 0
23 -25 5 0
21 6 -18 0
-22 21 18 0
-10 -17 9 0
20 10 -12 0
-27 8 -4 0
-7 -5 17 0
-18 -13 -8 0
11 -6 -3 0
2 -4 9 0
14 27 -13 0
15 -18 -5 0
-7 12 -5 0
-4 7 -18 0
20 10 18 0
27 -12 13 0
-12 10 4 0
-20 -6 -19 0
-26 -22 -24 0
7 -12 -8 0
27 -4 -14 0
-1 -11 -9 0
-13 25 -20 0
-13 -7 22 0
-5 26 -23 0
24 -19 -25 0
-18 -11 -23 0
