c instance by G2
c solution = 111010111110101001101101011
c Known solution cost is 6360 
p cnf 27 50
w 47 195 327 217 465 495 402 4 60 93 490 64 6 275 128 469 64 336 290 12 377 423 2 151 347 409 212
4 -18 11 0
-27 -20 -15 0
-12 -5 26 0
-26 -18 9 0
-10 14 24 0
3 25 -7 0
-2 5 -7 0
15 17 6 0
-13 17 7 0
4 -9 19 0
-26 10 4 0
20 17 22 0
22 -18 12 0
-18 8 -5 0
14 8 12 0
-14 23 -10 0
-23 -11 -21 0
4 -6 -12 0
-22 -16 6 0
18 24 14 0
21 -18 20 0
-19 4 -17 0
3 -20 24 0
-14 -15 -24 0
-15 2 4 0
-26 19 -15 0
-24 13 8 0
15 -20 11 0
27 -9 23 0
26 -22 -11 0
6 18 -22 0
25 16 5 0
-19 -3 1 0
-17 23 2 0
-10 23 -6 0
16 22 3 0
-2 17 -25 0
-4 17 -19 0
-20 10 11 0
4 26 -22 0
-5 20 13 0
-17 4 -5 0
-14 17 -23 0
-10 -14 2 0
24 -5 -8 0
-14 -4 -25 0
-2 -10 5 0
2 -18 20 0
-15 -21 -16 0
-12 25 -21 0
