c instance by G2
c solution = 010111001001111101001011010
c Known solution cost is 5882 
p cnf 27 50
w 117 434 143 332 318 4 225 249 205 96 271 101 164 94 75 273 220 267 11 336 243 218 153 260 293 299 481
-9 16 -11 0
-16 15 27 0
1 -17 4 0
12 -8 -10 0
7 18 -16 0
4 16 5 0
16 -14 -24 0
-13 11 -3 0
-14 9 27 0
7 14 8 0
15 11 20 0
13 6 -22 0
17 -22 25 0
-8 22 10 0
-24 -10 -12 0
10 4 -15 0
-15 -11 17 0
27 10 -20 0
-24 -14 -10 0
4 19 -15 0
14 23 -18 0
-25 -21 -17 0
-18 21 22 0
-4 26 -5 0
-19 -5 8 0
-26 6 -23 0
-10 -9 24 0
23 19 1 0
-15 -12 -7 0
-21 7 -25 0
16 -23 3 0
-4 -27 -26 0
-20 -23 14 0
-1 -9 -26 0
-15 -1 17 0
-4 8 12 0
-11 -18 1 0
-14 7 2 0
3 7 -17 0
27 -9 21 0
5 14 -22 0
-21 8 -25 0
12 -26 25 0
-2 11 13 0
19 -23 -27 0
2 17 14 0
6 -19 -18 0
7 5 -4 0
17 -27 7 0
24 8 -16 0
