c instance by G2
c solution = 111000010010001010110110111
c Known solution cost is 7664 
p cnf 27 50
w 2 337 191 30 417 464 417 328 303 332 245 55 74 241 421 399 353 425 139 483 427 307 56 447 373 34 364
13 -10 4 0
16 21 11 0
15 -21 20 0
-23 -25 2 0
-21 15 -20 0
-13 -27 21 0
-11 3 14 0
27 21 -20 0
8 23 -18 0
-15 -16 10 0
-20 9 1 0
-22 19 -8 0
-23 -4 12 0
20 4 24 0
3 -26 -22 0
-12 15 -6 0
-26 -7 -19 0
-12 19 15 0
26 10 9 0
-1 -13 -25 0
26 -25 -22 0
-23 -9 -22 0
-24 -20 -27 0
26 -1 -6 0
23 24 -27 0
6 1 -23 0
-21 -15 12 0
-2 -5 24 0
-16 -15 17 0
13 12 -9 0
-22 -26 17 0
4 9 2 0
22 -1 -15 0
18 -26 -4 0
1 6 -18 0
24 -14 10 0
13 -27 1 0
-23 11 9 0
-3 22 -1 0
13 3 -26 0
6 -18 -19 0
-6 10 -19 0
-17 -19 8 0
17 9 18 0
19 10 -15 0
14 -12 -19 0
10 -12 -1 0
-14 -2 -27 0
15 16 9 0
-19 -1 25 0
