c instance by G2
c solution = 100001111010000101111011100
c Known solution cost is 7101 
p cnf 27 50
w 223 255 279 176 133 200 372 337 235 59 491 253 414 245 351 441 466 342 24 152 442 17 167 309 427 167 124
-27 26 2 0
27 7 15 0
-6 -3 -1 0
13 10 18 0
2 9 -25 0
-24 9 27 0
24 -16 -1 0
16 22 -1 0
-20 13 -5 0
-1 -9 21 0
27 18 16 0
5 -12 1 0
-4 10 -16 0
-7 -20 11 0
-5 25 23 0
-13 -3 -20 0
-8 -14 -24 0
6 -9 2 0
5 20 17 0
25 22 -6 0
27 -13 2 0
15 -6 9 0
-12 5 26 0
-20 26 23 0
-23 8 -21 0
-27 23 5 0
10 17 1 0
-22 -21 5 0
27 -24 18 0
7 2 -21 0
-18 -15 -20 0
-24 -6 -17 0
15 -16 6 0
11 -27 4 0
9 15 -22 0
10 13 -2 0
-9 4 -17 0
22 25 5 0
12 2 19 0
25 -9 -11 0
14 -2 -9 0
3 -15 -18 0
22 -14 -4 0
-10 2 -25 0
-9 -26 25 0
-22 27 -9 0
-9 4 -26 0
-27 -8 -1 0
13 -27 17 0
17 -4 -6 0
