c instance by G2
c solution = 011011110101100001110000010
c Known solution cost is 6908 
p cnf 27 50
w 63 322 88 283 330 410 14 449 366 413 383 236 46 201 308 121 30 363 432 249 87 493 134 216 459 60 352
-4 -19 9 0
12 -27 -17 0
4 13 5 0
13 14 4 0
-14 -10 -3 0
22 11 20 0
22 13 17 0
8 17 21 0
-26 -1 21 0
7 23 -8 0
-17 8 3 0
1 -17 11 0
-20 23 18 0
27 -24 14 0
23 -22 -6 0
23 22 -11 0
27 -25 12 0
-22 11 21 0
24 -23 15 0
6 -14 -21 0
-2 5 -19 0
-22 6 7 0
22 11 3 0
5 -20 -21 0
-18 23 6 0
24 -16 15 0
-9 -24 -18 0
-26 -8 2 0
-19 -25 27 0
-25 -14 -23 0
-8 -2 12 0
14 -15 -18 0
-27 -12 22 0
-18 19 13 0
22 -21 -2 0
-2 -15 -21 0
9 13 11 0
10 22 1 0
14 -17 -2 0
8 -17 -22 0
-14 -7 -16 0
-12 10 -15 0
17 -8 -9 0
24 26 -13 0
-8 27 13 0
-5 24 19 0
18 -21 23 0
22 -23 -4 0
-17 -18 -24 0
-6 -23 -5 0
