c instance by G2
c solution = 001110011110101111010001110
c Known solution cost is 7277 
p cnf 27 50
w 438 372 417 244 423 150 398 80 460 190 232 4 221 262 274 350 288 222 175 26 331 471 244 282 253 287 183
24 -15 -4 0
-15 -9 -7 0
-15 13 9 0
5 -8 -12 0
22 17 -15 0
-2 -13 -8 0
-7 17 23 0
12 -11 25 0
27 6 5 0
16 12 27 0
20 23 16 0
-18 -10 -27 0
-21 10 24 0
-13 3 6 0
-3 12 -23 0
20 -17 -4 0
5 20 -9 0
-20 26 27 0
17 -14 12 0
-27 -4 -8 0
-4 13 22 0
-24 23 10 0
-2 -11 27 0
-6 19 -25 0
-11 20 19 0
24 19 -26 0
19 -10 25 0
-11 16 23 0
17 22 -6 0
10 -26 19 0
27 -17 11 0
-7 -8 25 0
-19 14 -17 0
-5 -25 4 0
1 22 3 0
9 8 25 0
1 -12 -18 0
-9 23 18 0
24 -26 -4 0
23 22 9 0
26 -22 5 0
-21 4 22 0
-11 -15 8 0
23 -3 15 0
-21 -15 -24 0
-26 12 -1 0
23 19 -14 0
-19 -25 -8 0
-9 -25 20 0
-22 -25 23 0
