c instance by G2
c solution = 000001101001001110100110001
c Known solution cost is 7585 
p cnf 27 50
w 442 128 433 287 473 265 113 304 200 72 447 22 363 20 405 465 306 494 288 98 136 264 414 285 349 46 466
5 -14 -23 0
-22 5 -18 0
7 -23 21 0
13 -11 -9 0
-9 -12 -1 0
19 18 -22 0
-27 -19 -10 0
-19 -10 -8 0
-24 3 -16 0
-7 -21 1 0
14 6 -23 0
-24 -27 11 0
18 21 -26 0
8 12 -22 0
-7 16 3 0
26 22 -5 0
-3 16 -19 0
9 20 21 0
7 12 -13 0
21 10 27 0
19 -7 -6 0
23 24 -2 0
-9 -20 21 0
23 -15 25 0
-3 24 4 0
-6 -8 -12 0
2 -13 24 0
-4 -18 27 0
-15 -4 18 0
4 1 -13 0
26 8 -20 0
-11 12 19 0
19 -25 1 0
-7 -20 -12 0
-2 16 -1 0
24 15 -21 0
-3 -23 5 0
-17 -5 -12 0
1 26 6 0
1 -27 -2 0
18 -25 26 0
-25 8 4 0
-23 -13 11 0
15 20 -16 0
-22 8 17 0
7 4 1 0
22 -1 27 0
6 -16 10 0
22 5 26 0
-4 -16 -22 0
