c instance by G2
c solution = 001010111111111111011100111
c Known solution cost is 6361 
p cnf 27 50
w 145 139 399 91 308 74 375 192 228 126 134 480 222 281 128 76 472 167 71 313 93 212 349 481 86 426 293
25 -11 -4 0
-22 -27 16 0
12 -6 17 0
15 -12 25 0
20 -17 -27 0
-10 -23 19 0
-6 21 11 0
8 -15 23 0
5 11 -18 0
24 27 18 0
-23 5 -11 0
19 -6 1 0
-9 27 -18 0
19 15 -25 0
-17 -5 25 0
14 -27 -21 0
6 -25 17 0
-21 -13 3 0
-25 -24 -17 0
-13 24 3 0
18 -26 -23 0
-3 -8 21 0
4 -2 -11 0
-1 -3 -16 0
7 -11 21 0
9 -5 -17 0
-23 -26 6 0
13 -14 -12 0
13 24 16 0
-17 11 -8 0
16 -23 -6 0
-24 -3 -6 0
5 -3 -22 0
22 19 6 0
9 23 -11 0
12 -25 24 0
-22 -23 10 0
-3 15 -11 0
19 10 -20 0
-12 -4 -15 0
-25 -1 12 0
-7 -19 -11 0
6 -5 7 0
-26 18 -13 0
-11 -8 26 0
21 10 13 0
21 2 26 0
8 -13 17 0
1 17 -3 0
4 8 5 0
