c instance by G2
c solution = 100101011001001001011101111
c Known solution cost is 7569 
p cnf 27 50
w 31 123 137 451 344 341 429 403 267 485 395 93 12 248 191 89 296 355 398 321 269 380 247 177 453 318 316
27 8 -18 0
-12 17 -13 0
-21 -10 -12 0
23 16 12 0
7 -23 -14 0
-18 3 -14 0
-10 2 21 0
-26 23 15 0
2 -10 7 0
-7 17 3 0
7 3 -17 0
14 -6 21 0
5 -23 11 0
20 17 -22 0
-14 -16 11 0
25 -8 -27 0
21 2 -15 0
-3 -22 14 0
21 19 -20 0
21 -3 16 0
17 -18 -2 0
3 8 -12 0
13 6 -24 0
-5 13 -25 0
-18 -10 16 0
23 22 -26 0
-3 -2 27 0
-26 13 -23 0
-15 13 -11 0
-22 -2 14 0
5 1 -20 0
5 -16 13 0
-5 -24 -22 0
9 25 24 0
18 -1 -15 0
12 -11 -15 0
-2 -12 -26 0
-27 -24 -7 0
4 -24 16 0
11 15 12 0
16 12 -10 0
21 26 5 0
9 18 -4 0
27 -20 -15 0
6 -13 -19 0
-14 10 5 0
-1 -22 26 0
16 -12 -19 0
10 9 -4 0
5 24 -26 0
