c instance by G2
c solution = 110110111111000101001011011
c Known solution cost is 6918 
p cnf 27 50
w 329 18 361 337 226 363 179 319 184 384 21 382 57 413 221 244 492 144 83 159 294 105 493 381 15 479 235
12 14 19 0
-1 27 3 0
27 14 -20 0
-18 16 -23 0
-7 -15 -16 0
-3 -16 6 0
3 9 6 0
-21 23 -8 0
14 -2 21 0
-27 -1 2 0
17 1 -24 0
17 -10 -19 0
-12 6 11 0
-9 27 11 0
3 -20 -18 0
-5 27 6 0
-6 -2 -26 0
10 8 -20 0
-2 -1 8 0
12 -6 11 0
-8 -9 4 0
8 1 4 0
5 -3 -17 0
-16 -17 -4 0
-27 19 7 0
-26 10 15 0
5 6 2 0
-12 -16 8 0
-13 -2 -23 0
3 -1 -22 0
24 -11 -2 0
20 -25 -18 0
26 -8 -5 0
-4 -8 27 0
-22 20 18 0
-17 3 24 0
16 -15 -3 0
1 -24 -18 0
10 -21 16 0
-7 27 -6 0
-6 -4 5 0
-14 -8 -10 0
19 7 3 0
-25 -15 20 0
10 -22 -12 0
13 -7 18 0
22 -27 -14 0
-25 17 19 0
24 -16 18 0
5 -12 3 0
