c instance by G2
c solution = 001101100010001010001011010
c Known solution cost is 6613 
p cnf 27 50
w 367 305 434 232 473 122 218 409 50 170 196 248 44 239 403 41 147 374 393 395 150 15 209 474 60 136 309
18 -15 -25 0
-10 -22 -9 0
-23 -10 20 0
24 -11 -7 0
2 25 23 0
-8 -23 -26 0
-13 20 25 0
3 8 12 0
12 8 -1 0
-17 10 23 0
13 -21 -27 0
-10 -20 16 0
13 -2 9 0
-18 12 -26 0
22 5 7 0
1 -5 8 0
6 -24 25 0
4 -8 26 0
-15 -14 -9 0
19 1 -16 0
11 14 16 0
-24 -27 17 0
-22 -6 8 0
-20 -1 -9 0
4 -24 -3 0
18 -26 -19 0
25 15 -3 0
-22 12 10 0
15 -12 -3 0
9 -21 -1 0
14 1 3 0
-9 -6 25 0
2 -6 7 0
21 -26 -7 0
6 21 19 0
17 -16 -5 0
-11 17 19 0
-12 2 -15 0
-4 6 3 0
-20 25 -23 0
10 26 13 0
4 6 19 0
16 -22 -26 0
-11 -9 22 0
15 23 -14 0
-21 27 -14 0
1 11 -17 0
-20 -2 -9 0
9 -2 18 0
6 -4 -26 0
