c instance by G2
c solution = 110110011011110001010001100
c Known solution cost is 6462 
p cnf 27 50
w 254 57 140 385 356 301 38 312 187 27 41 56 258 275 323 493 186 192 56 438 235 481 73 291 473 177 357
-11 8 -2 0
-13 -15 -23 0
-4 14 -13 0
-11 13 -18 0
-6 -12 15 0
21 -12 -7 0
-5 -18 1 0
-25 10 24 0
-26 -14 -12 0
3 9 -25 0
13 -27 -6 0
-16 -25 -13 0
16 -12 -27 0
11 -2 15 0
24 -15 4 0
-9 -2 8 0
21 22 -19 0
15 -27 -13 0
-23 21 -1 0
-10 -24 16 0
-14 3 -22 0
27 -6 12 0
17 11 22 0
27 -17 -2 0
27 -1 -15 0
19 14 -15 0
-24 -8 25 0
-18 14 17 0
17 21 24 0
-17 6 10 0
-9 -1 12 0
-7 -15 -8 0
-23 -26 -19 0
-3 -15 25 0
6 -24 14 0
8 -5 1 0
15 -3 -25 0
23 -5 12 0
-5 9 -18 0
-4 5 -8 0
-3 22 -14 0
2 1 13 0
12 7 -21 0
8 23 -19 0
-10 -14 -23 0
18 -12 -11 0
-13 15 -21 0
2 10 22 0
-18 7 20 0
4 -11 -9 0
