c instance by G2
c solution = 111011111110011010111101010
c Known solution cost is 6379 
p cnf 27 50
w 476 306 115 212 165 387 283 0 123 212 117 337 265 449 159 159 244 261 290 232 267 113 319 217 111 103 457
7 25 -2 0
-17 -6 2 0
8 12 16 0
-11 -14 26 0
-6 14 -10 0
-1 -24 -23 0
9 10 14 0
25 15 -22 0
21 9 -26 0
5 -20 23 0
-13 -21 -8 0
-5 -13 -8 0
6 -26 -19 0
7 10 -16 0
22 -14 23 0
23 11 16 0
13 -25 -3 0
17 -4 -24 0
22 18 -17 0
3 25 -11 0
22 -15 -6 0
-7 4 24 0
1 27 -20 0
8 -15 -5 0
1 -20 -15 0
-27 -22 -23 0
-16 -10 -19 0
27 19 16 0
15 -17 -11 0
17 -6 12 0
-14 25 -13 0
7 -6 16 0
16 -25 13 0
-8 -7 -18 0
-8 21 -26 0
-3 -2 20 0
27 9 -11 0
-15 -6 26 0
26 16 -21 0
-27 -10 -26 0
10 -20 -9 0
12 -7 -4 0
15 -8 -3 0
1 -23 21 0
-23 7 -27 0
15 22 11 0
-14 26 15 0
20 5 14 0
11 -14 18 0
-22 -12 25 0
