c instance by G2
c solution = 100000101000010011011110000
c Known solution cost is 6897 
p cnf 27 50
w 486 450 392 113 148 294 424 72 449 197 78 341 497 262 2 164 147 439 354 106 122 11 198 444 149 320 238
-27 11 4 0
3 -4 13 0
3 -1 -10 0
-27 11 10 0
15 17 -21 0
-25 -13 -15 0
11 -23 20 0
-27 -8 -10 0
-7 -11 19 0
5 -21 -26 0
21 2 -18 0
-25 8 -22 0
-2 -23 -14 0
25 -13 -20 0
5 9 10 0
-18 -15 25 0
23 -14 -22 0
-24 22 -1 0
-22 -2 13 0
22 -7 -18 0
10 5 1 0
10 8 -26 0
3 -15 24 0
-6 -18 15 0
12 -2 10 0
-1 23 -27 0
7 26 14 0
-5 15 4 0
7 -15 17 0
5 -3 -22 0
-23 -19 4 0
10 9 -24 0
7 5 -21 0
8 -15 -13 0
4 9 1 0
-11 3 21 0
3 -17 -8 0
-27 1 4 0
-4 13 -20 0
21 -24 5 0
18 2 -9 0
18 4 27 0
-9 10 -16 0
-26 -5 10 0
15 14 -17 0
-14 -24 2 0
3 25 -27 0
3 -12 26 0
20 -22 -18 0
11 -6 18 0
