c instance by G2
c solution = 001101110101000110011001000
c Known solution cost is 6750 
p cnf 27 50
w 196 234 196 456 376 50 35 410 124 389 41 257 447 295 425 405 496 142 328 150 133 207 272 131 63 82 410
-2 15 1 0
25 -15 14 0
19 -13 -24 0
-7 -1 19 0
23 14 -22 0
-9 21 -2 0
-24 -27 -3 0
-14 2 -7 0
-4 12 21 0
15 -12 -5 0
-15 -26 -2 0
-24 -12 -23 0
-23 22 20 0
-15 23 17 0
17 -10 -6 0
16 -5 25 0
5 20 18 0
-16 12 23 0
22 14 -5 0
9 13 17 0
24 -6 11 0
2 8 18 0
26 7 -12 0
-20 26 16 0
15 9 7 0
-19 23 22 0
-19 18 -13 0
-26 9 5 0
15 -21 7 0
-21 13 -9 0
-10 -11 -24 0
-25 15 -7 0
2 -3 -1 0
-27 5 -19 0
-12 19 3 0
20 26 8 0
18 15 -9 0
27 14 3 0
-17 -19 2 0
4 13 -20 0
3 14 6 0
2 3 16 0
-7 18 -23 0
-18 13 -3 0
-6 21 -20 0
18 -24 -9 0
6 9 -3 0
7 -26 -12 0
-18 -17 25 0
10 13 -21 0
