c instance by G2
c solution = 010011101100000110111001110
c Known solution cost is 6453 
p cnf 27 50
w 395 51 324 427 146 71 212 127 78 173 473 227 349 42 422 165 363 33 399 70 250 404 481 25 386 268 92
-15 -26 -7 0
15 26 -5 0
15 -11 -18 0
-3 -2 -24 0
9 -14 19 0
11 7 3 0
-17 -1 -24 0
-6 19 23 0
3 -7 -11 0
22 -18 -5 0
5 18 17 0
10 16 -7 0
-24 -10 -12 0
20 -7 -21 0
-9 21 -5 0
11 17 4 0
-27 -16 12 0
23 -13 -5 0
18 10 -8 0
23 -21 10 0
9 -13 -25 0
-12 15 27 0
-17 24 -21 0
16 27 23 0
3 -15 -10 0
6 -5 1 0
-13 3 -6 0
-27 7 15 0
4 18 -11 0
1 12 9 0
10 -16 -7 0
-25 2 8 0
11 20 -14 0
-14 -19 -20 0
-21 2 12 0
-25 15 2 0
-25 -3 21 0
-4 13 -6 0
5 -11 -19 0
-9 3 -22 0
24 -25 -13 0
-10 23 9 0
12 5 -6 0
27 -20 -23 0
7 23 -19 0
6 5 25 0
-13 17 -22 0
25 13 -2 0
3 -19 -8 0
15 -16 -3 0
