c instance by G2
c solution = 001001000010000100000110111
c Known solution cost is 6096 
p cnf 27 50
w 415 314 122 69 476 59 34 233 39 180 250 112 111 291 397 454 379 134 292 236 209 78 174 101 396 447 94
12 -21 -16 0
-24 -25 17 0
-18 9 -25 0
4 24 -17 0
19 -12 1 0
-13 3 -16 0
27 15 5 0
2 -8 18 0
14 -8 -16 0
22 -11 15 0
-18 15 -16 0
-26 -11 -2 0
5 -24 19 0
-9 -24 11 0
5 -27 16 0
-12 -26 -6 0
-6 -13 24 0
-25 -27 -20 0
-15 -22 13 0
-27 8 -7 0
9 -1 19 0
1 21 11 0
21 17 -10 0
15 -9 1 0
13 15 -14 0
19 -4 10 0
-3 -13 -27 0
-4 -9 10 0
12 3 1 0
27 17 10 0
26 18 11 0
13 6 15 0
3 -4 17 0
-2 -22 9 0
26 9 13 0
2 -9 24 0
10 14 -9 0
15 2 -1 0
18 25 10 0
15 22 4 0
4 -19 -22 0
19 -6 -8 0
17 23 -8 0
2 27 -14 0
-26 -15 -16 0
-26 -14 17 0
16 10 -8 0
25 -1 14 0
1 -5 -27 0
23 1 13 0
