c instance by G2
c solution = 000010101110001000110000011
c Known solution cost is 7192 
p cnf 27 50
w 378 204 306 47 414 428 452 168 314 125 125 397 268 320 182 61 260 23 352 353 378 367 168 409 159 196 338
18 12 -25 0
-26 20 23 0
-21 18 -7 0
23 -11 26 0
16 -14 -27 0
-1 -9 16 0
-13 3 20 0
10 17 23 0
-15 -8 26 0
22 -3 -12 0
13 -18 2 0
1 11 3 0
-12 -5 -22 0
12 -5 -21 0
-25 1 -23 0
22 -2 -25 0
13 8 -2 0
2 -6 -7 0
18 8 -24 0
-16 -5 14 0
-16 -10 -15 0
-3 -14 -15 0
22 -3 16 0
-5 -17 -18 0
20 -11 25 0
12 7 -19 0
-22 -26 13 0
18 19 -27 0
1 -27 -17 0
-12 21 -7 0
-24 -14 19 0
-21 15 14 0
22 -12 14 0
-20 9 12 0
3 15 9 0
-4 22 -10 0
9 -27 10 0
-8 16 14 0
15 24 8 0
-19 14 5 0
12 -23 -10 0
-24 21 -13 0
-10 -13 -9 0
-5 -16 -3 0
3 -1 25 0
-4 17 -24 0
23 16 27 0
-3 27 8 0
19 -18 -1 0
-16 12 6 0
