c instance by G2
c solution = 101101100011010111100100011
c Known solution cost is 6408 
p cnf 27 50
w 139 480 409 120 14 465 402 177 244 55 0 49 51 343 134 398 119 410 95 477 442 164 174 261 364 367 55
-16 14 -25 0
-2 5 -16 0
-13 -27 2 0
14 16 7 0
2 -24 16 0
-6 -1 18 0
4 -27 5 0
-22 3 -18 0
-9 -13 -8 0
6 -11 -26 0
-24 -6 25 0
4 -6 -1 0
-22 12 -1 0
-9 19 -15 0
10 -8 -14 0
-22 17 -4 0
-4 14 -7 0
-7 18 -3 0
-3 -19 -25 0
26 -8 16 0
20 26 5 0
-6 -15 -27 0
-4 -19 -20 0
-26 2 -5 0
-14 -26 19 0
-22 -10 -3 0
-11 15 1 0
11 -4 15 0
-9 8 5 0
-25 -6 20 0
26 9 10 0
16 21 25 0
22 -1 -11 0
-27 26 13 0
18 -24 9 0
-22 23 7 0
20 10 -23 0
-8 -2 -27 0
19 -27 -4 0
16 -14 -11 0
2 23 27 0
13 -21 -7 0
-3 27 -12 0
-19 -9 -6 0
19 25 22 0
-17 -16 -8 0
19 -1 -6 0
-11 -6 -5 0
-14 -5 20 0
27 11 -17 0
