c instance by G2
c solution = 110001101000001011000011010
c Known solution cost is 6654 
p cnf 27 50
w 475 250 82 196 319 291 315 180 392 441 242 208 320 379 4 326 21 407 80 104 6 454 204 388 242 235 93
-22 15 -23 0
22 23 -12 0
-26 1 7 0
17 -23 15 0
5 10 9 0
-2 13 17 0
5 6 25 0
10 5 23 0
-19 1 18 0
27 -24 23 0
13 -9 24 0
27 10 -4 0
4 26 21 0
21 13 -5 0
2 17 -15 0
11 10 -12 0
-24 -8 -18 0
21 6 11 0
15 -22 11 0
-23 9 8 0
17 -14 -27 0
-7 -18 6 0
-6 -15 -19 0
1 -6 -17 0
-14 25 23 0
-1 -20 -5 0
-10 5 -6 0
-3 25 4 0
23 -19 17 0
-9 1 -25 0
-24 -16 -9 0
20 7 -15 0
-9 -25 22 0
-13 5 21 0
-27 12 -6 0
-9 -1 2 0
3 21 -14 0
-16 1 -5 0
-19 -2 -1 0
-17 -11 20 0
27 -1 -22 0
9 -26 25 0
-25 -15 -23 0
-8 -24 4 0
15 19 16 0
18 -26 -23 0
-8 4 -27 0
25 -20 27 0
-9 11 -16 0
-21 8 -9 0
