c instance by G2
c solution = 111011110100101011100111001
c Known solution cost is 7270 
p cnf 27 50
w 158 297 80 78 400 456 234 327 417 353 172 263 123 154 105 222 216 482 469 335 176 381 90 287 341 175 479
-23 -12 7 0
21 16 6 0
-27 -4 -21 0
25 2 14 0
25 5 -10 0
26 4 -14 0
-2 -22 5 0
-15 27 24 0
5 12 26 0
-6 22 -7 0
24 20 -22 0
8 13 15 0
10 16 -15 0
20 -25 -22 0
4 -2 -20 0
25 13 -18 0
12 4 1 0
17 -22 4 0
-9 16 -8 0
-17 -18 -16 0
-23 -6 -26 0
-2 1 -4 0
12 -24 17 0
-11 -20 -10 0
15 -5 -1 0
19 9 -1 0
16 20 3 0
23 25 15 0
-27 12 -26 0
10 25 2 0
10 4 12 0
-18 -19 -12 0
3 20 -5 0
16 3 -5 0
-2 -17 -21 0
26 20 -25 0
-10 22 2 0
-18 -7 -16 0
-13 23 -18 0
-2 -11 14 0
-3 -26 9 0
27 -1 -18 0
21 7 4 0
-15 17 13 0
-4 25 -2 0
25 8 26 0
-22 3 25 0
-22 -1 7 0
9 4 13 0
-15 -6 18 0
