c instance by G2
c solution = 100010111101101001001111111
c Known solution cost is 6959 
p cnf 27 50
w 428 98 400 445 93 391 154 365 239 1 14 26 173 340 184 455 104 282 208 301 291 56 496 226 423 498 268
-7 5 25 0
2 -27 26 0
-1 5 -7 0
-4 11 -10 0
-8 -18 -6 0
10 27 -17 0
-16 5 -23 0
-21 16 24 0
-20 -25 -7 0
20 16 25 0
-25 -24 27 0
4 22 -5 0
25 -15 -20 0
12 23 27 0
-26 9 -5 0
-9 -4 -12 0
26 13 -10 0
-23 18 6 0
-22 -11 20 0
7 -21 20 0
10 -23 17 0
-15 20 -17 0
-17 -10 -1 0
-22 2 -16 0
-23 21 8 0
-27 -8 -3 0
-16 8 27 0
-21 -10 8 0
-12 -8 9 0
-5 13 -1 0
-8 16 12 0
26 -3 -2 0
-13 -19 14 0
17 1 -7 0
3 -25 -11 0
25 -7 -5 0
-18 -6 -19 0
10 4 15 0
11 17 -2 0
-17 -10 -21 0
21 17 -25 0
23 17 -13 0
17 -14 -24 0
9 8 -24 0
-20 4 -26 0
13 -22 -8 0
3 15 -13 0
26 -11 6 0
26 -10 2 0
-27 1 -20 0
