c instance by G2
c solution = 010101010101001111001110010
c Known solution cost is 5880 
p cnf 27 50
w 18 391 159 84 163 17 220 294 12 154 243 198 343 198 189 0 352 492 186 412 182 327 302 16 485 233 210
-4 -7 24 0
-22 -13 -18 0
15 22 27 0
27 17 -10 0
23 3 19 0
-19 20 -17 0
18 -12 -23 0
19 -1 9 0
6 7 -12 0
-17 -27 20 0
-13 -6 17 0
-20 -25 -3 0
-9 23 -24 0
-5 1 -8 0
-15 21 18 0
19 -3 -17 0
20 -10 8 0
26 -21 20 0
-6 13 22 0
16 -18 24 0
21 24 -18 0
11 27 21 0
-11 -8 21 0
-16 -19 23 0
21 -1 -17 0
9 -7 24 0
10 -6 1 0
9 -11 17 0
4 -6 5 0
-3 -1 19 0
14 -11 -10 0
-6 -17 -14 0
-5 -27 17 0
-21 12 5 0
-7 -12 23 0
-20 24 -18 0
-8 -1 7 0
7 3 15 0
-12 -4 -25 0
9 -13 25 0
5 -24 -6 0
19 -3 16 0
16 14 -7 0
23 21 12 0
19 -9 13 0
-19 -3 23 0
-10 1 2 0
8 1 -6 0
19 -13 -7 0
20 -24 9 0
