c instance by G2
c solution = 110010111101000100100001011
c Known solution cost is 6793 
p cnf 27 50
w 134 476 438 271 99 339 161 253 461 91 232 33 267 110 439 351 252 267 465 14 165 8 73 445 470 463 16
19 -2 17 0
-12 -25 -26 0
-27 19 -6 0
-3 -6 17 0
-22 -27 -25 0
6 4 10 0
-13 -16 -26 0
-24 -11 18 0
-8 -1 -4 0
-20 -2 21 0
-22 -27 15 0
22 18 8 0
1 9 -25 0
22 11 2 0
-10 -5 7 0
3 -9 -17 0
6 14 12 0
-1 21 12 0
-24 -17 10 0
6 26 21 0
23 -20 14 0
-3 6 -11 0
26 16 -17 0
-24 6 8 0
-14 23 3 0
-21 -1 6 0
-1 -5 -23 0
10 -1 13 0
7 -27 -1 0
-20 -14 15 0
-14 -15 -2 0
-27 3 5 0
1 -19 -12 0
-5 -16 24 0
9 21 11 0
-13 -11 3 0
-6 18 20 0
24 20 -9 0
-8 -21 18 0
27 15 23 0
18 24 15 0
-3 6 -7 0
22 -3 23 0
22 -4 -11 0
22 -26 2 0
4 -6 20 0
20 -15 -8 0
16 21 14 0
-18 17 21 0
-21 11 4 0
