c instance by G2
c solution = 101111000100101001111111001
c Known solution cost is 7948 
p cnf 27 50
w 273 351 404 51 468 230 486 161 144 398 237 8 279 321 464 384 164 308 422 398 461 277 497 265 123 1 373
-9 -24 -21 0
7 13 9 0
-3 -6 10 0
-18 -12 5 0
11 1 -5 0
15 -18 21 0
17 -8 16 0
-4 7 -8 0
24 -6 2 0
18 -22 -13 0
-4 22 -6 0
-24 1 27 0
8 5 -11 0
-1 -21 5 0
13 24 19 0
-3 -26 12 0
19 22 21 0
-23 17 -12 0
5 -23 27 0
-7 14 16 0
8 16 6 0
7 17 -14 0
-27 24 14 0
22 -5 -24 0
-24 8 20 0
-16 21 19 0
-23 -11 -21 0
1 24 10 0
-16 -19 7 0
-27 15 -1 0
-11 -3 -15 0
-23 -17 -1 0
11 19 22 0
-3 -20 -25 0
21 -7 1 0
-13 -10 15 0
6 -20 4 0
-5 23 11 0
-22 20 27 0
14 4 11 0
21 -1 9 0
3 14 -4 0
-10 -22 19 0
-8 24 -12 0
25 10 -13 0
-12 11 27 0
-23 27 24 0
26 -15 -2 0
27 17 -1 0
16 -9 11 0
