c instance by G2
c solution = 101111001100111101011100110
c Known solution cost is 6888 
p cnf 27 50
w 448 205 356 327 138 212 442 134 255 387 305 457 69 76 318 301 135 306 499 143 484 24 268 331 66 175 27
-18 -19 -13 0
-14 18 17 0
5 11 -21 0
-3 19 -11 0
17 -12 26 0
-8 -15 27 0
19 -14 26 0
16 -10 -20 0
19 24 1 0
-14 -23 -18 0
-10 -17 -21 0
-18 8 15 0
27 7 9 0
1 13 26 0
-27 -23 25 0
18 21 22 0
14 -5 -10 0
-16 5 4 0
24 -7 -19 0
-12 -4 9 0
-24 4 -14 0
13 -11 3 0
-2 -5 -21 0
-18 6 -1 0
-24 -20 -13 0
-16 13 -25 0
-7 -5 3 0
-18 24 22 0
-2 7 19 0
27 -19 23 0
27 18 8 0
-1 -9 6 0
-25 23 -12 0
7 23 10 0
-25 2 -7 0
-16 24 5 0
-18 -26 -27 0
-2 21 5 0
17 -7 6 0
-24 8 22 0
15 12 6 0
24 14 -25 0
21 -9 2 0
-4 -6 25 0
-16 18 6 0
-10 7 -17 0
3 -25 24 0
11 4 -9 0
-10 -25 20 0
24 -3 -17 0
