c instance by G2
c solution = 000000000110000100111001010
c Known solution cost is 6406 
p cnf 27 50
w 54 21 346 470 385 345 486 226 40 191 185 6 486 342 397 243 141 292 150 350 402 155 0 102 211 153 227
-10 -24 -5 0
-6 1 -24 0
-25 -11 10 0
-10 19 1 0
11 -21 22 0
-15 2 1 0
-7 19 -10 0
-24 -12 22 0
-18 -13 -1 0
26 1 25 0
-14 -21 -16 0
-20 -2 1 0
9 -19 -3 0
-23 4 5 0
27 -8 -18 0
-5 -21 -16 0
-22 -16 -21 0
-15 19 -17 0
6 23 21 0
14 -16 10 0
25 -12 -15 0
9 12 -7 0
-21 -3 -5 0
13 20 -26 0
-26 24 -13 0
-14 18 10 0
-27 21 -4 0
-1 15 4 0
16 9 12 0
14 -4 -20 0
-7 12 13 0
-18 3 22 0
-3 21 -7 0
-11 4 -9 0
9 -22 -2 0
-25 14 3 0
12 17 21 0
5 -8 4 0
10 14 -2 0
-20 4 -18 0
-16 22 -17 0
-2 -1 23 0
23 5 24 0
-17 -10 -19 0
-11 -13 -26 0
24 1 7 0
13 -16 -27 0
-5 25 12 0
11 -16 12 0
11 13 4 0
