c instance by G2
c solution = 111110011001110011011110101
c Known solution cost is 5459 
p cnf 27 50
w 58 135 80 217 382 409 17 280 28 119 399 197 83 23 247 430 247 131 441 90 380 148 2 317 95 72 432
18 -8 -25 0
-19 -12 -23 0
-26 -25 11 0
10 -21 -7 0
5 -19 -1 0
25 -1 6 0
-3 -2 -15 0
15 -3 -24 0
-26 4 6 0
8 -3 6 0
-26 -12 -24 0
-1 20 -25 0
-23 -18 13 0
-5 10 13 0
-23 13 -24 0
-27 24 1 0
4 19 -25 0
-7 16 -1 0
27 9 22 0
-25 27 11 0
-9 -23 -10 0
-8 -5 20 0
11 -5 18 0
10 11 9 0
21 26 -18 0
-16 -8 26 0
-5 -25 14 0
23 10 11 0
-4 3 -12 0
15 -13 21 0
3 16 15 0
-4 17 26 0
-7 15 23 0
16 -4 5 0
12 7 -14 0
17 -22 23 0
6 5 -18 0
20 -1 -14 0
-11 -20 -4 0
15 16 2 0
-23 -11 8 0
16 -9 -6 0
18 5 24 0
-4 -6 7 0
-27 2 -20 0
12 9 8 0
6 4 -26 0
-5 9 10 0
-3 -2 22 0
-15 -11 -26 0
