c instance by G2
c solution = 101111101100011101001001101
c Known solution cost is 6912 
p cnf 27 50
w 297 159 279 322 437 386 346 8 271 440 399 418 127 172 402 141 244 83 183 42 150 105 330 366 350 386 69
14 -3 -6 0
-21 -17 -10 0
27 -21 -8 0
15 4 6 0
25 -21 -3 0
4 12 -27 0
18 -25 -21 0
-25 19 5 0
19 5 -4 0
20 -23 -25 0
25 2 -8 0
14 11 -24 0
-19 26 -7 0
2 9 14 0
-4 22 -12 0
-5 20 27 0
-6 -14 -8 0
-23 17 -25 0
-18 10 27 0
-3 -26 -21 0
21 -18 -7 0
21 -25 2 0
-17 25 5 0
8 3 23 0
-7 -22 -18 0
-10 3 -1 0
-25 14 10 0
15 -27 -1 0
-12 -3 -14 0
20 -14 10 0
-3 -24 -17 0
-2 -9 -14 0
7 23 11 0
8 -4 -20 0
21 -12 5 0
24 -16 11 0
7 12 -4 0
18 20 -7 0
25 26 11 0
26 -13 -4 0
-10 19 16 0
-6 24 -4 0
20 9 -15 0
-16 6 2 0
-3 5 -20 0
-11 26 -6 0
-27 -20 -7 0
26 -13 -12 0
-6 1 17 0
-20 -27 -3 0
