c instance by G2
c solution = 0010010001000111010011111110101101001010
c Known solution cost is 10860 
p cnf 40 50
w 428 407 42 199 326 327 36 362 73 471 366 401 245 233 358 349 371 35 297 14 88 171 65 458 487 280 354 431 364 109 496 263 159 274 409 124 166 424 382 16
38 -23 -40 0
8 -20 33 0
-6 -30 33 0
40 28 3 0
34 12 28 0
25 -6 36 0
-34 9 -35 0
-37 31 38 0
30 20 -38 0
-6 -17 2 0
-8 35 9 0
-29 -2 -16 0
-23 36 26 0
-19 5 36 0
-10 -27 32 0
16 30 11 0
18 11 5 0
-23 16 7 0
-17 14 33 0
-12 -18 -27 0
28 36 -5 0
18 -10 3 0
-29 -32 39 0
13 -29 14 0
33 -7 17 0
-1 -18 -31 0
30 -26 29 0
33 1 15 0
6 36 -10 0
9 23 36 0
-28 1 4 0
-38 13 -16 0
8 -26 10 0
1 -26 -11 0
-22 24 -18 0
34 38 33 0
23 -40 29 0
21 30 5 0
4 -15 -8 0
-19 -4 13 0
38 -33 -29 0
-10 27 -4 0
-38 10 -1 0
-14 37 28 0
-29 17 -4 0
30 27 -21 0
-13 36 2 0
-9 -37 28 0
-36 19 -6 0
22 8 -29 0
