c instance by G2
c solution = 1011011111111001001110101011000111000010
c Known solution cost is 9730 
p cnf 40 50
w 456 300 241 48 35 353 294 122 233 67 231 353 254 464 198 280 75 169 263 322 180 129 114 138 348 335 342 444 21 223 153 391 40 333 454 479 299 62 129 358
-10 -28 39 0
30 11 31 0
34 18 -9 0
-32 -28 -35 0
38 32 -23 0
-31 29 -23 0
37 22 -38 0
8 24 -11 0
-17 40 18 0
-7 35 -24 0
-11 -39 10 0
-23 13 21 0
40 21 -23 0
15 -26 -21 0
-36 -38 -24 0
-11 19 -21 0
-5 -6 -4 0
-16 31 -36 0
16 -8 -23 0
-1 20 15 0
18 2 3 0
-23 17 -30 0
-37 31 -12 0
27 22 -9 0
37 7 -19 0
36 10 -40 0
-10 -9 33 0
-28 -14 -12 0
12 30 -32 0
-5 -19 12 0
1 -32 -19 0
-27 -33 -29 0
29 -12 23 0
28 -11 -13 0
25 32 30 0
28 -17 -7 0
36 -22 2 0
9 -10 38 0
-22 -25 -27 0
-18 -20 22 0
-1 25 -4 0
-3 13 -6 0
30 6 -11 0
-39 35 4 0
-2 -25 -28 0
5 -4 -40 0
-1 23 12 0
-24 35 -10 0
-32 23 38 0
-25 18 -15 0
