c instance by G2
c solution = 1111111000000100101011110101110000011100
c Known solution cost is 11624 
p cnf 40 50
w 333 499 395 176 304 122 416 236 249 150 416 43 488 419 147 323 173 247 330 20 461 395 345 20 160 429 24 278 222 344 213 471 154 216 444 457 323 467 274 441
20 -21 -8 0
-21 28 -7 0
33 20 -35 0
-2 6 -22 0
33 -11 -2 0
21 36 -17 0
12 -2 24 0
29 20 -37 0
12 27 21 0
18 22 -3 0
20 33 1 0
-36 38 40 0
16 39 26 0
-38 37 -22 0
20 -15 -22 0
15 -13 -30 0
3 -28 11 0
4 -6 31 0
31 19 -2 0
-40 20 34 0
-33 27 31 0
-38 12 37 0
-25 34 -28 0
10 -19 -31 0
-18 40 20 0
32 17 31 0
-38 9 14 0
35 -6 -32 0
23 13 12 0
-12 -20 16 0
-18 14 8 0
-37 -20 25 0
5 -22 -28 0
-24 2 31 0
-3 -7 4 0
-16 13 -37 0
32 7 -38 0
35 -34 -5 0
-39 16 -29 0
-10 34 -38 0
-1 30 10 0
14 28 31 0
-22 1 13 0
-29 -3 36 0
-25 -8 -33 0
11 -26 -12 0
18 -9 10 0
10 -27 35 0
12 -33 26 0
9 3 19 0
