c instance by G2
c solution = 1001100110000111110100011001000001010110
c Known solution cost is 10331 
p cnf 40 50
w 100 184 119 53 172 279 357 406 121 144 181 55 44 233 120 385 386 484 200 92 371 483 174 428 463 495 389 24 256 161 238 98 487 338 382 193 193 248 422 373
-31 -15 11 0
-24 -9 -12 0
5 -34 7 0
-23 -38 6 0
-13 -38 18 0
30 -22 -9 0
38 3 -33 0
11 24 30 0
22 -29 -25 0
35 29 16 0
18 -39 -9 0
-18 -1 -29 0
30 29 38 0
11 -32 22 0
-17 -4 -6 0
31 -25 20 0
31 -2 33 0
37 -4 -21 0
-18 -26 7 0
28 -14 -1 0
29 -10 -17 0
39 27 33 0
-5 -13 35 0
-38 8 -39 0
31 -27 33 0
11 -15 25 0
-34 -5 -11 0
-15 4 30 0
12 34 11 0
-9 3 -40 0
-36 5 -39 0
36 -4 2 0
-9 2 34 0
32 30 -35 0
-34 -30 21 0
19 8 10 0
-17 33 -3 0
-25 23 -7 0
11 9 8 0
-39 23 -19 0
3 1 11 0
14 7 23 0
17 -16 -8 0
15 27 -38 0
2 -12 6 0
-24 18 37 0
-33 29 30 0
22 -37 10 0
20 32 -37 0
9 6 -25 0
