c instance by G2
c solution = 0111111111111111010000110010101100010111
c Known solution cost is 9633 
p cnf 40 50
w 87 6 376 287 499 223 424 198 457 243 35 427 281 180 40 17 179 472 117 52 231 171 433 159 458 239 141 221 174 162 297 481 288 4 197 381 143 312 244 297
30 -10 7 0
33 -19 -14 0
-12 13 -32 0
-38 -39 23 0
-13 25 8 0
30 -15 -35 0
28 -8 -30 0
20 30 3 0
-38 40 -36 0
11 -27 -38 0
-4 -8 -20 0
-37 -10 -40 0
-15 29 -32 0
15 -36 28 0
-13 33 16 0
37 -34 26 0
-10 -6 2 0
9 33 -38 0
24 -5 26 0
37 31 -27 0
21 16 36 0
37 -13 38 0
-28 9 12 0
-27 -1 21 0
26 -15 12 0
26 -21 -23 0
-38 -31 6 0
15 24 -39 0
35 38 -16 0
-4 28 -20 0
14 28 -13 0
32 -9 -12 0
-40 -22 -12 0
-6 -26 -15 0
-11 -28 -6 0
-34 9 -35 0
5 -2 -18 0
-3 26 10 0
-33 -11 37 0
34 -10 -25 0
-2 -36 12 0
26 28 39 0
27 -16 -12 0
-17 -38 -24 0
36 34 21 0
-14 23 -39 0
39 -7 37 0
-24 19 18 0
21 12 2 0
-23 4 -7 0
