c instance by G2
c solution = 1100011110100111111100000111000000110111
c Known solution cost is 10214 
p cnf 40 50
w 470 181 184 334 28 312 158 312 467 284 372 246 306 35 376 146 471 97 162 131 179 63 35 232 121 213 472 331 491 279 374 409 438 14 23 254 82 381 483 268
-16 30 39 0
10 2 -9 0
-27 1 -14 0
34 6 4 0
10 26 13 0
-18 -24 23 0
-13 37 29 0
-21 -6 -39 0
-19 27 -20 0
36 -16 3 0
-35 -28 7 0
-18 23 -22 0
39 18 17 0
-6 9 25 0
20 -38 -31 0
40 -6 -28 0
-17 -3 -26 0
-28 -26 -23 0
-10 24 29 0
38 23 -20 0
32 35 -11 0
38 39 18 0
14 10 -20 0
-8 23 -37 0
23 -32 -2 0
32 -30 -22 0
-8 -9 19 0
21 -7 16 0
-23 -20 33 0
13 -29 -19 0
-1 -9 -30 0
6 4 -23 0
-27 22 15 0
13 -25 -40 0
23 11 10 0
-20 -4 -8 0
-11 -18 -33 0
5 21 -31 0
4 -34 -7 0
-10 -30 19 0
-5 -2 -40 0
-15 18 -27 0
-26 17 -38 0
-38 33 8 0
10 -4 -38 0
20 -27 -38 0
31 -9 -12 0
5 28 -2 0
-35 26 -1 0
23 1 15 0
