c instance by G2
c solution = 1000011010110011010011101001100001001000
c Known solution cost is 9549 
p cnf 40 50
w 240 349 120 35 351 464 47 144 313 211 456 70 138 392 287 249 370 344 289 265 317 95 42 491 223 110 407 307 102 108 185 60 289 108 165 328 230 386 296 166
-25 36 -4 0
-5 39 4 0
-22 -32 40 0
36 -20 -1 0
-7 -20 -37 0
23 20 -14 0
29 -21 39 0
22 -7 -15 0
32 28 19 0
11 31 -4 0
-21 -34 -36 0
14 -21 15 0
16 -23 -7 0
23 35 -11 0
24 -25 21 0
-40 38 -29 0
33 -30 -29 0
39 -21 -36 0
3 -15 -24 0
-1 -15 -31 0
-23 9 40 0
33 30 -13 0
-23 -3 27 0
-38 33 -6 0
13 24 7 0
-37 -17 -9 0
-19 35 -16 0
-6 -22 -10 0
40 -29 -33 0
-25 -14 30 0
-28 37 13 0
10 -14 -11 0
36 13 11 0
3 18 -9 0
-8 3 33 0
4 -15 -39 0
36 -18 -19 0
3 22 14 0
1 -16 31 0
19 25 -23 0
-35 30 -18 0
6 -37 -22 0
-26 -37 -23 0
-37 34 -29 0
26 37 35 0
13 -27 -12 0
10 16 35 0
40 29 8 0
36 -2 24 0
10 12 19 0
