c instance by G2
c solution = 0000101001000011111001101010001010111100
c Known solution cost is 10110 
p cnf 40 50
w 21 433 210 421 419 262 253 152 350 243 476 10 127 330 15 495 364 324 108 323 266 39 198 265 132 56 484 470 42 213 126 23 360 226 475 397 225 111 450 216
-31 19 32 0
25 28 -18 0
10 21 6 0
28 34 -4 0
-15 -21 -7 0
23 -12 17 0
37 -7 6 0
18 26 35 0
-11 8 -37 0
-8 -18 -17 0
4 28 -30 0
-27 7 -23 0
9 -19 -34 0
-25 -18 23 0
-7 -10 -30 0
24 35 39 0
-3 6 2 0
-1 14 -37 0
-19 -10 -39 0
-25 27 -15 0
-37 -2 -23 0
-35 25 40 0
-36 -19 -29 0
37 21 -9 0
5 40 20 0
-29 -10 38 0
15 -21 40 0
30 -40 8 0
16 29 -7 0
31 20 -16 0
3 -14 32 0
35 20 -13 0
8 23 40 0
21 -15 -28 0
22 40 -38 0
-5 1 -12 0
-26 13 20 0
-10 40 33 0
1 40 -20 0
-18 -17 -24 0
29 -6 -38 0
-25 18 9 0
32 36 -35 0
-16 -32 39 0
2 -13 39 0
17 12 24 0
24 -15 -9 0
-19 14 15 0
-22 -24 7 0
-25 2 38 0
