c instance by G2
c solution = 1011010111100011001001100000000110001111
c Known solution cost is 7742 
p cnf 40 50
w 59 26 59 133 199 490 436 53 106 321 376 139 192 320 13 158 49 403 73 284 330 35 65 152 93 349 66 467 327 181 218 246 155 0 43 389 215 280 137 105
-8 30 11 0
-30 -3 12 0
-32 36 38 0
32 5 -15 0
-12 14 -32 0
-12 22 19 0
-10 21 -35 0
24 35 -18 0
12 1 -40 0
29 -11 -24 0
37 -7 -14 0
7 23 -10 0
-29 14 -9 0
-14 -10 -32 0
-23 9 -16 0
16 7 13 0
-5 -6 26 0
35 -29 7 0
-19 25 32 0
-21 17 -3 0
-29 14 23 0
10 -38 17 0
14 -28 -10 0
-33 -23 -25 0
-27 -39 7 0
9 -29 -13 0
4 -37 25 0
15 5 30 0
-32 -1 -13 0
-10 27 -20 0
29 -7 35 0
22 -8 27 0
-17 -4 -22 0
39 30 5 0
-17 -10 36 0
2 19 -23 0
-31 -10 -38 0
-33 36 -34 0
-15 3 27 0
-1 -22 -13 0
33 -37 24 0
26 24 8 0
-40 7 37 0
11 37 30 0
7 -11 40 0
7 -36 -32 0
20 12 -26 0
-7 39 -17 0
35 6 -15 0
5 17 -2 0
