c instance by G2
c solution = 0001101010110100001010101100010110100001
c Known solution cost is 12027 
p cnf 40 50
w 129 473 115 97 27 396 402 313 21 1 452 77 342 441 388 303 123 350 367 457 38 64 261 365 485 342 322 360 245 302 470 483 320 422 445 398 420 181 449 381
18 12 -25 0
28 -6 -9 0
-35 8 -24 0
-22 23 8 0
4 38 1 0
10 -11 -3 0
24 15 -8 0
-23 -17 14 0
33 -23 -12 0
2 22 11 0
14 -26 17 0
21 -14 17 0
-15 -2 -7 0
33 -9 5 0
-14 9 29 0
32 15 -11 0
6 -38 3 0
-7 37 25 0
22 -33 -13 0
5 -32 22 0
-17 -10 32 0
24 23 -19 0
18 37 26 0
10 34 -36 0
-22 -21 -40 0
-25 -4 -27 0
-15 3 -12 0
17 -1 -25 0
6 -29 -21 0
-2 28 -5 0
9 -3 33 0
38 -26 -34 0
-16 -35 22 0
6 35 29 0
36 31 -29 0
-40 29 -28 0
18 2 30 0
19 15 31 0
19 -21 6 0
-18 -40 2 0
-9 24 -3 0
-12 -17 28 0
29 -39 20 0
-20 -40 -9 0
40 34 -14 0
39 36 -31 0
-8 12 -10 0
-25 -37 29 0
8 7 -30 0
36 15 -10 0
