c instance by G2
c solution = 0111010110100101001011011011100101101000
c Known solution cost is 11258 
p cnf 40 50
w 323 103 340 300 384 232 393 493 385 148 269 174 323 270 146 112 488 189 370 457 304 376 279 187 158 405 483 172 333 91 171 110 156 341 333 112 221 332 481 314
-2 6 31 0
36 19 23 0
26 -8 14 0
-34 -20 36 0
-3 -17 -4 0
36 10 21 0
39 -38 7 0
-14 5 -10 0
35 28 -5 0
1 -21 16 0
-30 20 -22 0
27 -6 -12 0
-14 39 -36 0
8 -6 24 0
22 13 -19 0
26 -19 27 0
-37 -9 6 0
-1 20 -19 0
11 7 -22 0
13 37 -2 0
23 -7 5 0
-29 8 -24 0
40 -15 -22 0
16 -21 12 0
5 28 -8 0
14 11 26 0
-32 26 9 0
29 -8 10 0
29 -11 -21 0
13 2 -11 0
-2 -32 -5 0
-22 40 4 0
-25 38 -40 0
-4 5 34 0
40 7 35 0
-25 -12 31 0
-23 -21 5 0
15 -31 20 0
6 -35 -4 0
25 -3 -16 0
-13 -27 -32 0
-19 3 30 0
-19 -22 -20 0
24 5 20 0
-2 -18 17 0
-27 33 -20 0
-21 12 32 0
-25 -33 -9 0
-26 15 18 0
-35 23 -39 0
