c instance by G2
c solution = 0010111101111000100100011110001110000010
c Known solution cost is 10304 
p cnf 40 50
w 242 364 425 79 210 377 166 374 66 382 126 424 235 406 391 288 104 432 198 273 369 347 22 35 374 329 40 478 35 193 410 480 10 416 175 260 100 181 201 287
16 -40 37 0
-12 18 -34 0
5 -10 35 0
35 8 4 0
8 -24 -30 0
-17 -21 29 0
-16 -24 -7 0
-33 -15 9 0
-12 -37 -10 0
-35 22 -10 0
11 19 38 0
40 -24 -2 0
21 7 -12 0
32 18 -13 0
-39 30 20 0
2 12 -15 0
-17 -27 -4 0
-6 34 -23 0
19 -6 -14 0
19 2 3 0
-20 -1 15 0
26 -13 -17 0
-11 6 -5 0
2 12 36 0
36 -30 -10 0
-29 1 9 0
33 37 15 0
16 24 40 0
1 9 27 0
5 25 -24 0
-15 -12 19 0
22 36 39 0
-28 30 -3 0
25 -39 -6 0
29 38 17 0
36 -38 1 0
-17 10 28 0
-13 -36 35 0
-11 13 -32 0
-16 -17 -28 0
16 -40 -12 0
-40 25 -6 0
-8 -36 28 0
-31 -19 4 0
-18 -25 16 0
2 -22 -6 0
-31 -40 -8 0
-31 -17 -9 0
40 7 -2 0
31 38 -26 0
