c instance by G2
c solution = 1000111000001100011111111100110101111111
c Known solution cost is 8233 
p cnf 40 50
w 437 384 276 138 452 209 366 451 71 53 37 16 338 47 122 25 35 19 111 266 218 392 280 205 136 18 101 304 161 486 115 392 329 366 129 338 17 131 40 222
38 8 31 0
4 20 -22 0
-19 23 11 0
3 -32 22 0
33 -3 -38 0
-36 -9 27 0
-8 -36 -1 0
17 -27 3 0
10 -13 23 0
9 -34 6 0
4 -31 -39 0
-5 -1 -28 0
-14 26 -34 0
4 -24 19 0
-18 35 16 0
-18 -4 9 0
-1 5 4 0
33 -11 17 0
4 -2 16 0
-25 -38 -31 0
-38 8 -28 0
31 14 -6 0
-38 -13 -4 0
4 20 -27 0
-32 -21 -12 0
7 33 -38 0
37 -18 -28 0
-35 -4 -6 0
-12 -1 27 0
-25 3 -10 0
2 -35 40 0
13 2 -37 0
-34 -35 -17 0
39 -34 8 0
-21 26 30 0
1 -7 -22 0
4 -18 24 0
-6 36 -26 0
4 -30 29 0
32 -18 9 0
25 28 11 0
-32 -22 21 0
9 -25 34 0
-24 -16 -25 0
-6 -15 31 0
27 37 -30 0
-34 25 -16 0
12 -33 -14 0
-24 -21 18 0
-35 30 3 0
