c instance by G2
c solution = 0101011101110101011000001010001011111010
c Known solution cost is 10075 
p cnf 40 50
w 301 226 29 366 180 105 52 148 426 483 491 305 140 341 110 24 373 53 301 379 167 379 402 489 188 486 308 305 316 203 44 246 189 104 198 306 319 376 38 179
-1 23 -7 0
-31 -23 21 0
-22 -17 -16 0
18 26 -7 0
-10 -32 30 0
34 28 9 0
-19 -37 -26 0
8 -31 15 0
-37 33 25 0
14 32 -12 0
-36 -25 -9 0
-13 -8 -33 0
31 -20 -15 0
3 -14 -40 0
4 18 24 0
11 6 22 0
-37 12 28 0
21 34 29 0
9 -38 -11 0
35 -27 -2 0
23 -12 11 0
-25 -27 -17 0
21 36 23 0
-11 4 -33 0
-16 27 -4 0
-33 17 39 0
-34 26 14 0
25 -8 -39 0
37 -25 38 0
22 40 -29 0
-5 13 32 0
-1 -19 -6 0
1 -30 -18 0
19 -7 -27 0
-24 -8 32 0
-11 33 -37 0
17 7 22 0
32 23 31 0
2 -10 32 0
-7 22 6 0
18 -2 -11 0
30 -25 -21 0
5 -27 -20 0
16 -18 1 0
-3 38 -7 0
-28 -33 -19 0
-18 28 -15 0
-6 -12 -22 0
-33 20 -9 0
26 28 10 0
