c instance by G2
c solution = 1110101000000010100011010110111100100111
c Known solution cost is 9746 
p cnf 40 50
w 404 303 485 331 61 84 237 62 398 173 142 284 193 254 205 25 469 0 451 100 348 48 43 430 150 395 470 298 437 246 466 221 4 72 24 27 472 391 269 274
14 -10 -7 0
-8 38 -17 0
-14 16 -7 0
28 -24 38 0
40 36 9 0
-15 31 -39 0
-2 -16 34 0
-26 -5 -20 0
-39 32 20 0
-3 2 18 0
-11 -31 7 0
16 19 29 0
-3 6 27 0
37 14 1 0
-23 9 10 0
-12 -29 -31 0
3 14 13 0
-38 4 17 0
4 -13 23 0
9 36 -19 0
29 35 40 0
-6 -15 -26 0
9 16 -4 0
-33 -35 13 0
35 -15 16 0
-11 -22 20 0
7 -29 12 0
-25 -2 -21 0
-32 34 -8 0
-24 -19 23 0
22 -30 4 0
4 12 5 0
-22 3 33 0
21 10 20 0
6 -27 39 0
-17 -18 -21 0
37 -9 -3 0
-38 22 21 0
-28 13 -27 0
2 -7 -29 0
-7 -17 15 0
-22 -2 -37 0
-10 -13 -32 0
23 -35 26 0
11 9 30 0
-18 13 23 0
36 6 24 0
12 30 18 0
23 37 -34 0
-36 19 -22 0
