c instance by G2
c solution = 0101011110101001001110100010001111110111
c Known solution cost is 9393 
p cnf 40 50
w 421 218 412 263 286 188 297 43 208 65 266 72 102 42 425 75 459 316 452 177 46 129 220 83 392 425 146 281 206 252 386 305 256 65 304 318 5 450 116 221
29 32 -38 0
29 37 -25 0
-15 14 -6 0
13 -34 -9 0
-12 28 -23 0
30 17 40 0
-24 -6 -31 0
-14 28 37 0
-11 38 -21 0
-4 5 34 0
5 -7 -29 0
-16 -9 -18 0
18 -7 6 0
-29 -27 18 0
-23 -16 36 0
-36 12 9 0
22 -40 11 0
-12 -27 26 0
-28 -4 -11 0
12 -35 -37 0
-5 27 -21 0
12 27 30 0
-21 2 -34 0
8 -9 -27 0
26 7 -27 0
18 16 -31 0
7 18 -28 0
17 18 -26 0
22 31 14 0
-5 -32 -16 0
-30 18 28 0
21 -38 -9 0
10 -6 -17 0
-1 12 -4 0
35 14 12 0
1 -35 23 0
30 -28 17 0
26 39 29 0
24 -37 -30 0
18 -19 -3 0
-8 19 -20 0
4 3 25 0
33 -34 -4 0
15 -1 14 0
-18 -16 37 0
31 8 -11 0
37 -38 -3 0
-2 -23 -10 0
14 -4 -22 0
5 14 20 0
