c instance by G2
c solution = 0110011100011001000001110010010101011
c Known solution cost is 8872 
p cnf 37 50
w 98 257 64 243 228 248 471 391 345 297 76 299 328 89 69 208 64 290 201 81 40 481 313 71 287 173 468 402 389 180 226 128 290 139 216 352 370
18 -11 -16 0
33 -16 -17 0
-1 -32 28 0
20 -13 -5 0
-6 -14 -10 0
9 11 -1 0
-36 35 13 0
16 15 23 0
4 -24 -35 0
-8 -30 -18 0
20 31 -4 0
-3 16 -7 0
6 26 31 0
19 25 24 0
-30 -21 14 0
-19 33 -36 0
-29 -37 14 0
25 36 13 0
-28 18 -37 0
-34 2 -37 0
21 16 10 0
15 -25 -36 0
15 -10 -2 0
15 27 9 0
-2 26 32 0
-24 22 5 0
-3 -15 18 0
26 37 9 0
-14 -9 3 0
7 21 16 0
-22 -16 7 0
-32 -36 30 0
-26 15 -32 0
-20 9 -22 0
-22 36 20 0
12 -36 -2 0
-17 29 -3 0
-31 19 -30 0
34 5 -27 0
-6 1 2 0
11 26 -9 0
10 -36 6 0
23 17 26 0
-10 30 33 0
8 29 19 0
-30 7 -2 0
29 -36 -14 0
31 10 22 0
29 -37 3 0
-24 14 -33 0
