c instance by G2
c solution = 0101111001111111101100101101101111111
c Known solution cost is 8622 
p cnf 37 50
w 217 85 61 200 404 114 221 51 294 162 393 176 319 483 315 0 110 208 149 157 174 107 466 323 352 217 169 385 160 402 461 142 312 107 64 409 253
-35 31 -36 0
-24 3 -19 0
-11 5 34 0
-6 -20 28 0
3 -19 7 0
-14 10 27 0
-25 13 -16 0
-11 -8 -23 0
-32 -22 -31 0
29 22 -16 0
-29 -9 -36 0
26 -19 21 0
-4 -19 2 0
-6 -17 14 0
33 -7 3 0
-26 -6 2 0
-11 -16 5 0
25 3 -14 0
11 -26 6 0
22 35 -7 0
-33 -5 20 0
19 1 -4 0
-30 4 14 0
-14 22 -1 0
-34 16 35 0
17 -5 -14 0
-36 10 -13 0
-26 18 16 0
27 25 -13 0
24 -29 37 0
4 -31 21 0
23 30 -16 0
-23 27 11 0
-25 -18 -16 0
20 21 1 0
-21 -34 -11 0
-7 -27 18 0
-17 -23 34 0
-33 -4 -3 0
-14 -13 -30 0
-24 -36 -32 0
-34 15 9 0
34 14 -17 0
29 -36 30 0
12 21 24 0
2 -5 32 0
32 -19 -26 0
21 36 -4 0
-25 18 6 0
6 -20 -15 0
