c instance by G2
c solution = 1101110111100011011001100110010010101
c Known solution cost is 9725 
p cnf 37 50
w 69 467 424 203 246 158 187 344 366 379 167 111 230 493 358 141 495 16 284 145 141 118 22 292 347 242 365 380 351 232 451 474 422 82 179 121 223
-32 5 30 0
33 -22 25 0
-16 15 -8 0
21 13 37 0
-12 -22 31 0
-17 -32 -2 0
23 24 -1 0
9 7 -16 0
-36 17 21 0
32 -21 29 0
-22 -17 -6 0
-27 -6 2 0
36 28 -32 0
22 -16 29 0
-18 -31 3 0
-19 11 -30 0
-22 -30 26 0
-10 -3 -19 0
-30 -13 -22 0
-23 -30 -21 0
-8 -7 -22 0
14 -11 8 0
27 34 29 0
-33 -25 17 0
-37 -20 29 0
-23 4 21 0
24 32 35 0
28 1 -18 0
-23 18 20 0
1 10 -26 0
16 -22 12 0
-6 11 31 0
15 -9 -18 0
10 -15 12 0
-13 25 -5 0
-15 -31 25 0
-16 -29 -23 0
-37 19 -26 0
18 37 -13 0
5 -11 28 0
17 36 6 0
-34 -19 31 0
-30 -28 14 0
28 -23 -7 0
13 -23 22 0
-30 25 -14 0
13 33 -4 0
-24 -35 28 0
30 -10 -22 0
-13 -32 -21 0
