c instance by G2
c solution = 1000010001011110011010011111111001010
c Known solution cost is 9013 
p cnf 37 50
w 218 461 125 355 45 452 297 358 4 338 398 86 319 10 127 144 453 2 484 302 143 437 345 131 331 196 145 132 150 126 95 382 306 490 133 59 434
8 -33 -6 0
28 32 -13 0
3 -17 5 0
-12 22 -4 0
-6 -20 23 0
11 -22 -25 0
20 22 18 0
-14 34 16 0
-20 -32 -34 0
-28 -32 -1 0
-1 31 -22 0
-37 -13 -12 0
-26 6 28 0
11 25 -31 0
9 -28 19 0
-3 -21 35 0
-21 16 -23 0
-20 36 -16 0
16 30 -25 0
-31 10 -14 0
22 -6 -2 0
14 -34 -28 0
-19 12 -29 0
19 2 11 0
11 27 3 0
23 -30 -7 0
33 20 15 0
-4 -21 2 0
-28 -6 -8 0
-19 16 25 0
-16 9 7 0
29 -30 -10 0
-18 -29 14 0
-5 -21 37 0
6 -34 -10 0
-14 2 -11 0
21 6 37 0
32 22 -35 0
-26 36 35 0
-18 -21 1 0
5 -11 -19 0
-18 -27 26 0
-19 24 16 0
-25 -27 -9 0
3 33 -7 0
20 31 3 0
25 -17 -30 0
21 -1 32 0
21 15 -23 0
16 13 -27 0
