c instance by G2
c solution = 1011110100011101110010101000010101100
c Known solution cost is 7821 
p cnf 37 50
w 485 151 154 104 297 159 68 226 22 107 325 21 209 298 489 356 150 51 405 76 214 226 55 360 330 244 40 227 370 251 68 209 460 181 236 34 163
-3 -11 -34 0
-25 33 5 0
15 -36 -4 0
17 33 -27 0
36 -17 -7 0
-6 -4 -27 0
-30 -27 31 0
23 26 27 0
-21 -13 -11 0
-32 31 -15 0
29 17 -25 0
6 37 -11 0
31 18 22 0
-28 -30 25 0
4 15 11 0
2 34 -1 0
-23 -2 28 0
-4 -37 9 0
17 7 23 0
-25 7 30 0
-14 -31 2 0
2 35 -18 0
37 24 14 0
24 25 -14 0
-5 6 33 0
23 10 27 0
-14 33 16 0
12 31 19 0
-22 -10 -13 0
-32 3 21 0
31 -6 -28 0
37 -18 -26 0
-30 -24 20 0
-33 -1 -25 0
19 3 -18 0
7 8 -32 0
-5 -9 -17 0
-32 17 -35 0
-12 -30 -29 0
-30 1 -18 0
32 37 2 0
-19 28 20 0
-6 10 -20 0
8 7 22 0
-4 6 31 0
2 13 -8 0
9 -13 -10 0
-14 21 -13 0
-22 -16 -21 0
-12 20 -37 0
