c instance by G2
c solution = 1010000111011101001100110110010010100
c Known solution cost is 9723 
p cnf 37 50
w 165 345 251 22 253 64 269 474 431 486 346 278 141 76 37 225 274 203 491 369 164 438 408 366 419 283 186 107 45 37 296 201 302 133 419 268 451
26 -17 -33 0
-8 -21 5 0
37 -12 -34 0
10 31 15 0
-8 12 -27 0
22 5 35 0
29 -11 -35 0
-7 25 -37 0
30 11 -24 0
-30 4 -18 0
29 1 37 0
-37 21 34 0
4 -26 -15 0
-29 -24 35 0
11 -6 25 0
2 -7 -9 0
-4 -35 15 0
-5 -19 17 0
28 -35 -25 0
-26 24 -14 0
-11 4 6 0
11 -29 -30 0
23 13 2 0
-14 -31 -19 0
25 -22 -13 0
1 10 26 0
7 23 21 0
19 -20 -10 0
-18 5 -15 0
22 2 -36 0
22 27 -35 0
5 -28 34 0
13 15 -35 0
12 -27 -9 0
6 19 -24 0
26 31 28 0
8 -19 31 0
5 -8 3 0
9 15 -12 0
16 -9 -10 0
-15 -13 -27 0
-19 14 11 0
-2 -20 11 0
-18 13 -12 0
-14 6 -17 0
5 7 -32 0
-1 -35 20 0
-37 21 7 0
-7 -36 -31 0
-13 5 33 0
