c instance by G2
c solution = 0001010111111101011111000000111110101
c Known solution cost is 8791 
p cnf 37 50
w 5 179 459 28 476 69 495 188 311 244 156 183 199 491 60 97 440 90 119 328 20 54 130 304 429 400 124 342 326 88 168 79 367 444 294 119 486
19 -37 17 0
-9 29 -18 0
12 -24 21 0
22 -12 -18 0
12 1 -29 0
-32 -11 -15 0
-1 -12 -16 0
-14 31 -13 0
37 -12 34 0
-24 -8 -31 0
5 31 19 0
-11 18 -35 0
-20 -34 -31 0
-33 4 23 0
-20 28 13 0
-11 -6 37 0
21 -29 -8 0
35 -12 -6 0
27 -35 22 0
20 -10 -6 0
8 -5 15 0
-17 24 -9 0
27 25 32 0
-21 16 26 0
-12 -26 10 0
-12 -11 9 0
2 -6 -25 0
-22 -14 8 0
15 30 24 0
11 -19 -37 0
-26 -12 -8 0
-13 12 -22 0
-15 25 -22 0
-4 7 -3 0
26 20 -29 0
-27 15 -8 0
-13 -7 1 0
17 1 -23 0
-37 10 7 0
-32 -1 9 0
-9 -36 25 0
-30 14 15 0
-21 -24 -22 0
12 34 -24 0
23 -2 1 0
-5 15 -16 0
27 33 7 0
-32 18 1 0
-16 6 -18 0
-16 -22 -28 0
