c instance by G2
c solution = 1010100110100100110100111110101010110
c Known solution cost is 9000 
p cnf 37 50
w 119 435 312 461 201 436 293 84 251 492 465 20 5 454 162 115 484 196 160 163 478 73 281 476 1 371 489 152 200 104 112 225 239 26 75 18 372
-31 14 12 0
25 28 -33 0
-35 -12 36 0
34 -33 36 0
29 22 12 0
31 -20 34 0
20 -33 -1 0
-26 4 -21 0
17 21 -11 0
-11 -21 30 0
-35 34 -12 0
5 4 28 0
13 35 -18 0
-7 -17 15 0
-24 10 11 0
9 37 13 0
-10 31 -20 0
-29 -15 17 0
22 -31 26 0
-3 1 -29 0
35 37 6 0
27 -9 37 0
10 -26 -19 0
-25 -18 33 0
-30 -8 13 0
-11 2 -15 0
24 -12 -18 0
-28 -8 10 0
7 -2 32 0
37 -22 -25 0
-23 6 8 0
-37 -9 -5 0
-5 -23 24 0
-29 -25 -10 0
-20 -35 23 0
14 -28 -21 0
35 -23 -31 0
-34 -4 -19 0
-16 21 28 0
20 21 -11 0
-29 4 18 0
-15 -20 13 0
-29 7 -32 0
-34 32 -14 0
-29 -22 31 0
22 23 12 0
-6 -31 28 0
-1 3 -24 0
-4 -27 -3 0
21 -13 -27 0
