c instance by G2
c solution = 1110100101001110110110110110010111100
c Known solution cost is 10571 
p cnf 37 50
w 479 186 247 213 41 367 487 383 6 486 384 330 483 323 415 329 450 472 45 143 164 125 31 225 191 116 110 366 138 468 198 216 445 224 465 323 497
37 -29 -32 0
19 -37 28 0
31 -33 -11 0
26 -13 3 0
-35 7 -4 0
31 -17 27 0
11 -22 -3 0
17 16 29 0
-33 4 -28 0
-13 15 -23 0
22 -6 13 0
-3 26 -17 0
37 -25 -3 0
-9 -5 -23 0
-23 24 22 0
14 -32 -8 0
-26 17 -23 0
-34 19 10 0
-21 -26 13 0
-31 -34 -2 0
-25 -33 -3 0
22 7 17 0
15 -2 11 0
21 -24 20 0
-6 -3 -24 0
11 -33 8 0
30 12 36 0
-10 13 31 0
-18 -3 8 0
-20 22 2 0
-12 -8 -34 0
1 7 11 0
-12 -15 -17 0
2 -35 36 0
-27 -19 25 0
-35 23 19 0
-23 3 -13 0
-34 12 32 0
-24 37 -16 0
-33 5 -32 0
-5 -34 35 0
18 -8 19 0
-30 -11 21 0
-22 36 -15 0
21 -10 29 0
20 28 -34 0
34 -13 -26 0
6 -30 -36 0
-8 33 -24 0
16 9 -7 0
