c instance by G2
c solution = 0000100101101011001100111000100101011
c Known solution cost is 6793 
p cnf 37 50
w 155 14 269 185 122 104 121 362 89 241 13 32 467 437 367 118 18 6 495 248 97 367 105 85 108 295 128 426 118 196 232 101 108 5 136 128 295
-10 -22 17 0
22 24 -18 0
-17 12 18 0
-35 -25 -36 0
2 3 34 0
25 17 -30 0
-36 9 -3 0
-32 -24 23 0
-2 7 -15 0
20 23 -5 0
-33 -36 7 0
29 27 12 0
-9 -16 -19 0
35 32 22 0
22 30 15 0
-12 1 21 0
26 16 17 0
25 -32 -17 0
7 26 -27 0
3 17 -7 0
-36 34 26 0
36 -4 28 0
-14 1 -25 0
20 -19 -10 0
12 14 -26 0
-32 -2 -5 0
14 31 25 0
-8 5 33 0
-23 3 -14 0
19 3 4 0
31 -24 -28 0
24 18 -32 0
-30 31 -34 0
-22 11 -35 0
-18 -20 -19 0
-6 -36 26 0
17 14 -21 0
-37 27 25 0
-12 18 22 0
36 3 26 0
-10 17 -1 0
13 -20 9 0
2 37 31 0
-25 -31 -32 0
30 -4 33 0
14 18 8 0
30 10 -25 0
-3 2 -27 0
3 30 36 0
17 -20 11 0
