c instance by G2
c solution = 0011010000101011100101001001100000101
c Known solution cost is 8340 
p cnf 37 50
w 65 221 44 218 153 273 366 107 201 62 312 177 303 359 278 494 383 461 237 395 122 122 22 369 125 103 294 364 62 10 465 97 282 477 65 18 234
16 22 -15 0
-28 -17 -9 0
-32 -2 -20 0
34 33 -23 0
3 27 34 0
-20 34 -27 0
-18 -5 -35 0
-25 -13 -34 0
8 9 -24 0
22 -16 32 0
37 -25 33 0
34 -21 -11 0
21 -33 -35 0
30 22 -13 0
-1 31 10 0
36 -13 -8 0
-28 26 29 0
-29 16 -35 0
-16 34 4 0
-35 24 17 0
-11 35 34 0
2 -32 27 0
-6 25 5 0
9 8 16 0
10 28 -3 0
23 -20 4 0
24 -30 34 0
25 -26 20 0
-11 -36 10 0
-10 -6 -29 0
11 36 -6 0
-17 -3 -19 0
22 -28 20 0
-35 5 -26 0
18 -11 13 0
-32 28 -23 0
-25 -2 -35 0
30 -8 1 0
-17 -12 33 0
12 15 30 0
-20 6 33 0
-14 8 -22 0
4 -29 -17 0
8 -7 18 0
-31 32 23 0
9 16 -17 0
-37 7 -18 0
32 20 21 0
-5 -37 19 0
-2 26 8 0
