c instance by G2
c solution = 0100111011100110001100111000010010000
c Known solution cost is 9197 
p cnf 37 50
w 472 143 193 197 62 13 441 477 224 310 389 302 356 136 124 270 388 299 4 60 102 165 309 358 428 223 12 155 21 425 364 184 299 399 304 215 374
4 20 13 0
7 -12 -36 0
-37 -2 -23 0
-1 -15 28 0
-7 -28 31 0
28 -12 31 0
-30 26 -32 0
-20 37 7 0
-22 13 4 0
37 9 18 0
-20 -34 -10 0
3 21 33 0
14 36 -21 0
23 4 -7 0
29 -7 10 0
-31 -10 36 0
-3 -22 -17 0
-2 13 -8 0
27 25 28 0
30 31 17 0
-20 -35 18 0
24 28 30 0
21 -20 -17 0
-32 36 -19 0
-7 14 -24 0
-19 -17 -27 0
24 -30 36 0
11 34 17 0
16 3 -13 0
-15 -14 6 0
-22 -12 -18 0
-15 -25 5 0
14 -32 -3 0
27 23 31 0
-10 -16 -7 0
35 -29 27 0
35 -26 34 0
-4 22 35 0
32 -18 -30 0
-36 18 -2 0
17 -3 -6 0
15 2 -21 0
-35 28 -16 0
-30 15 8 0
-14 19 35 0
-27 8 31 0
-30 2 34 0
27 -26 18 0
17 -29 28 0
37 -21 -14 0
