c instance by G2
c solution = 01010101100111000000111100110010
c Known solution cost is 6859 
p cnf 32 50
w 77 381 182 364 71 218 16 474 154 301 96 106 455 89 1 203 304 30 476 1 70 8 38 400 93 405 410 190 352 423 351 120
-22 -32 15 0
22 16 -4 0
-28 -11 -14 0
28 -10 1 0
-22 -17 -31 0
26 15 21 0
-12 28 29 0
-24 1 -16 0
31 -2 -24 0
26 -13 -30 0
-27 2 -6 0
-19 -14 25 0
-6 19 8 0
5 17 27 0
15 11 12 0
11 24 -27 0
-18 25 27 0
7 -23 -5 0
-27 -25 20 0
-6 4 1 0
15 -7 3 0
-26 -5 2 0
-3 -13 -14 0
-10 3 25 0
6 -8 -13 0
-15 7 -9 0
8 4 -27 0
-20 16 -27 0
-2 25 13 0
3 -32 -8 0
-5 32 -28 0
-27 -21 -29 0
-26 3 17 0
-18 -13 16 0
18 14 -13 0
9 25 -31 0
-9 1 -17 0
6 16 10 0
-11 -22 27 0
-13 -31 24 0
10 28 -14 0
23 6 -32 0
16 -25 8 0
1 -7 -31 0
-1 -9 17 0
-30 1 -24 0
-32 -8 -26 0
-19 32 -17 0
21 22 -7 0
23 -12 20 0
