c instance by G2
c solution = 11111101010010011011100000011100
c Known solution cost is 7524 
p cnf 32 50
w 304 471 40 462 343 258 72 487 107 184 45 73 220 247 489 161 403 227 27 30 288 183 252 386 245 265 475 93 338 125 78 146
7 30 -5 0
-19 -2 -11 0
-6 5 -3 0
11 -27 14 0
-15 -2 -5 0
3 29 -27 0
-4 19 -30 0
1 12 -5 0
-30 28 -27 0
-2 18 8 0
4 27 -25 0
-1 -15 20 0
-3 -18 25 0
26 -17 -25 0
32 20 31 0
7 6 -30 0
-17 -22 9 0
7 -14 -2 0
32 -28 -31 0
-24 15 27 0
-25 6 13 0
13 -28 -5 0
18 -24 25 0
-9 -3 -32 0
27 -12 31 0
29 -1 22 0
-18 -12 -23 0
-28 -29 19 0
14 -7 -4 0
-11 14 -31 0
30 22 16 0
-30 31 -9 0
-16 -23 -13 0
-7 -30 -17 0
-19 28 -21 0
26 15 -32 0
-10 -4 3 0
21 27 26 0
-3 -29 16 0
-16 -18 1 0
-32 22 18 0
-16 27 10 0
-4 -3 -14 0
-19 15 1 0
-4 2 18 0
5 -31 17 0
-29 -26 -6 0
-21 17 27 0
-24 20 -31 0
4 12 -30 0
