c instance by G2
c solution = 00110001111001000111001100101010
c Known solution cost is 7531 
p cnf 32 50
w 350 136 89 84 161 43 193 339 333 391 74 179 467 52 422 11 6 458 392 61 182 423 389 277 288 71 95 370 282 117 332 464
28 -31 -32 0
-20 -19 18 0
-19 -13 -9 0
15 -26 -24 0
5 -7 2 0
20 -28 18 0
-17 -29 30 0
25 17 24 0
-13 -3 -11 0
-14 -23 11 0
-23 -13 22 0
-9 28 -22 0
12 28 20 0
-24 -3 -21 0
-23 1 29 0
18 -20 -19 0
-16 32 14 0
-9 -24 3 0
5 22 29 0
-1 21 -20 0
28 19 21 0
-18 -13 -1 0
29 2 -3 0
21 26 -28 0
5 14 15 0
2 -27 -6 0
-15 -31 32 0
17 23 1 0
-24 17 -5 0
-15 -14 1 0
21 16 9 0
10 -27 -29 0
-14 8 17 0
-32 -5 4 0
1 -11 -16 0
-11 -3 31 0
-12 -3 -4 0
-6 29 -19 0
-2 21 6 0
-12 27 9 0
3 5 17 0
16 27 -28 0
23 1 -2 0
3 19 10 0
-25 -10 22 0
22 -9 -30 0
15 23 -17 0
-16 -23 7 0
30 27 7 0
4 1 13 0
