c instance by G2
c solution = 10010110011001101100000000111111
c Known solution cost is 8327 
p cnf 32 50
w 392 110 98 143 240 337 295 19 316 6 97 225 83 185 145 477 105 410 288 351 338 126 110 448 166 363 441 394 432 461 327 399
23 2 1 0
18 24 9 0
17 2 24 0
-10 26 -12 0
-7 12 -13 0
-31 -21 32 0
5 -8 3 0
-14 3 31 0
-4 30 -15 0
-7 13 -5 0
2 -11 10 0
-28 -15 11 0
8 7 -25 0
-29 -32 31 0
20 5 -26 0
22 24 -21 0
-14 3 6 0
-14 -15 -20 0
-10 -1 18 0
-10 -11 -3 0
7 2 -32 0
32 10 17 0
5 24 32 0
10 -31 -18 0
6 -23 15 0
19 2 -16 0
5 -24 16 0
-20 -27 21 0
20 -32 4 0
13 -1 -8 0
21 -18 -25 0
8 14 25 0
-6 -32 -23 0
-24 -17 5 0
-22 -28 -27 0
-2 25 -1 0
19 22 -13 0
15 -31 -14 0
-15 28 11 0
3 -9 2 0
32 -7 -2 0
-19 21 -29 0
13 3 27 0
-21 -10 20 0
29 -17 -6 0
28 -3 7 0
23 -32 28 0
9 6 26 0
-30 -5 -26 0
-16 4 -13 0
