c instance by G2
c solution = 00010011011111011011000001101111
c Known solution cost is 8038 
p cnf 32 50
w 237 492 346 25 399 165 26 296 12 399 208 231 431 314 110 471 356 151 207 459 75 300 213 252 172 124 342 277 128 233 387 200
12 -27 25 0
-11 22 -6 0
19 12 -17 0
4 22 -13 0
-11 29 -7 0
-7 18 -5 0
15 -1 -31 0
-18 -26 9 0
-7 5 -28 0
25 -4 11 0
3 14 25 0
23 18 -3 0
18 -11 -15 0
3 27 6 0
2 16 -20 0
12 8 31 0
27 9 -21 0
28 -24 -4 0
-4 24 -23 0
2 -19 26 0
13 1 -7 0
-27 7 -25 0
-2 -7 -25 0
1 14 -32 0
-23 -29 -19 0
25 19 22 0
6 17 1 0
-9 25 28 0
28 -25 6 0
2 -21 -12 0
-31 -7 -22 0
30 -16 2 0
15 13 22 0
-20 8 -29 0
3 -8 31 0
-12 -26 -24 0
-24 14 20 0
-10 24 7 0
10 5 6 0
-27 -30 -2 0
-16 2 -24 0
20 1 -32 0
-21 -7 6 0
-16 -24 20 0
13 -4 -16 0
-16 4 6 0
24 32 21 0
22 21 -6 0
-15 14 21 0
24 3 -1 0
