c instance by G2
c solution = 10010000110110001000010111010100
c Known solution cost is 7161 
p cnf 32 50
w 304 57 114 269 51 0 464 125 101 447 490 447 11 182 150 214 184 16 72 105 419 82 243 183 196 127 187 449 266 417 339 450
26 11 15 0
-20 -9 28 0
-28 -32 18 0
25 31 17 0
-5 -13 21 0
-7 20 8 0
-8 29 -9 0
13 18 20 0
-5 11 1 0
-19 -28 3 0
-14 11 -8 0
4 2 8 0
-16 -9 -25 0
-8 17 4 0
9 7 -1 0
-24 30 -4 0
-18 -13 -17 0
32 6 12 0
8 28 29 0
17 -10 26 0
26 -30 19 0
24 7 -28 0
-11 -4 15 0
21 -12 -20 0
-32 28 -13 0
27 29 -15 0
11 24 -25 0
-21 2 -25 0
-20 -23 11 0
5 -13 -14 0
-23 -12 6 0
19 22 15 0
-1 -18 -24 0
2 3 17 0
14 26 20 0
-23 -1 21 0
-1 11 -5 0
5 -31 -26 0
-17 -2 5 0
16 -29 8 0
-13 -6 29 0
-10 13 14 0
-12 5 -3 0
21 13 8 0
-32 24 14 0
-10 2 26 0
15 6 -27 0
21 2 10 0
25 21 -1 0
1 -10 -12 0
