c instance by G2
c solution = 01000100101111110001001100110110
c Known solution cost is 7424 
p cnf 32 50
w 488 133 150 93 249 83 150 481 166 126 189 331 54 4 465 364 313 32 327 473 442 310 388 67 117 74 234 178 18 176 278 471
5 -8 -30 0
27 -21 -29 0
19 2 -9 0
4 -16 -25 0
27 -16 -20 0
-19 26 8 0
7 -26 -5 0
-16 -29 17 0
12 -14 -9 0
-9 -17 8 0
-22 31 -20 0
18 28 21 0
4 -10 25 0
-7 -15 -16 0
13 -18 16 0
-22 -11 -9 0
9 -8 3 0
-15 30 -12 0
-30 11 -23 0
18 -19 14 0
30 -12 15 0
19 6 21 0
-27 5 -32 0
-23 8 20 0
-6 4 -3 0
7 -31 24 0
30 18 -16 0
6 7 10 0
-17 16 -9 0
-23 -30 31 0
13 26 -31 0
-10 29 12 0
-31 15 18 0
-25 11 -9 0
1 14 -31 0
-14 28 7 0
16 8 -24 0
-18 25 7 0
22 -11 -5 0
7 -3 -28 0
-1 26 22 0
-15 -21 17 0
3 -1 -14 0
19 9 -16 0
23 32 25 0
2 -24 -14 0
-25 -6 -1 0
18 29 -26 0
17 28 -2 0
-4 25 29 0
