c instance by G2
c solution = 00110101111011010101011001111110
c Known solution cost is 7886 
p cnf 32 50
w 468 431 470 374 244 470 103 180 262 282 437 8 259 20 26 255 77 136 165 12 409 466 103 366 216 370 166 187 149 487 227 61
8 27 -4 0
7 -2 -23 0
-27 -31 -7 0
-8 6 -13 0
-24 -11 -31 0
15 4 19 0
31 -13 17 0
-10 31 8 0
-13 -2 18 0
-30 23 1 0
-21 32 -10 0
-28 -14 30 0
15 -13 -17 0
-5 20 -17 0
-25 -6 -22 0
18 27 -29 0
17 14 -20 0
12 -32 21 0
-17 -22 -11 0
-27 12 13 0
-14 9 -18 0
28 -4 12 0
31 11 24 0
10 -18 17 0
27 -18 -4 0
22 -27 -31 0
-6 16 -18 0
-13 11 19 0
1 -15 17 0
-28 18 1 0
-17 14 8 0
28 -3 -27 0
32 21 8 0
29 -30 -22 0
17 20 -31 0
-5 13 -29 0
-32 18 -20 0
-20 -16 22 0
-25 -23 19 0
-3 31 -19 0
-6 -13 3 0
-23 -19 13 0
25 -14 -19 0
-7 -22 -2 0
26 7 -22 0
5 -20 -12 0
7 -4 -1 0
-31 23 -8 0
6 -9 -24 0
-5 24 -3 0
