c instance by G2
c solution = 01010000100110000000100011011101
c Known solution cost is 7659 
p cnf 32 50
w 226 230 45 17 98 307 49 30 296 97 311 40 234 131 472 227 478 431 4 465 300 437 492 133 351 134 228 229 332 251 133 451
7 31 26 0
-26 -25 28 0
18 -21 12 0
21 31 -25 0
23 20 -14 0
1 27 9 0
7 -31 -25 0
17 -31 27 0
2 -16 7 0
3 12 26 0
29 3 -22 0
-27 5 1 0
-3 19 -2 0
11 -13 30 0
-7 -12 -25 0
24 9 11 0
-20 -2 -4 0
-26 -31 3 0
4 23 18 0
16 -15 19 0
22 24 -23 0
5 20 32 0
10 21 -2 0
-13 -2 -1 0
18 -11 24 0
-13 -6 31 0
-30 15 -24 0
-26 -18 10 0
-16 -7 -9 0
19 -12 -10 0
15 16 29 0
-15 24 -6 0
19 -17 -12 0
-11 -4 1 0
-32 -7 23 0
8 -28 13 0
11 7 -5 0
23 -24 -26 0
-10 -17 -14 0
24 -19 -28 0
20 28 -3 0
7 15 -8 0
20 14 -22 0
13 -4 19 0
-25 -26 -16 0
18 17 -14 0
23 7 -1 0
2 -29 -26 0
-9 -18 15 0
16 24 25 0
