c instance by G2
c solution = 11110100111110001001100011010001
c Known solution cost is 8145 
p cnf 32 50
w 441 357 461 391 438 148 272 488 77 374 398 27 45 142 86 112 190 51 88 61 61 380 55 472 146 153 284 399 454 443 280 371
5 -22 -4 0
17 31 5 0
-12 32 -1 0
8 -20 2 0
20 15 -5 0
-28 -25 -15 0
-8 29 -27 0
6 -10 30 0
18 13 -27 0
9 -8 13 0
-16 5 7 0
-32 29 25 0
-26 20 -30 0
29 19 -30 0
-5 -20 21 0
-9 -22 15 0
26 31 -1 0
32 16 25 0
-3 18 13 0
5 -23 7 0
25 -16 13 0
-10 3 -9 0
32 7 18 0
-6 -18 -12 0
19 18 -29 0
-9 -7 19 0
10 24 -20 0
-28 4 -20 0
19 -8 14 0
-20 9 -30 0
28 -9 5 0
23 6 -12 0
31 11 -2 0
27 -25 20 0
-19 -13 -3 0
-12 -26 -14 0
-17 9 -28 0
24 -5 -3 0
-28 19 21 0
-9 -27 29 0
3 -16 2 0
-8 -26 -11 0
-21 12 22 0
8 25 -11 0
-24 21 -27 0
1 -9 -25 0
-31 -5 -8 0
18 -31 8 0
10 -17 -1 0
-24 31 29 0
