c instance by G2
c solution = 11001110000111000111110001111111
c Known solution cost is 8145 
p cnf 32 50
w 357 378 64 126 255 102 86 307 166 398 248 161 145 260 31 202 473 441 35 414 57 453 397 301 467 347 213 115 415 231 221 279
-6 -26 22 0
10 15 -23 0
19 15 24 0
-16 19 13 0
-10 -24 -17 0
10 -9 -31 0
6 11 -14 0
31 -12 -18 0
-26 -13 30 0
11 -16 -2 0
22 16 -30 0
-26 11 2 0
6 24 -9 0
-25 19 -1 0
10 25 29 0
20 -2 -5 0
13 -22 24 0
15 -22 -11 0
-25 8 -20 0
-21 -18 -16 0
1 -2 -22 0
25 -4 -28 0
-26 7 -22 0
11 20 -18 0
3 8 19 0
-30 5 3 0
17 21 -26 0
-3 -12 23 0
-15 -26 -5 0
14 -6 -31 0
4 -12 -8 0
15 -13 32 0
-13 -12 -8 0
23 -13 26 0
17 -13 31 0
18 4 5 0
18 -26 10 0
-26 17 -9 0
-4 9 -12 0
11 -17 -28 0
25 15 12 0
-7 -29 -10 0
-1 10 27 0
10 -14 28 0
28 14 16 0
-19 11 27 0
22 -30 29 0
-15 13 -6 0
-17 -32 6 0
-30 -24 3 0
