c instance by G2
c solution = 10101101101011100111110110010101
c Known solution cost is 6670 
p cnf 32 50
w 201 49 174 110 169 419 88 451 76 204 299 111 303 278 191 441 293 315 287 188 99 341 109 250 93 5 145 142 79 268 150 342
14 -22 -18 0
30 -18 -11 0
-1 -6 13 0
28 -18 27 0
15 -22 16 0
23 1 -4 0
23 -19 -31 0
19 -24 -1 0
-17 10 4 0
30 -3 -9 0
32 -24 -29 0
14 -5 -16 0
-32 -13 5 0
-24 20 27 0
27 31 -2 0
-22 28 26 0
-32 17 11 0
-10 31 -30 0
18 16 30 0
-22 -4 23 0
15 -18 -22 0
4 9 7 0
24 17 -22 0
-22 -11 -12 0
-16 11 10 0
-15 23 1 0
-29 -19 -3 0
10 26 25 0
-32 7 -16 0
-27 31 16 0
-16 -18 -14 0
-15 -9 -7 0
-14 32 31 0
-26 -15 32 0
-22 6 12 0
11 -28 16 0
-11 12 22 0
18 -15 -28 0
8 16 -1 0
-6 14 4 0
2 -8 -26 0
-4 15 9 0
13 4 -14 0
6 -4 23 0
21 -19 25 0
3 16 -9 0
-13 4 -23 0
2 5 -29 0
3 -14 1 0
2 21 -3 0
