c instance by G2
c solution = 11110110110100010010001101110110100
c Known solution cost is 8714 
p cnf 35 50
w 249 150 108 135 100 16 242 223 127 179 306 304 311 374 44 438 107 165 406 298 205 407 450 431 218 354 255 203 89 313 348 312 207 222 418
1 31 -13 0
-17 -23 -31 0
-30 -26 -22 0
-16 10 15 0
-9 -17 -4 0
14 -35 25 0
33 22 -19 0
31 -27 -10 0
-27 -2 30 0
-29 -26 -4 0
20 -9 -18 0
-9 -14 17 0
-26 23 17 0
26 17 32 0
25 -21 34 0
-1 -3 24 0
-22 30 35 0
2 -10 -6 0
-1 35 4 0
-15 35 5 0
18 -6 -17 0
-10 11 28 0
-28 19 -23 0
-16 -7 -25 0
-12 13 -5 0
33 34 32 0
14 -20 -2 0
15 32 27 0
-24 -2 -18 0
-4 26 23 0
12 -30 17 0
9 -6 14 0
-8 -12 -1 0
-29 -31 -28 0
23 13 -17 0
-8 1 9 0
-32 34 -23 0
5 23 32 0
13 -11 18 0
-8 33 4 0
-19 -7 1 0
-34 -3 -16 0
7 -27 -16 0
-10 -13 -7 0
6 -24 -16 0
-9 -2 3 0
10 30 -29 0
11 -15 1 0
-31 16 -1 0
30 -20 -2 0
