c instance by G2
c solution = 11101100001100110100100100101101010
c Known solution cost is 7445 
p cnf 35 50
w 495 18 344 339 336 427 124 128 362 20 13 115 339 149 111 21 473 231 182 156 181 89 7 333 196 163 396 156 23 206 275 59 261 257 460
13 -1 3 0
7 32 -16 0
15 -16 -6 0
-19 25 23 0
-5 -9 -13 0
-18 -1 21 0
-13 4 -11 0
22 16 -11 0
-25 33 -21 0
5 20 -32 0
23 21 9 0
1 31 -27 0
22 -10 26 0
-16 -31 -28 0
22 -8 -16 0
-17 7 -6 0
-27 34 -21 0
25 16 8 0
-12 -34 -31 0
12 25 7 0
35 26 2 0
-8 15 31 0
25 27 -30 0
33 -23 -31 0
-21 -12 24 0
-28 -20 3 0
-29 -9 -16 0
-32 -3 15 0
-6 30 -18 0
22 -27 -20 0
-7 -35 32 0
22 6 23 0
-14 -2 -6 0
-7 10 -1 0
-32 5 7 0
-29 -1 -26 0
35 -4 28 0
-15 33 -22 0
-11 -5 29 0
-33 7 -16 0
1 -17 -20 0
-23 22 8 0
18 -5 -3 0
11 -6 -15 0
21 4 -16 0
8 19 -35 0
-2 -17 10 0
-28 8 -21 0
5 3 -1 0
-20 22 -11 0
