c instance by G2
c solution = 00001001000010110101010001010010101
c Known solution cost is 8705 
p cnf 35 50
w 336 434 18 125 117 295 110 85 442 137 196 420 366 375 424 59 57 363 7 369 49 337 286 433 133 447 94 384 74 378 387 178 341 435 14
-12 -33 10 0
10 -23 13 0
31 -16 34 0
22 -16 -13 0
16 7 -12 0
30 -34 23 0
26 7 -8 0
25 -28 -10 0
25 -23 -8 0
-2 -31 -5 0
25 -13 -19 0
22 12 15 0
-28 -22 -32 0
24 -3 -27 0
4 -30 -18 0
-18 5 -3 0
-7 9 -33 0
-18 -3 -22 0
-27 17 -13 0
11 18 -22 0
-24 2 -28 0
23 30 -11 0
-9 24 34 0
2 10 -19 0
31 3 12 0
34 -3 -4 0
-28 -13 20 0
7 9 -17 0
19 -5 28 0
15 9 24 0
13 30 12 0
13 6 -35 0
1 -12 -13 0
-20 9 16 0
5 23 -33 0
23 33 1 0
-25 19 32 0
-31 8 24 0
-1 17 29 0
7 -31 -21 0
3 -4 -34 0
-32 16 -17 0
-30 -17 14 0
27 -13 -30 0
11 -23 30 0
-29 9 -15 0
-6 11 -5 0
24 35 9 0
-4 3 -22 0
21 -31 -14 0
