c instance by G2
c solution = 11000111100101100110001001000001011
c Known solution cost is 8886 
p cnf 35 50
w 197 475 83 254 149 362 67 436 35 329 365 218 237 310 454 155 122 405 245 420 73 324 163 350 178 422 229 47 371 194 51 304 176 373 313
11 -4 -23 0
-33 -20 -26 0
-31 22 24 0
-19 -23 7 0
31 -35 2 0
-10 -23 -32 0
5 -20 -7 0
24 11 7 0
3 -2 -22 0
-27 11 25 0
-24 10 -26 0
32 24 -18 0
-19 14 10 0
-15 17 -13 0
-15 21 34 0
-19 -31 33 0
21 -26 -3 0
-25 24 -26 0
-14 -8 -17 0
-9 3 14 0
-34 -15 -25 0
26 5 -9 0
29 20 8 0
22 -33 -28 0
-11 -35 10 0
-17 19 -12 0
19 -13 -20 0
30 7 -15 0
1 -6 -18 0
29 -16 22 0
-29 -12 -6 0
20 14 -24 0
20 -2 -29 0
-15 9 -34 0
17 7 -8 0
11 -5 -15 0
28 11 -33 0
-2 23 -1 0
-26 -34 -30 0
-3 34 13 0
-28 -6 31 0
15 17 20 0
28 35 25 0
-7 18 -9 0
-11 -15 28 0
27 19 16 0
-18 6 -9 0
-10 8 23 0
25 12 -2 0
-21 -34 3 0
