c instance by G2
c solution = 00011111111101011100100101111110010
c Known solution cost is 8584 
p cnf 35 50
w 431 79 429 264 411 13 60 305 247 99 436 341 157 211 215 39 5 179 471 111 427 151 282 457 30 426 78 483 281 368 407 72 121 268 230
1 -27 -19 0
-25 -9 13 0
-21 29 35 0
5 -9 -12 0
-31 -17 12 0
-4 -21 24 0
14 -9 -12 0
6 -13 17 0
-26 35 -13 0
4 -29 -8 0
28 23 -6 0
21 -29 -27 0
-15 -29 -30 0
2 -1 33 0
34 11 16 0
-1 -10 -4 0
-32 -10 33 0
-30 34 3 0
17 -31 -11 0
-10 -28 16 0
20 6 13 0
-11 26 -8 0
-35 -7 -34 0
15 -20 -8 0
-21 9 -12 0
10 24 14 0
2 -10 7 0
-4 7 8 0
-9 -14 10 0
-18 -1 23 0
33 10 -11 0
19 -26 7 0
8 -21 -17 0
8 31 -35 0
21 33 -14 0
-12 -5 31 0
-17 -28 18 0
20 -3 -6 0
-5 27 -4 0
-11 13 -23 0
19 -5 -2 0
-5 -16 27 0
-11 -26 -22 0
-9 26 32 0
12 31 15 0
20 -28 -33 0
-21 -7 30 0
11 -18 20 0
-23 31 10 0
15 11 26 0
