c instance by G2
c solution = 11110110100001111110101100101000010
c Known solution cost is 8453 
p cnf 35 50
w 164 274 185 328 484 170 389 139 428 334 116 467 65 9 430 250 185 336 464 2 96 348 182 40 279 479 94 254 150 274 191 239 275 92 241
20 18 5 0
3 33 -28 0
33 -15 -32 0
-29 7 26 0
25 -9 -33 0
7 27 -24 0
31 -28 -24 0
-9 -22 -23 0
-3 -26 22 0
-28 -14 -1 0
-15 28 -20 0
-24 35 -12 0
-3 -11 -9 0
26 -20 24 0
24 -20 23 0
8 20 6 0
17 31 -16 0
24 20 13 0
-27 -21 -35 0
5 -27 -26 0
19 -2 5 0
33 22 -31 0
-2 34 11 0
-9 23 30 0
27 -3 35 0
-5 30 -21 0
-21 33 15 0
-32 4 13 0
22 11 16 0
-14 9 8 0
-15 13 2 0
25 -27 21 0
4 11 35 0
-9 -35 -2 0
-27 -21 9 0
12 -33 -19 0
-23 25 -8 0
25 29 -19 0
21 1 13 0
28 35 1 0
13 -2 -20 0
-3 5 7 0
31 -30 -18 0
-19 -25 -3 0
-10 27 -11 0
28 -13 -3 0
3 32 -14 0
-25 26 -32 0
-24 -10 -7 0
-3 30 14 0
