c instance by G2
c solution = 01011101001000111110101011001011000
c Known solution cost is 7450 
p cnf 35 50
w 71 152 32 161 491 71 76 89 458 489 350 41 212 66 421 325 112 438 93 339 187 258 183 135 98 178 207 15 320 281 160 419 77 105 340
22 -23 8 0
30 35 31 0
19 -8 -11 0
-25 -9 28 0
-4 -1 -22 0
11 -15 -5 0
6 -27 12 0
-23 24 -35 0
-5 -13 29 0
-27 -17 -35 0
27 -3 -4 0
34 -5 25 0
25 -6 28 0
-32 2 -15 0
27 -23 -14 0
-27 -5 3 0
1 -15 29 0
14 -18 -28 0
-29 33 -10 0
16 -19 3 0
-11 -2 -12 0
-31 -34 10 0
12 1 -20 0
-21 -7 20 0
-24 33 -4 0
35 34 -24 0
21 5 1 0
24 13 -22 0
-4 28 18 0
22 32 -16 0
7 13 17 0
-11 22 -35 0
18 -32 14 0
-4 -32 21 0
-17 28 4 0
15 33 22 0
-13 -5 28 0
-18 -2 -30 0
-8 -19 -10 0
-33 -2 13 0
21 -2 -5 0
1 -8 26 0
22 6 19 0
6 34 -32 0
-4 27 5 0
8 -12 23 0
-9 -2 17 0
23 -21 -11 0
-23 -22 -6 0
-1 22 -25 0
