c instance by G2
c solution = 11100010111101001011111001010001111
c Known solution cost is 7768 
p cnf 35 50
w 407 398 431 188 125 197 258 79 58 12 82 414 166 289 40 331 396 492 241 368 241 70 342 61 437 258 5 174 413 457 132 3 155 11 37
17 8 -9 0
21 -11 -12 0
-10 -23 7 0
-21 14 -33 0
-25 -16 -12 0
27 -32 -4 0
16 22 -9 0
22 -17 2 0
-33 -8 18 0
-25 -34 6 0
-26 1 29 0
2 -1 14 0
-19 -2 -13 0
1 -32 -8 0
27 -5 -14 0
-20 13 -31 0
12 5 30 0
-24 -33 -3 0
-10 -33 3 0
-7 -11 2 0
5 18 -29 0
-9 -7 17 0
-22 19 -9 0
-2 -35 7 0
-30 27 -35 0
20 -26 16 0
29 8 -18 0
-6 -21 -23 0
-20 -22 32 0
5 33 -12 0
31 28 -33 0
8 -9 -18 0
-10 -22 14 0
27 30 26 0
7 27 -26 0
-26 11 18 0
-14 29 10 0
35 31 34 0
-21 9 8 0
18 -15 25 0
23 8 -7 0
-6 -32 -33 0
-13 15 -7 0
12 13 -24 0
-21 -16 18 0
-34 24 -27 0
-16 -28 -33 0
13 -21 -4 0
-12 29 35 0
34 -7 13 0
