c instance by G2
c solution = 00101110000011110110101101111000001
c Known solution cost is 8344 
p cnf 35 50
w 90 42 402 134 22 405 164 11 22 217 481 344 63 63 269 338 184 121 286 14 475 412 407 381 476 156 494 202 66 305 137 313 259 261 328
25 -14 -4 0
22 -25 -24 0
2 31 -10 0
-3 8 -12 0
-35 27 -17 0
12 -23 -32 0
22 25 26 0
16 -29 25 0
-22 -13 30 0
34 9 14 0
21 9 -28 0
1 -29 3 0
23 -14 12 0
-2 4 12 0
35 6 21 0
27 -5 -35 0
16 19 23 0
2 35 4 0
13 33 10 0
-6 12 19 0
-11 -16 -3 0
-16 10 15 0
-7 -5 18 0
-31 7 1 0
-21 -31 -2 0
27 -28 -26 0
-34 -15 4 0
-17 -21 11 0
-19 -3 -1 0
22 1 -30 0
21 -27 24 0
-5 -19 28 0
28 16 -1 0
8 9 -31 0
7 11 -3 0
32 -4 12 0
-26 6 -7 0
28 -35 20 0
28 16 33 0
30 -27 -9 0
-15 -34 -33 0
25 -15 -20 0
24 -18 -7 0
-6 -33 -3 0
4 20 -8 0
25 -14 29 0
8 5 31 0
-31 -32 -12 0
-9 17 5 0
-35 -31 25 0
