c instance by G2
c solution = 01111010110111100010100001101101110
c Known solution cost is 8614 
p cnf 35 50
w 237 76 378 26 253 61 334 370 211 205 44 205 311 264 426 330 263 91 467 344 281 244 227 379 448 83 366 483 160 56 45 420 206 132 188
28 35 34 0
14 -9 -33 0
10 -3 -30 0
6 -8 -27 0
1 23 -18 0
17 -3 12 0
-9 30 -32 0
22 32 29 0
28 -8 7 0
2 -9 -34 0
-3 15 -14 0
15 -27 -19 0
8 -35 6 0
27 24 -4 0
31 -27 -8 0
-25 -15 -12 0
-28 -15 23 0
-9 -16 -12 0
24 5 -15 0
-23 -28 -13 0
-9 16 -23 0
-3 11 29 0
-6 -34 35 0
24 33 -3 0
-9 -35 17 0
31 35 14 0
-23 28 -18 0
-32 16 -24 0
-32 4 8 0
-5 -33 -31 0
-29 7 -27 0
26 16 5 0
-33 17 9 0
-22 -12 11 0
-20 6 24 0
-19 18 26 0
33 -14 16 0
-24 -4 22 0
-11 1 -4 0
-27 -10 3 0
31 -17 16 0
21 11 -2 0
-33 -1 -2 0
35 -16 1 0
-12 32 -2 0
-30 31 19 0
-13 23 -11 0
-15 1 27 0
-15 17 -25 0
-32 13 -15 0
