c instance by G2
c solution = 01111011011110001100101000100101010
c Known solution cost is 9321 
p cnf 35 50
w 340 307 376 93 247 202 471 322 56 387 82 307 340 32 430 451 282 266 237 456 253 247 477 249 222 143 426 237 170 221 66 307 129 169 321
-5 -21 8 0
-21 -13 -20 0
-13 -24 35 0
35 -20 22 0
18 -2 28 0
16 -33 32 0
7 33 -18 0
-26 -10 -7 0
-4 33 34 0
-27 22 -9 0
2 25 26 0
21 29 -30 0
-26 -32 21 0
-7 -24 3 0
22 14 -31 0
32 -20 17 0
-8 -17 -25 0
-16 29 15 0
15 -22 -17 0
16 -12 -33 0
16 -35 6 0
17 26 -7 0
19 17 -23 0
31 10 -18 0
-21 -22 13 0
27 26 15 0
-23 -26 3 0
31 -27 -28 0
20 3 34 0
-11 32 22 0
22 -19 -10 0
12 35 -32 0
31 -8 -29 0
-11 -6 -34 0
26 2 16 0
20 19 13 0
-1 -17 9 0
5 15 -17 0
23 -28 11 0
-34 -14 -21 0
-24 -11 3 0
-7 -15 6 0
-7 16 34 0
-11 10 1 0
31 -3 30 0
11 -23 29 0
-19 31 -22 0
-2 -12 3 0
31 4 -10 0
19 6 23 0
