c instance by G2
c solution = 10000010011000001001101111010011000
c Known solution cost is 7922 
p cnf 35 50
w 112 99 38 288 215 300 446 17 125 461 337 245 19 77 330 316 106 133 370 164 234 254 499 448 234 182 397 158 200 48 382 22 230 222 214
-4 -17 18 0
18 -32 -2 0
-32 30 23 0
8 25 -20 0
-33 -31 6 0
26 13 8 0
22 -32 -14 0
-29 3 -7 0
-30 21 -28 0
-10 6 20 0
15 -3 -1 0
27 28 -3 0
-27 -17 -10 0
-31 -16 9 0
2 33 -5 0
14 2 -35 0
3 24 33 0
-25 -9 -20 0
-4 31 23 0
-20 31 12 0
8 1 6 0
6 -30 2 0
-31 33 -6 0
-34 -26 9 0
23 -1 13 0
8 -25 -15 0
-16 -14 24 0
21 15 -25 0
28 30 13 0
-26 -12 -31 0
-30 -13 1 0
-10 11 35 0
-12 -8 -11 0
8 -31 32 0
-20 16 17 0
-19 -10 13 0
10 -26 3 0
-31 -27 -6 0
26 20 -35 0
19 16 23 0
-26 19 7 0
30 17 -7 0
4 -31 -22 0
11 -34 7 0
-13 19 6 0
-4 17 35 0
14 -8 27 0
22 23 24 0
3 14 -18 0
-18 -12 -2 0
