c instance by G2
c solution = 10010011000011011101100101010001101
c Known solution cost is 7387 
p cnf 35 50
w 220 9 284 161 165 150 37 399 213 269 48 279 27 232 318 117 127 350 169 380 216 93 33 406 497 335 316 215 297 176 280 57 224 73 215
12 5 -29 0
2 -8 35 0
-32 -22 6 0
-5 -35 15 0
-9 3 -32 0
22 -35 -27 0
14 19 34 0
30 -11 -1 0
33 -13 30 0
31 -32 -30 0
9 26 -23 0
-14 7 -28 0
12 7 9 0
10 8 30 0
-1 30 -12 0
-22 -33 -13 0
-24 33 9 0
21 19 29 0
-25 -33 -17 0
24 14 33 0
33 9 30 0
5 -31 -7 0
-6 28 -11 0
-35 12 16 0
1 34 -26 0
-20 -8 -34 0
3 4 19 0
-32 17 3 0
-8 29 -25 0
6 24 12 0
23 30 28 0
32 19 15 0
6 15 -23 0
4 -30 -15 0
-33 -13 -2 0
-17 -15 -32 0
-24 -10 30 0
-26 8 4 0
-15 9 -7 0
29 -2 -13 0
6 13 -28 0
19 -13 26 0
15 23 -30 0
-6 -7 -8 0
9 -19 6 0
14 -1 34 0
-7 18 22 0
-3 -28 30 0
-34 9 -14 0
20 -35 6 0
