c instance by G2
c solution = 100111000000111000100110101
c Known solution cost is 6961 
p cnf 27 50
w 404 3 137 475 60 475 318 191 446 174 380 261 38 1 61 244 69 488 227 331 179 310 266 216 480 309 418
16 -9 -20 0
5 -22 -19 0
6 18 -22 0
26 -2 -13 0
-10 -17 -20 0
-27 22 -4 0
14 10 -4 0
3 -15 -11 0
-10 24 -4 0
13 22 7 0
-5 15 -1 0
27 3 17 0
13 -27 1 0
12 -26 18 0
-24 2 -25 0
24 -20 6 0
-25 4 17 0
2 4 -10 0
4 -16 -22 0
-7 -1 -6 0
8 1 4 0
-15 22 13 0
13 -6 9 0
-6 25 10 0
19 11 2 0
-13 21 -20 0
-10 -5 25 0
-10 -2 -13 0
-23 -8 9 0
3 -17 2 0
-21 12 -4 0
-23 26 -16 0
2 -21 24 0
21 -26 7 0
-7 3 21 0
4 -7 -22 0
25 5 1 0
-17 -11 5 0
-14 -27 -8 0
-5 -18 26 0
26 1 10 0
-27 -15 -12 0
-13 18 -9 0
-22 -12 25 0
24 12 -20 0
23 17 -6 0
-5 17 -3 0
17 23 24 0
-13 -3 20 0
22 -23 -27 0
