c instance by G2
c solution = 101010000110011000100010001
c Known solution cost is 6216 
p cnf 27 50
w 454 381 96 190 159 243 21 3 343 133 378 397 276 271 473 206 331 114 48 427 130 184 309 241 109 58 241
7 15 18 0
-15 11 24 0
-17 25 18 0
24 -2 6 0
8 13 14 0
4 -19 3 0
-10 -8 4 0
-9 -5 -23 0
7 -12 -18 0
16 -20 13 0
6 24 -16 0
-20 1 11 0
-11 20 -25 0
-9 26 16 0
18 3 -7 0
-20 -13 -2 0
-5 20 -7 0
-5 -9 17 0
-27 15 -14 0
18 -6 22 0
19 20 26 0
11 -15 -6 0
-20 12 14 0
2 24 -16 0
16 -25 22 0
26 -27 -21 0
13 27 -19 0
9 -11 -12 0
5 -14 16 0
23 27 13 0
-26 16 4 0
11 -7 -27 0
27 -6 3 0
-15 12 -18 0
-12 23 15 0
-12 -8 18 0
12 -17 20 0
-14 8 -24 0
-19 -11 23 0
4 25 -17 0
19 -27 -16 0
17 -11 -4 0
-13 -27 24 0
4 -27 10 0
-7 -5 12 0
8 -10 -22 0
14 -24 2 0
24 12 -16 0
3 -19 6 0
1 25 24 0
