c instance by G2
c solution = 000000001111101101011101001
c Known solution cost is 6782 
p cnf 27 50
w 36 164 161 484 277 219 454 214 467 485 201 446 328 137 14 207 149 324 255 68 166 54 289 473 55 258 397
14 -23 -18 0
-18 20 11 0
9 -15 14 0
-8 -24 20 0
24 11 1 0
20 -16 -26 0
-27 -22 16 0
-14 -18 -11 0
-12 -13 22 0
14 -2 6 0
-19 24 -6 0
-25 -21 19 0
15 10 -22 0
-9 16 17 0
23 -14 11 0
24 26 -10 0
-9 13 3 0
-2 18 -12 0
-10 -1 -20 0
-14 25 -16 0
11 -21 -15 0
14 10 21 0
12 15 11 0
11 -24 14 0
15 17 -18 0
-16 -8 5 0
16 17 -13 0
14 -11 -8 0
10 -21 17 0
12 5 3 0
-4 -3 -27 0
-22 -17 19 0
8 -13 21 0
-24 8 -19 0
3 12 -23 0
-5 23 -24 0
-6 19 25 0
24 -18 27 0
-18 1 -19 0
20 -27 -24 0
-3 -18 1 0
-11 6 18 0
-15 -14 -10 0
15 -8 27 0
7 -1 11 0
-11 -1 23 0
27 -15 1 0
-26 17 2 0
26 -4 -16 0
19 -7 2 0
