c instance by G2
c solution = 101011011110000011101100011
c Known solution cost is 6462 
p cnf 27 50
w 348 346 185 332 392 91 246 266 13 447 285 215 478 60 472 102 9 289 482 65 339 126 294 315 32 181 52
-22 -15 -25 0
21 -8 12 0
-22 24 10 0
-9 -20 6 0
-24 -7 -21 0
-20 -5 10 0
13 -6 17 0
21 -25 -27 0
-18 1 -6 0
1 8 20 0
23 -6 22 0
-9 -26 -20 0
15 -1 8 0
-21 4 -24 0
-22 13 -25 0
-27 -23 -3 0
11 27 -4 0
24 9 -6 0
-3 -18 6 0
5 12 -9 0
18 22 -8 0
-22 12 -15 0
-2 -3 -7 0
-3 19 13 0
24 -12 11 0
4 -15 -17 0
-9 1 -20 0
-9 -4 25 0
-14 -26 15 0
27 24 11 0
15 18 5 0
-1 -7 -16 0
22 -10 -7 0
27 -8 13 0
24 -23 -10 0
11 13 -10 0
14 -16 -17 0
18 12 25 0
8 -20 7 0
-13 -10 -27 0
3 -27 -19 0
-21 -10 -24 0
23 1 7 0
11 2 -20 0
-3 -7 20 0
-25 -16 -27 0
-26 -2 -27 0
26 -6 -10 0
13 -12 7 0
25 9 14 0
