c instance by G2
c solution = 010111101001111101110001011
c Known solution cost is 7889 
p cnf 27 50
w 252 180 442 177 346 169 458 75 420 235 59 384 158 434 310 277 499 354 312 431 432 438 145 278 90 68 466
-27 -9 19 0
8 -23 19 0
19 26 -3 0
-15 10 19 0
13 -24 -7 0
1 25 -21 0
13 7 -4 0
18 -4 22 0
-18 -23 -9 0
23 8 -21 0
26 25 3 0
-19 2 -20 0
4 -23 -6 0
3 7 22 0
-4 -22 25 0
-1 -20 22 0
25 -8 -15 0
15 17 -2 0
5 -2 -6 0
-11 -26 22 0
3 16 -7 0
-14 2 -7 0
21 -25 -12 0
-16 24 -19 0
-18 16 7 0
6 -7 -12 0
-17 -13 3 0
-17 -24 -6 0
13 -20 -10 0
-10 -5 -9 0
-23 -7 -5 0
-15 -19 14 0
-8 23 11 0
-13 16 10 0
24 27 -15 0
11 -5 27 0
1 10 2 0
23 16 6 0
20 -9 -25 0
-26 -3 21 0
-8 -7 -23 0
17 1 27 0
12 -19 11 0
-24 16 -3 0
11 9 -12 0
-12 -14 15 0
12 -14 -25 0
20 -6 -26 0
-18 -10 20 0
21 -12 4 0
