c instance by G2
c solution = 110011111101110110110001010
c Known solution cost is 5974 
p cnf 27 50
w 431 220 266 76 273 361 119 248 136 101 321 93 239 427 119 259 35 45 6 201 243 374 160 413 484 259 65
3 6 4 0
8 7 -5 0
-9 23 12 0
-9 8 -14 0
-23 -8 26 0
17 11 2 0
23 -26 -22 0
-5 22 7 0
14 -1 21 0
18 9 -5 0
-21 1 -4 0
-18 -13 23 0
9 -25 -20 0
-9 25 5 0
9 18 -20 0
17 -27 23 0
11 26 -15 0
-27 -25 -11 0
-6 -25 21 0
-10 -2 -23 0
-7 -27 4 0
-17 2 -13 0
19 -25 7 0
10 -6 4 0
-21 25 27 0
-5 -13 20 0
-20 -5 13 0
19 -7 -26 0
-16 26 21 0
13 6 -11 0
12 -22 10 0
-26 -23 -12 0
-27 -1 23 0
-10 -11 -14 0
22 6 -18 0
-13 7 -23 0
-10 24 -1 0
-19 1 -7 0
-10 -4 -19 0
-24 -15 22 0
11 15 -21 0
7 -22 -24 0
17 -11 18 0
18 2 10 0
-9 17 -10 0
23 -3 -19 0
22 -15 14 0
-11 -20 17 0
5 -7 -13 0
16 18 4 0
