c instance by G2
c solution = 000110100000001010110001100
c Known solution cost is 7132 
p cnf 27 50
w 315 304 333 151 191 227 372 422 21 480 351 22 204 420 457 27 407 18 440 215 232 212 200 428 378 92 213
-21 -7 14 0
-9 12 11 0
27 10 17 0
-8 -15 -4 0
-21 22 19 0
18 27 15 0
5 7 15 0
-12 -15 -27 0
25 16 -24 0
-22 -12 14 0
23 -11 -25 0
-19 17 9 0
8 -7 19 0
-9 -26 -21 0
-2 -9 -8 0
12 14 -18 0
5 -7 2 0
7 18 10 0
-12 -5 22 0
-27 13 -20 0
14 22 24 0
-14 10 -19 0
4 11 9 0
14 7 13 0
26 -3 16 0
23 -1 19 0
25 -20 13 0
-23 10 14 0
-25 9 -13 0
11 -2 18 0
-19 7 -24 0
-18 -15 10 0
13 -26 -22 0
-5 10 -26 0
21 26 20 0
-14 11 -24 0
-5 -16 -10 0
23 -22 27 0
-16 8 13 0
16 22 -14 0
8 5 15 0
-16 8 26 0
-10 -19 14 0
-22 6 -15 0
25 13 1 0
-12 -4 17 0
24 -17 -22 0
-7 -1 8 0
23 -2 -27 0
-6 -15 13 0
