c instance by G2
c solution = 011011101010100010111001110
c Known solution cost is 5409 
p cnf 27 50
w 172 497 60 297 138 109 94 479 273 157 189 222 76 276 48 57 329 119 382 9 73 124 206 462 452 4 105
-2 -8 -6 0
-11 -21 26 0
11 -27 -10 0
1 2 -3 0
14 -1 -2 0
-21 -12 11 0
-7 2 8 0
8 6 3 0
-10 24 -14 0
-26 -13 25 0
25 11 -26 0
-21 13 -3 0
-2 4 17 0
25 26 -22 0
17 22 26 0
7 -16 27 0
3 -7 23 0
12 -16 -2 0
-14 1 23 0
23 7 8 0
14 27 -1 0
-4 10 -13 0
-2 14 11 0
-19 -6 24 0
8 -24 -18 0
17 -20 -25 0
2 -16 20 0
5 16 22 0
3 -7 -5 0
2 -12 -16 0
-17 10 3 0
-17 -27 16 0
9 -11 12 0
5 8 2 0
1 -12 -17 0
-17 16 6 0
5 -26 -22 0
8 21 15 0
-25 8 20 0
-22 1 -21 0
-23 15 -25 0
-21 19 -13 0
-15 -24 -9 0
17 25 -15 0
12 -25 -10 0
6 -3 -1 0
9 10 18 0
-8 -6 -5 0
2 -20 -21 0
-17 3 20 0
