c instance by G2
c solution = 001110100101100000000010001
c Known solution cost is 7196 
p cnf 27 50
w 210 163 440 49 321 413 453 278 138 272 455 330 119 368 354 7 310 91 382 429 387 50 62 462 89 129 435
18 4 24 0
-22 -2 17 0
6 -20 25 0
-20 3 26 0
-9 6 -21 0
-4 23 7 0
16 -15 22 0
-2 -15 -14 0
18 -27 3 0
4 21 -13 0
-21 -14 -6 0
24 -9 5 0
20 -11 6 0
-6 26 -11 0
9 10 -13 0
-24 -1 -9 0
-13 -15 8 0
27 25 20 0
-22 -18 13 0
-14 -23 -13 0
1 15 -21 0
26 22 -2 0
-4 7 23 0
-14 15 9 0
-18 -20 26 0
-7 26 13 0
-2 20 -4 0
1 -5 -22 0
-19 1 -10 0
1 -24 -7 0
-7 24 5 0
2 -5 -26 0
11 -6 16 0
1 12 26 0
-12 -7 -8 0
2 12 18 0
25 -19 21 0
8 7 -25 0
15 26 -16 0
9 -25 16 0
-10 7 25 0
22 -3 -17 0
24 8 -1 0
-18 9 5 0
-18 11 26 0
-22 -27 10 0
-7 19 -14 0
24 -9 20 0
23 1 -7 0
-10 15 -2 0
