c instance by G2
c solution = 110111011111110100110011110
c Known solution cost is 6146 
p cnf 27 50
w 213 28 97 46 209 372 60 340 87 311 74 277 446 398 107 449 267 175 342 442 152 83 125 6 414 418 208
-4 13 -23 0
18 -21 -23 0
-11 -26 5 0
2 21 -6 0
-5 19 -8 0
-2 -21 -15 0
-12 8 -2 0
11 7 3 0
11 -7 -6 0
-24 -23 -7 0
-24 -12 1 0
3 -26 5 0
18 12 20 0
13 -22 21 0
12 15 21 0
18 10 -9 0
19 22 11 0
-4 -23 -17 0
16 -26 -5 0
-25 -6 1 0
-5 -1 -3 0
7 -13 14 0
22 -6 25 0
-21 12 3 0
26 21 -3 0
-25 -26 -18 0
-17 -6 -23 0
-15 -2 -10 0
19 -9 -26 0
-16 24 21 0
18 -13 -22 0
20 27 23 0
11 9 -5 0
26 -4 27 0
17 4 7 0
19 -17 23 0
-5 10 22 0
-20 22 -3 0
25 -3 -21 0
26 -14 -6 0
13 -21 -14 0
6 -16 -9 0
-22 -24 17 0
-1 -26 20 0
-15 -12 27 0
-11 -20 9 0
17 9 -23 0
-16 2 24 0
-27 -19 -11 0
22 -9 23 0
