c instance by G2
c solution = 100100100111001100010111000
c Known solution cost is 7267 
p cnf 27 50
w 216 469 253 300 112 261 268 281 104 387 54 281 375 471 164 447 256 145 486 332 172 19 379 224 245 200 366
-20 -3 -10 0
-27 -7 -15 0
-11 -17 -24 0
-1 11 -10 0
11 -2 7 0
17 25 -21 0
-25 6 21 0
-9 2 27 0
3 10 -20 0
9 -16 1 0
8 -15 16 0
-27 8 -16 0
17 20 -22 0
-5 17 -10 0
9 6 -18 0
21 16 13 0
25 -14 -11 0
10 -3 5 0
-19 -24 9 0
14 2 -17 0
-1 24 26 0
15 -12 3 0
-21 -24 20 0
13 -22 12 0
3 -24 -19 0
14 23 21 0
-16 5 -8 0
-19 -7 -23 0
20 -5 -25 0
16 -7 -22 0
-22 10 20 0
6 22 26 0
13 -4 24 0
-7 19 -14 0
19 -7 -2 0
-6 -23 14 0
-27 -1 -20 0
-15 -27 -11 0
-25 -4 -10 0
16 -5 -10 0
21 -5 18 0
27 2 -14 0
8 25 4 0
5 18 4 0
-24 -19 -16 0
13 -19 -10 0
11 4 26 0
7 8 27 0
6 -26 13 0
17 -13 27 0
