c instance by G2
c solution = 000011011110001111100001011
c Known solution cost is 6439 
p cnf 27 50
w 160 241 476 48 291 148 118 285 180 489 129 294 339 202 404 84 6 281 283 24 441 293 238 115 372 496 2
-6 -4 1 0
15 9 -25 0
26 -24 -8 0
9 26 -1 0
3 -7 17 0
-24 -7 3 0
-26 18 8 0
20 8 12 0
-24 -15 -25 0
22 3 6 0
21 20 -1 0
24 -26 -8 0
-27 1 -7 0
-8 -23 7 0
-9 15 3 0
20 14 -12 0
-8 9 22 0
-18 3 -14 0
3 9 -16 0
3 -23 -13 0
5 -3 10 0
-21 -22 15 0
26 1 -11 0
27 22 -11 0
-16 -14 13 0
-24 -11 -3 0
18 1 3 0
15 -12 6 0
5 -24 1 0
17 -18 21 0
-6 3 16 0
-7 -15 17 0
-19 -5 -21 0
-4 -2 7 0
3 -25 -20 0
-10 -14 4 0
-12 -6 -2 0
13 3 11 0
-15 -13 -27 0
-27 -22 12 0
1 -8 6 0
-20 -27 23 0
25 -16 19 0
-24 7 11 0
-8 23 -2 0
-26 -24 -4 0
-1 -25 14 0
-26 1 10 0
4 -21 11 0
-15 2 -22 0
