c instance by G2
c solution = 101010101001101110101010110
c Known solution cost is 6322 
p cnf 27 50
w 110 337 94 331 144 8 252 438 447 69 339 126 401 192 109 257 116 475 465 88 242 3 59 229 327 399 265
-20 8 -19 0
-17 7 19 0
-23 3 -22 0
-10 -7 27 0
-19 11 3 0
-21 27 -22 0
-19 6 3 0
4 -3 5 0
6 -1 16 0
-6 -7 2 0
-23 -18 -9 0
-25 -20 -9 0
-24 -19 7 0
7 -25 18 0
7 -17 2 0
1 25 -6 0
24 20 -27 0
16 8 22 0
-17 19 20 0
15 13 -27 0
-5 10 -11 0
-21 -25 17 0
-27 -23 6 0
-19 20 21 0
16 5 -15 0
7 -6 11 0
-18 -27 5 0
-17 -9 13 0
-19 23 -21 0
-9 4 25 0
12 -13 -9 0
-7 -14 6 0
22 18 9 0
18 -13 1 0
10 26 20 0
-16 -1 7 0
24 -8 -23 0
3 23 -25 0
2 -24 -7 0
-22 19 24 0
-25 10 -6 0
-14 6 -2 0
-27 2 25 0
-26 5 -3 0
7 18 9 0
-23 8 -4 0
8 -15 -2 0
4 14 15 0
-4 -10 16 0
6 -19 15 0
