c instance by G2
c solution = 11111001111011101001101011010001
c Known solution cost is 7082 
p cnf 32 50
w 28 382 486 145 284 350 465 128 93 280 222 5 227 124 62 175 112 316 217 369 253 467 31 116 22 198 490 274 96 95 90 480
-9 -8 32 0
-20 7 26 0
8 1 -21 0
12 20 7 0
-14 30 -12 0
-17 31 28 0
-18 -28 -23 0
23 -10 -20 0
32 29 -17 0
-6 -29 2 0
-25 -11 10 0
26 -2 -31 0
-3 12 -29 0
-22 -4 7 0
12 19 -24 0
25 19 24 0
10 28 -13 0
11 -10 4 0
-17 9 -20 0
-13 -27 23 0
-5 14 -20 0
-20 2 -23 0
-30 -31 32 0
12 15 -13 0
7 -25 17 0
-21 23 -5 0
27 7 5 0
-8 30 1 0
2 -5 19 0
29 -23 13 0
-23 -30 -20 0
-7 -22 -12 0
22 -29 1 0
-2 -19 -4 0
22 -12 -32 0
-9 -32 -7 0
-26 -17 11 0
-8 -11 4 0
-8 25 -23 0
30 3 -28 0
20 -14 -24 0
-29 25 2 0
-16 -10 19 0
-8 -19 -21 0
-27 -21 -13 0
-12 7 -18 0
-6 -13 -10 0
8 27 -23 0
-25 30 21 0
-31 29 -32 0
