c instance by G2
c solution = 00001011000100100111010010101101
c Known solution cost is 7706 
p cnf 32 50
w 110 427 216 73 388 326 275 82 208 142 100 360 23 128 459 150 126 11 444 308 420 211 162 477 396 61 353 485 187 169 404 25
7 3 13 0
5 2 23 0
21 20 32 0
-5 -14 17 0
-28 -32 -29 0
18 -27 -5 0
-23 -13 5 0
-16 21 -20 0
-22 -31 -29 0
11 27 -12 0
-20 -13 10 0
13 8 -19 0
25 6 17 0
-15 30 13 0
26 -5 -1 0
-17 13 -28 0
-22 -25 -13 0
-12 -18 -9 0
7 -10 15 0
29 21 23 0
-8 -32 19 0
12 -32 11 0
21 -10 -30 0
-7 -6 2 0
24 12 -29 0
17 31 -3 0
-17 -27 -19 0
6 11 29 0
-4 -22 -12 0
-11 6 -10 0
15 -5 -22 0
-20 8 -7 0
-16 27 10 0
17 32 -25 0
32 31 -27 0
16 21 5 0
-20 -23 -29 0
16 20 6 0
22 23 6 0
18 12 -15 0
-24 -5 1 0
4 -11 -25 0
-3 9 2 0
-21 9 2 0
24 21 20 0
13 -23 -22 0
-18 31 29 0
9 27 -1 0
-29 -5 -26 0
-2 -20 -12 0
