c instance by G2
c solution = 11001101111111011111001111100110
c Known solution cost is 7752 
p cnf 32 50
w 418 59 418 369 319 304 457 159 47 461 470 113 192 30 304 28 175 30 423 118 282 389 352 42 1 358 261 208 149 177 385 254
24 -23 7 0
25 -15 -3 0
14 24 18 0
23 -9 -19 0
31 -6 -19 0
13 -20 -11 0
-5 -23 31 0
14 -29 -13 0
-16 28 -3 0
-20 9 11 0
-6 4 30 0
-2 6 -12 0
-18 -14 -7 0
-4 -14 -17 0
-26 -13 10 0
2 -17 -12 0
-23 26 3 0
21 -27 31 0
-22 7 28 0
-12 16 -5 0
-25 18 -26 0
-16 -32 -20 0
19 -2 -31 0
-29 32 -18 0
-12 -16 8 0
-15 -31 -2 0
-2 23 -13 0
-30 7 25 0
-12 3 17 0
-13 -3 -12 0
-10 -5 14 0
-31 32 1 0
-28 -13 22 0
-2 10 -19 0
-23 29 27 0
-6 -30 1 0
-21 30 -19 0
-25 2 22 0
-6 -21 -5 0
-15 28 3 0
9 3 -11 0
-18 10 19 0
20 -30 -9 0
-12 -16 14 0
12 -2 -1 0
7 5 4 0
13 29 -21 0
16 4 7 0
6 -7 -26 0
-19 22 11 0
