c instance by G2
c solution = 11110000100010100110001001011111
c Known solution cost is 8228 
p cnf 32 50
w 298 116 176 62 356 248 41 138 121 323 281 266 495 457 265 37 380 479 34 190 458 120 426 79 208 285 341 327 336 48 446 391
-15 -2 -12 0
31 -8 -15 0
7 -14 -20 0
-19 32 -26 0
-4 10 2 0
-15 21 19 0
-18 29 16 0
16 23 -13 0
-15 -2 -7 0
10 -24 16 0
-21 -15 -4 0
21 -12 30 0
-31 9 21 0
1 15 22 0
-27 -28 10 0
19 27 -32 0
-31 -22 17 0
-28 -14 5 0
17 -31 28 0
-5 7 -32 0
5 -2 -27 0
18 -32 20 0
4 -7 -16 0
10 12 30 0
-7 -30 -10 0
-11 6 -19 0
-23 18 -14 0
-26 1 -13 0
4 -6 -24 0
5 3 -29 0
4 1 -3 0
1 -32 6 0
-22 3 21 0
-31 15 -19 0
-6 -19 8 0
-10 17 6 0
7 14 31 0
-28 4 12 0
13 -30 14 0
-1 4 -6 0
-6 17 10 0
25 21 13 0
12 26 -4 0
-3 -13 -8 0
30 27 8 0
-25 -1 -19 0
22 -17 -28 0
17 7 -16 0
8 -24 16 0
6 -20 11 0
