c instance by G2
c solution = 11001011100010000001010100111110
c Known solution cost is 7813 
p cnf 32 50
w 275 202 57 82 464 490 84 216 85 87 240 469 271 324 461 324 294 88 190 425 325 96 396 414 47 121 106 292 412 179 65 232
32 -23 -22 0
-26 21 -1 0
31 -20 -27 0
-29 -13 -19 0
-29 -5 24 0
16 -14 15 0
-32 14 9 0
-27 -5 -17 0
30 19 12 0
22 -32 2 0
9 -11 4 0
31 -7 19 0
26 32 1 0
-6 30 -2 0
2 -29 21 0
11 1 20 0
-31 12 -25 0
-1 -4 -27 0
-12 15 20 0
19 32 8 0
8 17 32 0
-21 -8 -27 0
-24 -5 -6 0
-14 2 23 0
-29 2 -27 0
29 15 -22 0
-17 -2 -6 0
8 -21 -14 0
-21 16 6 0
12 27 21 0
13 3 -7 0
-7 17 -12 0
-13 17 -16 0
-7 -17 26 0
-32 -16 6 0
24 16 9 0
25 -24 -11 0
-18 -28 -8 0
7 -29 10 0
18 28 -29 0
-15 -9 6 0
5 -7 -22 0
23 16 -10 0
25 -3 18 0
-26 3 -22 0
-2 18 -32 0
29 -15 23 0
-31 20 -5 0
-27 -20 9 0
22 17 12 0
