c instance by G2
c solution = 11111110101101101011001001000011
c Known solution cost is 8053 
p cnf 32 50
w 104 290 93 117 285 362 404 276 348 90 444 186 393 471 165 323 190 441 301 30 137 433 124 166 107 74 30 117 445 250 455 402
1 10 -14 0
-18 -5 -32 0
31 24 21 0
-16 -17 2 0
25 1 16 0
21 29 3 0
2 -6 18 0
-24 18 -17 0
13 -24 -22 0
20 24 -17 0
-25 29 10 0
-14 24 5 0
-11 8 15 0
14 -21 20 0
-31 11 -9 0
13 -3 1 0
26 -23 -20 0
-15 -27 21 0
22 -8 15 0
-23 -20 -28 0
13 -1 4 0
-16 -23 30 0
-21 -9 -6 0
-10 30 -2 0
22 -30 -17 0
28 -8 25 0
7 -3 -2 0
32 22 24 0
-6 -16 -24 0
-8 27 10 0
-26 -13 18 0
-17 -1 -25 0
7 -10 -31 0
8 11 -13 0
30 -12 9 0
-29 -23 16 0
30 19 -9 0
-13 4 3 0
-9 26 -27 0
-26 6 -11 0
-8 32 -14 0
-14 22 17 0
-22 -3 -4 0
26 3 18 0
23 13 29 0
-22 17 -26 0
4 -20 30 0
14 -2 -1 0
-20 10 12 0
10 4 22 0
