c instance by G2
c solution = 01000010101110011000111101010001
c Known solution cost is 7323 
p cnf 32 50
w 446 208 85 189 164 449 63 230 44 341 45 376 439 96 117 210 53 293 438 107 55 123 169 77 407 495 219 356 276 245 44 464
17 1 -16 0
-8 -11 31 0
-11 -22 9 0
-23 -17 32 0
-3 -4 -19 0
-12 -1 16 0
-8 21 -26 0
6 -1 -28 0
6 -18 15 0
-4 27 25 0
22 15 -27 0
-16 -3 1 0
25 5 -20 0
-22 -27 -7 0
16 -24 6 0
19 27 -30 0
1 7 -13 0
-24 12 9 0
10 -7 -31 0
-5 -32 4 0
8 1 -15 0
29 2 -12 0
-32 -9 -30 0
15 -3 -28 0
-21 -20 27 0
15 21 -9 0
5 -25 30 0
-23 -7 17 0
-25 14 23 0
32 1 9 0
31 22 -23 0
24 8 19 0
27 31 -14 0
31 18 13 0
-7 -6 14 0
-14 7 28 0
9 -16 -32 0
-8 16 -14 0
4 26 -32 0
-9 28 30 0
27 -4 30 0
-11 19 23 0
14 -9 12 0
-20 -32 6 0
-28 -24 -19 0
-10 29 -21 0
-7 -10 -3 0
10 1 11 0
-4 1 -10 0
-29 14 -32 0
