c instance by G2
c solution = 00110000000001001101100101010111
c Known solution cost is 6571 
p cnf 32 50
w 245 58 182 44 59 419 250 26 402 30 387 13 241 305 202 213 78 262 81 47 65 308 452 292 378 204 271 2 228 421 331 75
-24 8 31 0
23 -32 -9 0
20 9 -27 0
16 26 27 0
-6 -3 -26 0
1 24 25 0
-19 17 -30 0
-3 12 -23 0
-6 8 -11 0
-15 20 18 0
12 30 19 0
4 8 6 0
-14 -29 11 0
-32 17 5 0
27 32 12 0
21 32 14 0
27 -4 -2 0
-20 -7 -1 0
-18 -12 13 0
7 -22 -28 0
-27 14 -1 0
13 3 22 0
-30 5 -10 0
-26 -30 -5 0
-19 -20 -2 0
-11 23 -30 0
20 1 -30 0
5 -27 -4 0
-18 13 -27 0
-7 23 -20 0
4 -8 28 0
-14 12 -15 0
1 -13 7 0
4 8 -28 0
-19 -5 -20 0
13 30 -31 0
-16 13 8 0
27 7 -8 0
-25 15 -31 0
18 25 1 0
-20 -1 22 0
-28 -21 -5 0
-19 25 23 0
11 -20 21 0
-20 -2 -7 0
-16 6 -24 0
14 15 8 0
-26 9 24 0
2 6 28 0
3 23 6 0
