c instance by G2
c solution = 01111001000111000001001100011100
c Known solution cost is 7122 
p cnf 32 50
w 461 17 409 283 90 13 121 379 281 206 55 36 364 317 18 57 297 310 122 398 75 84 406 220 368 241 63 50 384 475 60 462
23 -13 -4 0
8 17 -5 0
-30 14 15 0
-26 -4 5 0
30 -13 16 0
25 22 -19 0
-32 1 -27 0
-14 -18 -3 0
-23 -28 -22 0
10 2 -3 0
-6 -2 19 0
-29 27 5 0
15 27 -19 0
7 19 13 0
-1 7 -30 0
18 24 16 0
-4 16 14 0
22 -24 12 0
-7 -20 -28 0
32 25 -10 0
4 -28 27 0
-8 22 -16 0
-1 -4 28 0
-6 -2 4 0
-31 22 9 0
-24 -22 -10 0
16 24 -8 0
10 -19 -30 0
-24 21 30 0
1 27 3 0
11 20 -5 0
-6 -23 26 0
31 24 -8 0
-17 16 26 0
17 -21 7 0
-16 12 -20 0
-4 22 29 0
-19 1 -11 0
16 -18 -12 0
1 21 -9 0
16 28 6 0
5 12 10 0
-14 -25 -13 0
23 -11 14 0
-3 24 -1 0
17 19 -11 0
-27 -8 -29 0
-32 25 10 0
-26 27 -23 0
-15 27 17 0
