c instance by G2
c solution = 00011000000110010001001010100111
c Known solution cost is 7169 
p cnf 32 50
w 330 243 97 170 67 295 425 111 460 15 298 195 379 157 50 339 59 486 212 120 471 221 335 1 90 186 409 380 2 17 317 232
-2 -16 6 0
-13 31 3 0
-6 -29 30 0
-18 4 -32 0
-15 3 19 0
1 -5 -14 0
1 -8 3 0
-6 7 -25 0
-20 32 -13 0
12 -32 -29 0
7 5 26 0
12 -26 -18 0
12 21 8 0
-1 28 -12 0
3 22 -17 0
21 32 -30 0
-8 26 -30 0
16 11 14 0
21 -12 30 0
18 -31 -19 0
-20 -11 -13 0
-24 21 -32 0
28 -29 19 0
-23 16 24 0
-20 23 10 0
-9 29 8 0
2 -12 27 0
12 -17 -11 0
21 -30 4 0
-25 27 32 0
14 -21 -5 0
-28 -13 26 0
18 -23 -10 0
29 -16 13 0
8 2 -3 0
20 15 14 0
-1 -14 -9 0
-16 -24 18 0
8 -7 -16 0
-26 -30 -5 0
-5 -14 26 0
3 -29 22 0
-17 -12 5 0
8 -18 26 0
5 3 -19 0
-12 -22 11 0
15 22 25 0
14 12 5 0
-31 23 9 0
-28 15 26 0
