c instance by G2
c solution = 11010110101001110101111111101101
c Known solution cost is 7980 
p cnf 32 50
w 219 447 416 194 315 227 490 20 448 418 249 335 221 100 23 119 35 388 384 487 90 85 400 106 389 356 160 275 124 67 81 312
-6 -25 1 0
2 8 -23 0
-15 32 -21 0
14 2 20 0
13 -8 -16 0
-27 -6 15 0
-19 25 -8 0
5 -16 6 0
-8 -10 30 0
3 -30 -8 0
26 -29 -18 0
-14 -15 7 0
-15 -9 26 0
-25 12 18 0
9 -20 13 0
16 19 -23 0
-7 -31 -24 0
-21 23 -20 0
26 -19 20 0
29 8 -20 0
1 -3 12 0
22 -15 28 0
19 -3 10 0
-18 -5 -16 0
-12 -1 -16 0
10 21 12 0
-32 -20 -17 0
22 -29 13 0
12 28 9 0
21 3 13 0
21 -25 10 0
-1 -6 30 0
-27 3 25 0
-29 4 -2 0
-8 28 -32 0
8 13 20 0
-21 -16 -17 0
-19 -11 31 0
-22 8 18 0
-1 -28 8 0
27 -30 -14 0
31 3 14 0
-1 11 -24 0
-27 3 -13 0
16 28 32 0
-18 -4 16 0
-24 13 -10 0
17 28 24 0
-17 -2 19 0
-11 14 -26 0
