c instance by G2
c solution = 00111000000111011100000101010111
c Known solution cost is 7365 
p cnf 32 50
w 216 466 214 35 466 123 288 439 106 6 239 263 462 155 88 317 244 37 42 150 182 485 179 165 433 2 438 349 173 287 303 13
-4 -21 27 0
32 27 11 0
-10 28 -6 0
29 -6 -18 0
28 6 26 0
-14 20 -1 0
-18 8 17 0
10 1 -25 0
2 13 7 0
-21 16 -10 0
10 31 -14 0
-14 1 -7 0
27 3 6 0
-13 -3 18 0
8 10 -25 0
1 2 14 0
24 4 25 0
-21 6 -32 0
-30 -29 -3 0
-28 2 -8 0
17 18 28 0
23 18 -27 0
5 -16 -31 0
4 -14 8 0
24 -14 -17 0
6 26 19 0
-9 2 -5 0
2 -26 -23 0
1 -30 16 0
-10 27 21 0
23 -13 -27 0
6 -9 3 0
25 -2 -13 0
8 -19 -31 0
-18 9 30 0
21 22 -20 0
-7 12 -31 0
7 -5 28 0
20 -21 29 0
-24 -6 19 0
-28 23 -15 0
-31 24 19 0
-22 14 -9 0
-27 -17 -22 0
-12 -22 -18 0
24 -25 -32 0
-32 6 -15 0
20 -28 12 0
-14 -22 -12 0
23 29 -11 0
