c instance by G2
c solution = 01000101000010010001011100010001
c Known solution cost is 8701 
p cnf 32 50
w 265 196 381 346 486 150 311 277 225 314 31 316 193 196 463 95 138 289 80 475 24 419 421 267 290 293 290 154 353 403 116 444
22 20 -30 0
-15 -13 32 0
1 -25 -10 0
11 -15 -2 0
6 -28 7 0
-31 3 -32 0
-22 30 -7 0
21 -19 -6 0
16 -25 -13 0
-10 2 -29 0
-6 -26 8 0
20 10 4 0
30 17 13 0
-20 -9 12 0
-14 -11 -3 0
-18 -11 -7 0
-17 -25 16 0
26 -1 17 0
17 -29 27 0
-12 11 -30 0
10 -22 -14 0
-21 -7 19 0
25 -14 12 0
4 32 -23 0
17 30 16 0
-32 -2 -17 0
-25 19 -22 0
15 -4 -6 0
19 24 7 0
27 5 -12 0
14 -30 -27 0
26 12 28 0
-21 -13 -4 0
8 -23 15 0
31 -32 -10 0
22 -13 -28 0
4 17 -18 0
29 -5 15 0
-13 -1 -11 0
18 30 24 0
-30 14 -22 0
-24 29 -3 0
-11 25 26 0
-8 -26 -16 0
-27 17 1 0
-32 -21 30 0
2 -8 21 0
-28 -20 -27 0
31 -9 8 0
-6 3 23 0
