c instance by G2
c solution = 11101011000010010100111010010100
c Known solution cost is 8055 
p cnf 32 50
w 127 72 76 242 2 373 330 370 270 222 300 483 160 236 344 142 142 486 296 310 2 167 77 399 300 267 188 358 430 281 305 298
23 10 28 0
-1 6 16 0
9 -4 -25 0
26 6 28 0
-25 19 8 0
-18 28 -5 0
-24 6 -2 0
12 32 -14 0
-21 2 9 0
-25 -21 13 0
4 -2 25 0
6 -19 -15 0
8 -24 11 0
-16 5 -8 0
5 -7 -28 0
27 26 -29 0
20 14 -10 0
-31 12 -21 0
18 -8 -30 0
-31 9 19 0
18 -10 -6 0
-30 -19 -13 0
-17 -13 10 0
-8 -1 -31 0
20 -9 -11 0
24 -22 -26 0
11 -6 -19 0
-6 -10 26 0
-13 8 26 0
-18 -28 7 0
10 15 1 0
-2 -19 30 0
8 6 -28 0
-9 15 13 0
-7 -15 14 0
-30 4 -32 0
32 26 -20 0
-22 -24 14 0
-25 19 -12 0
31 -30 23 0
-6 -25 17 0
-26 -3 -22 0
-2 -25 3 0
21 27 -16 0
-9 24 17 0
10 -22 -19 0
32 -11 -5 0
-27 24 -30 0
30 -13 -25 0
-2 9 22 0
