c instance by G2
c solution = 11010000110001100110100101011001
c Known solution cost is 9514 
p cnf 32 50
w 345 104 496 453 316 94 440 90 101 303 115 450 410 482 188 6 428 205 291 484 420 102 484 50 66 358 440 382 491 442 19 459
-18 1 -5 0
-8 -21 -32 0
1 -8 -32 0
-9 19 -28 0
25 21 4 0
-22 20 10 0
11 -9 28 0
23 -5 -10 0
-2 28 25 0
-3 -19 2 0
22 -13 27 0
-22 -32 -9 0
3 -23 31 0
-5 -3 -2 0
-15 -16 -19 0
16 -3 -14 0
-20 21 -1 0
-6 23 30 0
25 -10 -27 0
-32 15 20 0
-4 -11 -13 0
2 25 -17 0
-25 -11 5 0
25 10 27 0
-1 17 32 0
-11 -21 23 0
-19 -31 17 0
9 13 -4 0
-25 -26 -29 0
6 -19 29 0
-18 4 31 0
-7 30 5 0
8 -32 -22 0
-7 -19 16 0
18 3 -10 0
-20 -15 27 0
-7 -26 30 0
-29 -12 20 0
13 22 -27 0
-1 -19 -17 0
3 26 16 0
-29 -13 -24 0
-19 14 -32 0
-2 -12 -29 0
-19 6 1 0
22 -29 19 0
21 -1 13 0
8 -30 17 0
11 16 24 0
27 6 2 0
