c instance by G2
c solution = 00011001101001111111111100100000
c Known solution cost is 8585 
p cnf 32 50
w 310 438 109 352 198 295 376 442 340 478 415 132 40 189 170 63 488 441 150 292 213 410 25 103 267 351 225 89 428 196 175 385
11 12 9 0
1 25 4 0
3 -9 -26 0
15 27 -23 0
-13 -16 -19 0
-9 31 -12 0
-11 17 -20 0
-3 -22 2 0
6 -7 -11 0
-5 -9 -1 0
15 -21 -11 0
17 -3 -12 0
9 -15 -11 0
23 18 -9 0
24 -21 -27 0
6 5 -16 0
-1 6 -22 0
14 -27 -8 0
-14 6 18 0
-11 -30 2 0
9 13 -14 0
30 -12 -27 0
-17 26 8 0
-28 -8 -9 0
-22 -6 -12 0
24 26 27 0
-18 10 15 0
-9 -24 -2 0
28 5 -1 0
-18 10 -25 0
-5 32 19 0
-5 -29 2 0
-29 -19 28 0
21 -27 6 0
27 -4 28 0
-27 -16 -6 0
-29 -32 26 0
-25 -21 -6 0
23 12 3 0
16 -17 -19 0
-24 -19 -32 0
32 -10 31 0
-5 9 23 0
-5 -31 -8 0
24 4 14 0
-15 11 -17 0
-8 28 22 0
-14 25 16 0
20 31 7 0
32 13 -28 0
