c instance by G2
c solution = 10110000001110000000000101101101
c Known solution cost is 7292 
p cnf 32 50
w 24 163 139 382 282 77 381 443 425 192 37 23 469 429 200 274 253 307 200 172 37 369 96 66 419 224 143 49 159 335 445 78
-30 -32 -9 0
4 -2 20 0
-25 1 16 0
-4 2 -23 0
-8 -26 28 0
-2 5 14 0
25 -28 -19 0
18 -7 -25 0
-10 -32 -12 0
-4 -13 -6 0
-18 23 6 0
4 -1 14 0
16 12 8 0
24 -22 -7 0
-13 8 -31 0
-5 -13 14 0
27 15 -12 0
23 -18 20 0
19 -15 14 0
-2 -13 -31 0
30 23 -26 0
-19 -17 -14 0
-7 23 -29 0
32 17 -29 0
8 17 1 0
13 -32 16 0
-10 -12 -29 0
13 7 -4 0
-32 26 -24 0
21 17 -16 0
18 -26 11 0
-11 15 -17 0
-11 -32 29 0
6 3 14 0
7 14 24 0
-20 -12 9 0
-19 -29 -26 0
-4 31 -28 0
-12 -2 7 0
13 25 5 0
22 -7 14 0
22 -25 10 0
-20 31 -22 0
-32 -2 19 0
-3 -22 7 0
28 23 -14 0
-23 25 -21 0
-26 -30 -18 0
-6 -11 -12 0
-24 -26 -21 0
