c instance by G2
c solution = 10001100011010100011001110001010
c Known solution cost is 8765 
p cnf 32 50
w 69 481 102 66 82 237 439 131 325 51 475 414 220 427 292 300 437 396 292 141 407 156 442 334 79 343 443 162 244 201 298 279
-25 -22 4 0
32 -17 27 0
-23 26 -2 0
18 6 -20 0
-3 -14 -7 0
-23 -12 -10 0
-21 -23 16 0
2 12 24 0
32 1 4 0
31 -1 14 0
22 -9 3 0
-11 -15 13 0
10 -11 30 0
-31 5 12 0
20 -31 27 0
-17 32 -10 0
-14 -29 22 0
-9 23 -31 0
-4 -22 -29 0
-10 20 16 0
-18 8 31 0
-18 32 -20 0
18 -2 4 0
28 -1 29 0
23 -25 -10 0
-1 -3 16 0
-7 14 21 0
-4 3 2 0
28 16 19 0
14 -12 -6 0
-5 15 30 0
-29 4 -21 0
-16 17 4 0
-5 -29 -7 0
10 -16 -18 0
1 -18 -25 0
-17 -30 -18 0
4 -22 18 0
-32 -6 -1 0
-30 7 2 0
-28 13 -20 0
-25 11 -23 0
-13 -26 12 0
-14 -6 11 0
-31 3 -27 0
8 -29 25 0
32 -23 -8 0
21 -28 -19 0
6 28 17 0
-30 21 26 0
