c instance by G2
c solution = 10000001111111001101011001001010
c Known solution cost is 7310 
p cnf 32 50
w 121 433 18 328 445 39 6 477 256 322 111 4 412 334 317 88 415 20 468 467 91 380 390 109 85 24 277 395 174 54 81 169
30 -10 8 0
-19 -23 -20 0
31 -11 7 0
21 20 1 0
24 16 22 0
-10 -6 -25 0
3 -2 -9 0
-31 25 22 0
3 22 12 0
-27 17 5 0
-15 31 -3 0
6 17 -1 0
24 11 6 0
-14 7 10 0
-8 -7 -14 0
19 3 -32 0
-7 8 28 0
-14 3 -21 0
-29 27 -6 0
14 9 -13 0
-18 12 4 0
-31 20 -29 0
-23 1 31 0
27 28 9 0
3 9 30 0
-25 -22 -29 0
13 -11 3 0
-20 29 16 0
-30 4 -11 0
17 26 -21 0
19 16 -7 0
-13 -28 7 0
5 10 -16 0
4 -27 -17 0
28 26 32 0
-17 6 23 0
3 23 -5 0
-31 -10 -5 0
8 6 -12 0
8 28 -7 0
-15 -13 -9 0
-2 21 -28 0
-10 19 14 0
25 -8 18 0
8 -2 -20 0
3 -4 -29 0
-29 1 -14 0
-16 -17 5 0
-23 -24 5 0
-23 -3 -10 0
