c instance by G2
c solution = 10010001110001000111011100010011
c Known solution cost is 8281 
p cnf 32 50
w 18 268 48 245 282 172 312 490 322 59 408 162 288 489 412 307 448 13 372 96 214 467 305 218 11 436 89 316 345 117 443 109
1 -31 7 0
21 -1 -3 0
-11 2 3 0
10 -31 2 0
-3 -12 -16 0
-29 -19 -10 0
7 2 -21 0
-1 -32 8 0
-17 -30 10 0
-24 -8 -17 0
-4 9 -24 0
-31 -27 -23 0
17 23 -24 0
19 12 6 0
-8 -28 -30 0
14 -32 6 0
27 -4 -6 0
-13 7 -28 0
-32 29 31 0
7 15 8 0
28 11 12 0
-7 -12 30 0
3 24 27 0
-12 -9 -14 0
-16 -19 -4 0
10 -26 13 0
29 -23 10 0
-1 -16 -30 0
-14 15 -7 0
-28 -8 -2 0
-26 -4 6 0
-24 29 20 0
-5 -1 12 0
18 -4 -30 0
-8 3 18 0
-27 -22 -11 0
19 -25 27 0
23 -8 2 0
-22 -15 25 0
-17 -30 11 0
-30 7 -15 0
2 -15 14 0
-9 32 -19 0
13 4 25 0
-26 27 -19 0
27 -25 12 0
19 -6 -3 0
-14 -19 32 0
26 22 17 0
-11 10 -3 0
