c instance by G2
c solution = 01000011001010010111010101110010
c Known solution cost is 8336 
p cnf 32 50
w 117 226 280 415 44 130 400 13 422 242 120 341 34 142 342 343 414 31 78 52 261 456 372 391 407 300 252 460 218 234 363 436
-14 -26 -13 0
-25 -18 17 0
25 -7 -6 0
29 -4 -7 0
26 16 8 0
-1 -28 -2 0
24 14 -20 0
-11 -20 -32 0
-31 11 -19 0
-31 4 22 0
-27 -20 19 0
-19 4 27 0
1 27 -20 0
21 14 -12 0
-31 6 13 0
-2 -1 -20 0
-15 -13 -26 0
18 5 32 0
-32 29 -22 0
-1 -8 -5 0
23 -30 21 0
27 -21 -1 0
-5 -9 4 0
27 3 28 0
19 3 23 0
-23 16 -1 0
-10 -11 5 0
-13 7 4 0
32 9 -23 0
-3 -20 -26 0
-26 32 16 0
29 2 23 0
-2 -22 -10 0
-16 -15 9 0
26 -27 -14 0
-28 29 20 0
4 -25 18 0
-6 -7 -24 0
3 -17 15 0
-19 31 -27 0
11 -16 5 0
32 -9 -18 0
-21 8 3 0
-16 26 -19 0
30 -26 -21 0
20 15 -4 0
15 9 -29 0
-5 -31 -18 0
29 8 -7 0
28 -2 10 0
