c instance by G2
c solution = 11101111110001111000011101001000
c Known solution cost is 7366 
p cnf 32 50
w 84 261 82 62 107 104 0 41 35 316 477 306 329 277 342 248 450 348 436 191 484 209 47 179 105 3 258 371 430 465 136 183
-31 -5 18 0
24 -21 -23 0
-22 -28 30 0
7 32 11 0
-20 -18 32 0
24 31 -26 0
9 25 -16 0
16 -23 12 0
-3 20 -27 0
-1 8 25 0
-17 9 -22 0
7 32 -12 0
-8 18 -21 0
27 32 17 0
-8 -25 -9 0
-6 31 -11 0
-22 10 -17 0
12 -32 -9 0
28 1 -26 0
32 -12 -9 0
-2 18 16 0
19 -13 21 0
-9 -20 28 0
-13 -31 -12 0
23 27 -14 0
3 -25 -16 0
21 2 -26 0
-1 5 -2 0
29 -24 -6 0
32 26 -10 0
6 19 31 0
15 21 -1 0
-1 30 22 0
-23 14 28 0
31 -9 -18 0
21 -29 1 0
30 28 -19 0
-5 26 -10 0
-9 15 25 0
-6 23 -32 0
23 4 9 0
-29 -26 3 0
24 -25 -22 0
18 28 -4 0
-17 -15 24 0
-11 -17 13 0
18 14 -11 0
-23 -14 -30 0
27 -7 2 0
-18 -28 23 0
