c instance by G2
c solution = 01001011010000000100001011101001
c Known solution cost is 8592 
p cnf 32 50
w 156 349 476 234 87 182 267 448 416 185 72 328 253 129 77 380 13 454 457 392 435 474 349 32 387 137 32 434 107 478 339 33
14 29 -7 0
-22 -20 -23 0
-13 -26 16 0
-27 2 -25 0
-11 -9 -22 0
23 -8 4 0
-7 -12 6 0
-20 12 6 0
26 12 -18 0
-10 5 32 0
-9 17 22 0
-7 -4 17 0
22 -18 5 0
3 18 31 0
7 27 -28 0
-1 20 -5 0
-18 -3 20 0
-28 -3 22 0
-29 28 -14 0
16 30 -11 0
4 19 -24 0
21 17 -22 0
10 4 3 0
12 -20 -30 0
31 -23 7 0
12 16 -30 0
-26 17 27 0
-23 11 -28 0
10 -23 13 0
-16 -26 -2 0
-10 21 18 0
17 2 16 0
-24 13 -5 0
9 4 -6 0
22 -5 8 0
3 25 -18 0
-8 -17 -25 0
30 13 -19 0
32 -8 20 0
15 2 -25 0
3 26 -32 0
-15 11 31 0
12 -31 19 0
29 3 25 0
24 10 12 0
28 -2 18 0
-29 -4 -25 0
13 7 -29 0
1 -23 -21 0
-20 22 31 0
