c instance by G2
c solution = 00111001111100101001111010100011
c Known solution cost is 8043 
p cnf 32 50
w 472 465 207 29 224 131 229 82 137 486 440 13 437 449 173 441 236 32 71 105 363 369 220 68 33 47 117 302 367 425 419 454
-1 -7 8 0
-11 22 -10 0
20 -13 -12 0
12 -23 -32 0
8 24 -15 0
-15 21 -16 0
11 21 30 0
26 17 -31 0
27 13 -10 0
-2 -9 -20 0
30 11 18 0
1 25 26 0
-22 3 14 0
-13 28 14 0
18 5 -3 0
-19 25 -30 0
31 32 -3 0
7 2 5 0
19 1 31 0
-27 19 -29 0
24 10 14 0
9 -30 -17 0
19 25 30 0
28 -32 -24 0
2 -3 -26 0
-12 -1 24 0
14 12 19 0
-18 -12 -20 0
16 28 15 0
-8 32 -23 0
-11 18 -28 0
-14 -32 7 0
-16 13 30 0
-26 13 -11 0
18 -6 -17 0
30 32 -11 0
21 30 16 0
-15 9 -11 0
12 -9 4 0
-17 -8 -1 0
-32 4 6 0
-12 -21 -13 0
-30 -9 -25 0
18 -23 -19 0
15 23 19 0
-20 -7 -31 0
-4 -10 -7 0
1 29 23 0
14 16 20 0
-7 2 6 0
