c instance by G2
c solution = 00110100110110010010001010100111
c Known solution cost is 8404 
p cnf 32 50
w 242 368 419 283 245 81 461 188 300 233 397 381 21 233 326 476 198 171 149 158 37 160 337 301 66 439 440 211 361 44 376 302
-20 -12 29 0
-6 8 -24 0
-11 8 -4 0
18 -16 -24 0
-31 9 -25 0
-4 -10 23 0
1 12 -27 0
4 -31 22 0
-6 -25 13 0
25 26 2 0
32 18 -10 0
-27 31 -11 0
-8 -32 20 0
15 -1 5 0
-11 -28 1 0
-14 6 -16 0
18 16 17 0
29 21 -15 0
30 -3 17 0
29 3 -31 0
-28 -4 1 0
10 -28 4 0
20 29 -14 0
-5 26 11 0
-1 13 19 0
28 -22 11 0
7 -3 10 0
-7 -12 -30 0
-15 1 11 0
-9 -20 -12 0
12 11 13 0
-23 6 24 0
3 23 -29 0
-26 -31 -10 0
-25 -18 -28 0
21 -15 29 0
-23 -3 6 0
27 -9 8 0
24 27 -6 0
-29 7 -9 0
31 2 7 0
17 21 -18 0
7 -2 1 0
-32 -17 -9 0
-8 -20 1 0
-32 5 3 0
-13 -19 -26 0
26 -4 -21 0
19 20 -9 0
-1 -18 2 0
