c instance by G2
c solution = 10111011011101100100101100101010
c Known solution cost is 8529 
p cnf 32 50
w 438 145 301 27 140 147 276 20 120 286 423 421 136 27 298 170 398 251 148 432 247 281 430 340 372 33 420 499 450 450 181 222
9 -2 32 0
-21 -8 -6 0
-19 16 22 0
-28 -15 -24 0
-16 14 8 0
-27 -8 -16 0
12 -10 -18 0
13 -4 21 0
7 28 -4 0
-3 11 22 0
30 -6 4 0
-4 20 8 0
-27 29 -14 0
10 17 -21 0
-2 13 -24 0
23 3 -6 0
-27 9 -22 0
-5 -20 16 0
16 18 13 0
-3 -18 -13 0
29 -10 11 0
17 4 -21 0
-15 3 -27 0
-19 -32 9 0
28 -12 14 0
-22 -19 24 0
27 9 8 0
-6 -24 -5 0
16 -18 1 0
9 -27 -25 0
-18 21 11 0
-15 27 -11 0
16 8 -15 0
-11 -28 -10 0
-4 1 7 0
-26 2 16 0
-27 20 -9 0
-24 -9 -27 0
15 28 -23 0
2 -26 19 0
32 -11 23 0
-30 6 -21 0
-18 26 -19 0
17 -23 31 0
5 20 28 0
-1 22 -32 0
15 -26 3 0
-17 25 6 0
2 24 19 0
6 -8 14 0
