c instance by G2
c solution = 00000101110011101001001110010011
c Known solution cost is 9392 
p cnf 32 50
w 201 476 50 383 415 263 493 193 144 481 235 307 10 157 423 118 406 458 408 217 106 402 230 277 264 403 251 320 270 227 324 480
-26 -28 -20 0
-17 -12 -32 0
-13 -4 -32 0
-23 -10 6 0
26 -18 2 0
30 29 -4 0
-4 9 -26 0
22 -2 30 0
10 27 -24 0
-21 -16 -29 0
8 -31 19 0
18 21 -22 0
-29 2 -31 0
29 -2 11 0
20 26 24 0
-5 3 22 0
-30 -25 -24 0
-28 -19 -15 0
24 -15 -13 0
17 3 -31 0
30 -8 14 0
-10 -32 8 0
16 -13 9 0
11 -12 8 0
-20 17 -23 0
20 12 4 0
21 19 -18 0
-3 -25 -23 0
4 -5 -19 0
-32 18 28 0
25 -15 18 0
30 23 -8 0
27 -12 18 0
-21 -9 -6 0
10 -28 -22 0
1 23 -3 0
32 -31 -8 0
5 -29 20 0
-11 -20 19 0
-32 -2 12 0
-27 7 22 0
-6 15 -10 0
31 17 6 0
19 -17 31 0
-25 4 -7 0
23 16 -19 0
-16 -8 -17 0
1 -8 13 0
23 29 17 0
-1 -10 -31 0
