c instance by G2
c solution = 01101000101100101101110001100101
c Known solution cost is 7354 
p cnf 32 50
w 452 374 205 212 292 201 246 132 142 367 42 52 33 19 113 270 317 165 116 401 111 437 66 22 170 396 498 72 311 248 485 387
-2 32 25 0
6 1 32 0
14 24 21 0
-26 23 -28 0
-28 -26 1 0
-5 -12 11 0
24 15 18 0
3 21 31 0
16 1 15 0
-24 13 19 0
28 -29 -9 0
31 -18 26 0
6 -2 30 0
28 -4 -27 0
-12 -27 22 0
-29 -25 -13 0
30 -4 7 0
25 -7 21 0
-2 16 20 0
-22 -20 27 0
3 7 25 0
-1 10 24 0
-31 29 -17 0
29 19 12 0
-19 -21 14 0
-22 12 14 0
-8 -9 25 0
18 -15 -32 0
-7 14 -10 0
-5 -14 20 0
-3 -10 13 0
-21 5 4 0
17 -2 28 0
15 -13 -21 0
-26 -6 -3 0
16 9 24 0
-11 -15 -7 0
4 -26 -14 0
-18 -9 -13 0
-27 5 15 0
1 -9 -16 0
-5 17 8 0
-19 1 -32 0
-32 2 -30 0
6 -5 -25 0
-10 23 8 0
29 6 -8 0
-15 -13 31 0
-11 -30 -23 0
3 21 17 0
