c instance by G2
c solution = 00110011001000000001111100011100
c Known solution cost is 6545 
p cnf 32 50
w 173 39 304 287 33 385 20 357 16 403 424 383 267 3 179 199 412 89 303 433 247 21 10 451 63 117 49 119 21 37 363 338
-12 -25 -22 0
-16 17 -12 0
-5 -3 -11 0
15 -27 14 0
31 25 -13 0
20 17 16 0
-2 -20 19 0
19 -21 4 0
11 -30 -3 0
11 -28 14 0
25 -27 9 0
6 10 -25 0
25 -21 24 0
-27 8 -25 0
-15 -27 -10 0
12 -11 29 0
-16 10 -32 0
25 2 21 0
-9 32 19 0
-1 28 8 0
13 -28 -10 0
13 -14 -4 0
1 14 -31 0
-15 -12 4 0
-29 -19 6 0
2 20 -13 0
-12 19 -21 0
1 -28 8 0
-20 -8 23 0
32 -18 31 0
-17 13 26 0
14 17 -9 0
27 28 1 0
1 13 -15 0
2 -5 -3 0
17 -26 -28 0
30 32 15 0
25 -7 -16 0
-19 16 25 0
2 7 16 0
25 -11 22 0
22 -30 -17 0
-12 23 17 0
6 -1 -21 0
-23 -32 -7 0
3 -23 7 0
14 3 19 0
4 10 -29 0
27 -6 9 0
-5 9 12 0
