c instance by G2
c solution = 011011000110100011001001011101
c Known solution cost is 9451 
p cnf 30 50
w 483 375 355 92 379 229 466 163 330 100 9 481 292 235 331 234 458 375 258 438 473 410 237 334 425 390 206 481 86 326
-8 -13 3 0
25 -22 -6 0
26 1 -6 0
-30 12 -14 0
27 7 -26 0
-10 30 8 0
-21 12 -29 0
-11 18 15 0
30 -27 9 0
-23 8 -24 0
-1 12 25 0
20 30 25 0
28 8 20 0
-20 -3 4 0
-28 6 15 0
1 -6 -19 0
-7 29 -21 0
-19 -21 25 0
11 -6 25 0
13 -22 15 0
1 -18 -16 0
4 -7 12 0
-13 -3 -4 0
2 -30 -13 0
-8 4 6 0
-8 -10 30 0
21 -3 -28 0
24 19 22 0
5 23 -11 0
9 -13 10 0
-25 -15 -3 0
-10 3 -27 0
-13 -27 11 0
25 -13 -9 0
-6 -4 7 0
23 16 -9 0
-12 -11 9 0
4 18 -1 0
6 -10 -17 0
-11 -25 -27 0
1 -15 -17 0
26 -2 -27 0
17 -27 15 0
13 -18 -30 0
16 14 27 0
-13 -18 5 0
-20 2 25 0
-28 -8 1 0
-17 -19 25 0
26 5 -15 0
