c instance by G2
c solution = 101011001011100010100000111011
c Known solution cost is 7507 
p cnf 30 50
w 202 459 229 387 244 35 294 326 468 325 80 394 457 90 91 159 321 164 243 313 342 160 64 172 222 150 315 270 278 253
-21 -3 -5 0
10 -15 -11 0
14 12 -29 0
10 -14 -11 0
-20 11 -13 0
-30 1 -7 0
25 -3 23 0
-21 -17 -5 0
-8 -5 -9 0
-5 10 13 0
-26 -2 -13 0
26 30 -13 0
-7 -13 -2 0
20 30 -11 0
3 14 2 0
18 27 -26 0
-26 -6 1 0
-1 3 28 0
14 26 21 0
22 6 -12 0
2 -8 24 0
-11 -24 -15 0
26 -23 22 0
2 24 6 0
-13 14 11 0
16 20 -2 0
-19 -18 -3 0
-17 26 29 0
10 -25 9 0
2 16 -18 0
-5 -19 -2 0
23 -6 -7 0
-27 -23 -3 0
21 -16 2 0
21 -15 -7 0
-2 -20 7 0
13 -25 -12 0
-13 2 5 0
-25 16 -14 0
17 22 24 0
-5 -22 -26 0
29 16 -6 0
-24 22 14 0
-29 -28 -12 0
-30 -4 20 0
-6 -25 19 0
15 -19 -20 0
-9 -10 2 0
-13 28 29 0
-27 -19 -24 0
