c instance by G2
c solution = 000011100101111100111110010001
c Known solution cost is 6922 
p cnf 30 50
w 419 36 11 337 375 260 151 436 186 445 109 381 54 125 230 320 233 168 168 245 321 116 382 117 158 408 89 232 296 114
-23 -29 -13 0
15 23 -13 0
29 -2 -25 0
-28 3 27 0
18 -22 5 0
5 -27 -23 0
-1 -6 25 0
-19 -15 21 0
19 -5 -10 0
-24 -13 -15 0
1 30 -15 0
9 14 28 0
25 -28 -23 0
7 4 11 0
-22 -10 -25 0
-8 25 -9 0
-3 24 25 0
22 -15 28 0
-22 -9 24 0
-24 11 -30 0
23 -11 -1 0
1 -13 6 0
-20 -4 27 0
27 -24 22 0
-14 -21 10 0
-18 30 -1 0
24 -22 15 0
4 -16 -8 0
25 -9 19 0
29 13 -7 0
-5 -14 -8 0
25 30 29 0
-20 29 26 0
19 -15 -16 0
7 -5 -6 0
-8 -10 7 0
-2 29 24 0
11 -30 -24 0
27 4 -17 0
26 -13 -14 0
2 -7 -9 0
-25 2 -6 0
-11 -23 -5 0
29 23 17 0
-18 -5 -23 0
-19 -14 -27 0
25 16 -5 0
-23 -22 20 0
29 12 -7 0
4 19 -20 0
