c instance by G2
c solution = 101000001000111111110010011011
c Known solution cost is 9332 
p cnf 30 50
w 460 290 370 427 282 3 461 155 478 383 387 37 339 262 163 7 305 227 319 411 78 137 388 449 245 358 466 480 469 496
-10 -23 6 0
28 13 -30 0
-4 11 17 0
-16 -28 -6 0
-25 -13 -27 0
29 18 -20 0
-16 22 19 0
-27 15 10 0
-18 17 -29 0
-20 10 -2 0
28 20 4 0
-27 -7 25 0
-23 -25 8 0
11 -26 14 0
30 28 -26 0
23 -7 -12 0
-9 27 -3 0
10 -14 17 0
-28 -3 -19 0
-25 -14 1 0
7 -10 -21 0
-11 -3 21 0
-22 25 21 0
10 12 17 0
19 8 24 0
22 30 -16 0
-11 -13 28 0
25 5 14 0
-5 10 6 0
10 14 1 0
-2 18 10 0
10 4 26 0
4 7 9 0
-9 1 -13 0
-6 20 30 0
-19 22 -11 0
13 -7 20 0
3 25 7 0
10 -23 -24 0
12 -18 29 0
4 6 -12 0
-15 24 23 0
11 -21 -16 0
24 -8 -18 0
-11 -30 -15 0
8 -26 -6 0
21 16 -14 0
-4 2 -26 0
21 13 17 0
10 18 2 0
