c instance by G2
c solution = 000111001000101100111101011001
c Known solution cost is 7105 
p cnf 30 50
w 453 42 1 460 62 113 485 96 16 48 334 422 278 197 310 287 451 124 137 57 286 342 363 483 127 293 285 423 12 118
-7 -1 24 0
21 26 22 0
-16 -22 -1 0
-21 -26 24 0
-2 10 23 0
20 -29 -12 0
18 -20 -17 0
3 -22 19 0
-20 -25 8 0
5 -22 8 0
29 -10 28 0
-11 -4 -20 0
-23 29 -19 0
3 -14 -16 0
29 -16 9 0
29 21 11 0
22 16 21 0
15 -30 -16 0
25 2 22 0
28 22 -17 0
10 12 -17 0
-6 -7 -9 0
10 30 23 0
19 -15 -21 0
-30 -24 6 0
-16 -15 26 0
14 -29 19 0
19 2 -9 0
27 22 -19 0
25 5 14 0
-24 11 -29 0
28 -5 -8 0
-6 7 20 0
2 13 -6 0
-19 -8 -7 0
-9 30 12 0
-26 16 -15 0
-18 -9 11 0
-26 28 27 0
25 2 26 0
-14 28 9 0
-28 19 -16 0
-26 -27 -12 0
-16 22 -19 0
-30 -14 13 0
-13 8 4 0
-7 2 -29 0
29 -20 -28 0
-6 -30 -3 0
3 -5 21 0
