c instance by G2
c solution = 011010101111101110011010011000
c Known solution cost is 7883 
p cnf 30 50
w 428 345 190 136 3 461 383 401 374 406 442 428 34 344 439 79 213 134 317 227 345 91 200 314 399 148 39 470 52 41
20 -23 8 0
-8 -10 24 0
15 -10 -5 0
-15 -4 25 0
-9 -6 29 0
-1 25 24 0
5 -23 25 0
-21 -14 29 0
18 -26 10 0
11 8 30 0
-20 -11 -30 0
-11 20 17 0
-8 -17 24 0
19 3 30 0
-5 21 -19 0
22 17 -2 0
-25 -3 -13 0
-23 12 8 0
12 17 20 0
14 -17 21 0
-13 28 21 0
6 28 21 0
30 18 9 0
-24 -21 -16 0
-13 23 -15 0
26 4 16 0
-3 -26 15 0
4 11 12 0
1 6 26 0
-5 -22 -25 0
-3 16 24 0
21 -12 13 0
-13 19 2 0
-5 6 7 0
29 6 -19 0
-19 10 7 0
-19 -30 -9 0
7 -20 -30 0
-23 -15 -29 0
18 1 17 0
-3 -5 13 0
-16 -10 27 0
17 -2 -21 0
-7 -9 -28 0
18 15 -12 0
-1 -11 -7 0
21 -3 25 0
-27 24 -22 0
-17 16 -12 0
-18 30 -17 0
