c instance by G2
c solution = 001110111111100111100110000101
c Known solution cost is 7191 
p cnf 30 50
w 61 213 213 162 65 154 139 241 392 92 126 469 197 492 64 476 241 135 487 494 175 56 157 428 348 360 454 59 178 63
-13 8 -10 0
9 16 -10 0
15 26 17 0
-30 -19 4 0
-24 27 -13 0
9 1 -8 0
-30 9 -18 0
-10 -22 28 0
-21 14 20 0
-16 -27 26 0
-28 -16 22 0
-10 -15 26 0
-16 -9 18 0
-26 19 -9 0
27 -13 30 0
1 10 -8 0
-18 -29 -23 0
21 29 -1 0
18 -6 7 0
14 11 -17 0
14 -20 -8 0
-26 2 21 0
9 -20 -11 0
6 22 -26 0
15 -24 -28 0
25 18 24 0
-12 -6 25 0
23 6 -3 0
-19 12 17 0
8 -20 19 0
-18 17 22 0
16 6 14 0
15 1 19 0
-18 -5 3 0
-30 -1 23 0
-18 6 13 0
-7 -21 20 0
7 -28 20 0
-30 12 -18 0
4 -20 13 0
-22 -2 15 0
5 26 -7 0
21 -15 -17 0
11 -10 21 0
-7 -16 -14 0
5 -27 -3 0
-19 30 -28 0
-18 -20 -22 0
-25 29 -12 0
-9 -21 -3 0
