c instance by G2
c solution = 001101001101011111100101010100
c Known solution cost is 7624 
p cnf 30 50
w 272 219 490 26 333 236 75 17 431 54 288 129 209 326 44 355 348 300 489 313 413 96 314 459 406 299 123 12 221 327
-15 -12 9 0
-30 -29 11 0
-30 11 1 0
-23 28 -7 0
2 -1 -24 0
30 -17 26 0
-8 29 15 0
-27 -6 20 0
-29 -3 -9 0
-9 13 -2 0
-4 6 16 0
-17 4 21 0
23 19 -4 0
9 21 18 0
-9 5 -23 0
7 15 -4 0
-4 22 -6 0
15 -21 24 0
-20 1 30 0
-7 -22 -12 0
28 -19 -9 0
-14 -11 -17 0
-21 -19 -12 0
7 25 10 0
12 30 -22 0
-18 24 1 0
-3 25 17 0
15 -10 1 0
1 25 -8 0
-2 -30 4 0
-4 25 18 0
17 8 11 0
15 -7 4 0
8 5 6 0
18 -16 14 0
21 1 -13 0
15 -24 -14 0
6 -14 -29 0
2 12 17 0
-10 -14 -25 0
5 16 -4 0
-4 -9 14 0
-11 13 5 0
-5 -10 7 0
15 -11 16 0
-18 3 -24 0
9 -16 -18 0
-23 -27 29 0
28 20 -8 0
23 -1 -9 0
