c instance by G2
c solution = 000000111111100010000001010111
c Known solution cost is 7327 
p cnf 30 50
w 54 237 10 51 55 373 447 364 153 296 204 78 176 428 360 82 421 387 95 37 176 143 454 456 384 412 206 7 376 405
-26 -14 16 0
6 22 -20 0
20 -11 -6 0
-7 3 -21 0
-19 6 22 0
-13 3 29 0
1 -5 6 0
-12 20 -23 0
3 14 17 0
-7 14 -6 0
-5 -14 -18 0
21 -25 -8 0
24 -13 -30 0
7 3 21 0
10 -29 5 0
-8 18 -19 0
19 28 -8 0
23 -27 -28 0
5 10 18 0
-16 -28 8 0
-7 4 11 0
-8 -20 -12 0
-17 -18 21 0
-26 -2 3 0
-9 -10 7 0
-10 30 23 0
5 14 26 0
-16 17 -25 0
-4 25 3 0
15 27 -1 0
26 8 -25 0
-19 11 1 0
-29 -16 -13 0
15 -21 -10 0
22 11 19 0
-2 18 24 0
29 13 -25 0
-3 -26 13 0
9 6 -29 0
-13 -28 12 0
-11 8 23 0
17 28 -22 0
-28 -15 -17 0
-24 -19 -30 0
-24 -28 7 0
27 4 12 0
4 -10 -22 0
-7 18 13 0
-28 -9 -2 0
-3 14 -28 0
