c instance by G2
c solution = 000010011111011100100001001000
c Known solution cost is 6453 
p cnf 30 50
w 373 386 126 106 234 12 20 127 204 28 54 181 169 215 194 148 468 435 228 218 290 422 498 44 332 200 496 86 70 89
-2 29 -27 0
-24 14 17 0
-19 18 -22 0
-19 3 15 0
-23 2 -9 0
-16 4 -3 0
-11 28 -18 0
30 -16 -7 0
20 -10 -30 0
-25 1 18 0
25 -8 -23 0
25 12 -10 0
2 1 -21 0
-4 -10 -19 0
-21 -25 -2 0
-30 4 -6 0
29 18 9 0
-30 -25 -14 0
-6 18 4 0
-2 3 -21 0
4 -11 -30 0
5 25 -24 0
24 -8 22 0
28 19 21 0
-13 -8 6 0
-20 21 23 0
23 29 16 0
-1 -10 -14 0
7 8 3 0
13 4 -17 0
7 -20 -25 0
2 30 -28 0
-21 2 10 0
-30 -2 -23 0
28 -6 21 0
29 5 -9 0
-26 -12 17 0
19 -27 -7 0
5 14 -24 0
26 6 -2 0
22 28 -29 0
10 -27 -15 0
28 -10 11 0
-28 29 -15 0
-15 -28 -1 0
27 1 -16 0
-9 16 2 0
-24 29 -18 0
15 -4 -9 0
-23 10 -14 0
