c instance by G2
c solution = 111110011011010010010111111111
c Known solution cost is 8313 
p cnf 30 50
w 449 318 272 283 220 223 251 488 484 67 398 169 437 317 145 151 178 366 142 486 229 329 430 49 100 331 242 423 44 292
10 11 -20 0
8 -9 -23 0
22 19 25 0
-16 7 -4 0
27 -26 16 0
1 -14 -24 0
-20 18 2 0
25 -22 -26 0
-11 -16 24 0
11 -25 -19 0
20 28 -9 0
13 14 -29 0
24 18 -17 0
-28 23 5 0
6 7 22 0
-30 6 4 0
-1 -24 5 0
28 -7 -8 0
-20 9 -23 0
-11 -6 1 0
29 -25 16 0
13 -18 -21 0
-12 -21 16 0
-19 3 -23 0
-7 18 -11 0
-17 -22 28 0
3 -23 -14 0
-12 1 -24 0
-4 -14 17 0
10 -24 -18 0
9 18 -15 0
30 -13 12 0
-3 -20 -6 0
7 13 -19 0
16 14 -4 0
-15 -17 11 0
-2 -9 30 0
-7 -20 4 0
16 -10 -30 0
8 -1 28 0
19 -28 23 0
-30 12 13 0
-24 -3 5 0
18 -10 16 0
-28 6 26 0
6 -13 19 0
-8 -15 -5 0
20 7 6 0
11 23 20 0
25 -8 2 0
