c instance by G2
c solution = 101011000111101100101110111101
c Known solution cost is 7987 
p cnf 30 50
w 92 286 368 406 441 101 191 43 407 479 425 105 35 78 499 366 246 41 259 220 435 158 105 290 285 443 242 306 273 362
4 27 -26 0
17 -10 -8 0
21 12 23 0
19 7 4 0
10 -23 18 0
7 11 28 0
-28 -14 26 0
18 22 -21 0
-30 -6 25 0
-1 3 -19 0
-11 -25 15 0
-23 -29 20 0
16 -15 17 0
7 -2 -21 0
-23 -22 12 0
30 -10 -12 0
28 10 14 0
-19 -27 26 0
-17 14 -13 0
-22 -1 -4 0
20 3 -10 0
-9 3 5 0
-11 2 25 0
14 -15 -4 0
-21 -20 7 0
7 20 27 0
4 1 -23 0
-4 -7 9 0
11 8 9 0
-23 21 2 0
17 -8 29 0
-20 -22 16 0
-24 23 -25 0
-7 29 20 0
-18 -30 -6 0
-2 -14 -25 0
-9 -27 -19 0
6 -29 17 0
-4 29 -18 0
17 -4 30 0
-12 18 6 0
9 -28 -14 0
-30 7 28 0
-10 -19 6 0
29 5 -19 0
-17 2 18 0
2 -10 -24 0
8 13 7 0
18 22 11 0
23 8 -21 0
