c instance by G2
c solution = 001100011000110010101101110101
c Known solution cost is 6489 
p cnf 30 50
w 166 123 372 343 96 396 254 272 116 163 424 145 418 78 121 19 77 39 349 473 145 49 385 100 230 70 449 252 122 243
-30 1 -2 0
11 -29 -13 0
-7 -17 -9 0
-13 -17 22 0
-23 1 7 0
-3 -21 -2 0
-9 -6 12 0
10 18 26 0
-13 18 28 0
-5 -2 -14 0
15 17 -22 0
-16 9 -5 0
20 -29 23 0
10 -1 7 0
11 20 -15 0
-9 -20 -19 0
15 25 -14 0
-28 -17 8 0
-15 29 -12 0
-2 -15 -6 0
-17 15 21 0
-20 22 -10 0
22 6 13 0
1 -10 29 0
-25 -28 -27 0
26 -11 -10 0
3 -14 15 0
-21 -3 24 0
-19 -5 10 0
7 4 -24 0
-19 24 -29 0
-22 11 -12 0
-14 -18 11 0
-18 -30 -21 0
-24 -22 -7 0
24 -19 -16 0
-16 12 6 0
2 17 3 0
-15 9 8 0
2 20 -1 0
1 9 18 0
23 19 -17 0
-28 -13 14 0
-20 17 -1 0
30 2 -17 0
2 -14 24 0
-11 15 -14 0
13 18 -28 0
27 -16 5 0
14 3 -26 0
