c instance by G2
c solution = 100001101110100011100100000010
c Known solution cost is 6248 
p cnf 30 50
w 262 21 126 344 8 181 310 471 101 344 159 295 160 67 143 183 87 42 39 285 178 317 281 305 371 449 211 325 170 13
-13 -22 -27 0
-16 9 -17 0
18 27 -19 0
-8 -16 -12 0
14 30 7 0
23 5 -26 0
-7 27 -5 0
13 -22 16 0
4 8 -28 0
11 13 -20 0
-22 23 -21 0
11 -20 24 0
-4 28 -11 0
10 -22 -19 0
23 -14 -6 0
12 3 -15 0
-26 20 28 0
-13 19 14 0
28 6 -11 0
24 19 13 0
2 27 9 0
2 -1 11 0
-1 18 -12 0
24 -15 20 0
-20 11 -9 0
-24 20 26 0
-16 24 15 0
29 -12 5 0
13 -6 -10 0
-30 21 20 0
27 4 -2 0
-22 -9 1 0
-12 -10 -6 0
5 -15 -18 0
7 14 13 0
25 2 -20 0
-25 -6 -11 0
8 23 6 0
-11 -8 27 0
-27 21 -5 0
-17 -3 -18 0
-7 27 17 0
-23 -1 -13 0
-1 -17 29 0
1 4 30 0
-9 2 22 0
-17 -20 -14 0
-30 19 16 0
27 4 -23 0
-21 23 5 0
