c instance by G2
c solution = 000101101100001110101001111110
c Known solution cost is 8455 
p cnf 30 50
w 51 230 411 427 456 73 99 475 403 331 15 413 219 182 249 458 44 364 353 470 455 293 447 401 454 271 22 116 26 247
-22 30 -13 0
-17 -5 -18 0
-18 -6 -15 0
-30 17 13 0
-9 19 -6 0
-16 -28 -14 0
20 -9 24 0
-6 4 13 0
-26 21 3 0
-2 -1 -9 0
12 2 -8 0
15 2 -10 0
6 22 -24 0
24 -10 -4 0
-20 -18 -17 0
22 -19 -3 0
-13 18 -26 0
-29 -22 7 0
13 -11 -4 0
-27 8 7 0
-7 2 9 0
-8 -6 28 0
-22 23 -28 0
2 26 -19 0
29 5 8 0
12 11 27 0
-30 -27 -7 0
1 25 -7 0
-9 17 -15 0
20 -7 -12 0
-22 -4 -29 0
3 -5 -29 0
-20 1 3 0
-19 28 -21 0
16 -1 11 0
2 -16 -23 0
20 23 -2 0
-29 11 -14 0
-1 5 -4 0
-22 18 -4 0
-27 29 5 0
-28 -24 16 0
10 -19 -7 0
28 -26 -2 0
19 -21 13 0
9 21 11 0
-23 28 -19 0
-23 25 6 0
10 9 29 0
-26 -7 10 0
