c instance by G2
c solution = 010001011000010011011111100001
c Known solution cost is 6435 
p cnf 30 50
w 17 127 347 481 261 398 388 89 181 81 70 10 490 116 493 61 36 9 419 317 110 459 119 27 481 136 45 304 52 311
-7 11 -17 0
-17 11 -19 0
-25 -29 6 0
-17 -23 -1 0
23 13 5 0
-21 29 -5 0
28 4 6 0
29 -15 1 0
10 -18 14 0
8 28 12 0
-8 -6 -15 0
11 17 3 0
7 -10 24 0
-28 19 -17 0
21 4 3 0
11 19 30 0
14 28 -2 0
-19 14 22 0
4 7 -11 0
11 -8 20 0
-12 -4 -25 0
2 5 -20 0
-10 -9 19 0
8 21 -3 0
-19 18 -4 0
-14 -11 -21 0
28 6 -25 0
12 -20 -29 0
-21 -20 18 0
5 -27 10 0
-24 -2 -12 0
-2 -25 24 0
-9 -21 25 0
26 -25 -4 0
4 -7 -18 0
3 -30 -26 0
12 9 3 0
-26 10 -30 0
-13 29 15 0
9 6 27 0
1 12 8 0
-23 -3 12 0
24 -18 10 0
9 -27 7 0
7 -12 -1 0
-8 -2 -16 0
12 28 6 0
-15 -16 8 0
22 1 -8 0
13 -25 14 0
