c instance by G2
c solution = 100101001000000101010100110110
c Known solution cost is 8357 
p cnf 30 50
w 467 465 472 295 165 498 339 251 218 212 132 382 60 478 343 218 400 6 280 449 376 203 208 60 141 462 45 373 5 354
-24 -8 -3 0
-1 10 9 0
14 -6 26 0
21 2 1 0
-15 5 -23 0
20 -26 11 0
-22 28 27 0
-30 -6 -22 0
-26 21 -5 0
-2 -16 -6 0
-25 -17 -26 0
28 -11 -4 0
12 22 4 0
18 15 5 0
-13 8 17 0
5 29 8 0
12 -7 3 0
23 -29 -30 0
5 -21 24 0
17 -18 26 0
29 19 -6 0
-3 22 -9 0
-7 8 24 0
16 7 15 0
19 -12 -24 0
-28 21 -17 0
-30 -23 -20 0
-4 -12 3 0
14 5 -19 0
-15 -29 12 0
17 -16 -24 0
-11 -28 13 0
-3 -20 -4 0
-25 2 -27 0
6 7 21 0
12 -23 -26 0
4 21 8 0
2 22 -6 0
28 -11 12 0
-14 13 -18 0
9 3 30 0
22 -7 12 0
-16 26 -22 0
30 5 -13 0
10 3 -8 0
5 2 -10 0
28 -11 -8 0
11 -3 4 0
18 -12 20 0
7 17 25 0
