c instance by G2
c solution = 010100101100100011101110100000
c Known solution cost is 5353 
p cnf 30 50
w 278 95 81 94 52 243 53 21 7 436 103 175 22 111 212 201 132 327 117 190 213 137 35 306 127 357 472 302 309 145
14 2 -19 0
-23 5 -29 0
-4 -3 27 0
16 -27 -17 0
-29 11 20 0
-19 17 3 0
9 15 29 0
26 3 -30 0
-20 26 -19 0
-13 -6 21 0
12 8 -6 0
23 1 8 0
25 -4 -17 0
8 -11 -19 0
-22 7 16 0
5 18 29 0
4 30 -13 0
-20 9 -1 0
1 -26 -27 0
-13 8 19 0
26 23 13 0
17 -12 -6 0
26 -3 -7 0
13 14 16 0
-23 7 -27 0
-1 -25 27 0
-25 -3 14 0
-10 21 12 0
-1 -12 -17 0
-20 -10 16 0
-13 -28 -21 0
14 -15 -22 0
6 10 -4 0
15 -20 2 0
-25 27 -16 0
-12 20 29 0
-24 27 8 0
-21 19 20 0
12 -17 13 0
7 -9 5 0
-9 -14 12 0
-7 -19 -30 0
-11 -14 8 0
-6 -11 -5 0
27 -26 30 0
22 1 -9 0
15 27 9 0
-4 -2 -8 0
13 3 14 0
11 -21 -5 0
