c instance by G2
c solution = 011101101011001100001000111011
c Known solution cost is 7969 
p cnf 30 50
w 402 22 94 320 374 235 84 446 308 32 463 185 285 193 211 304 264 367 256 255 55 467 468 369 477 225 142 325 72 269
-30 -6 26 0
-9 -28 -8 0
-7 -3 -19 0
-21 6 12 0
17 5 29 0
-27 -28 -11 0
10 7 -21 0
-24 -22 27 0
-21 -20 -25 0
9 -13 -29 0
13 29 -20 0
-2 -9 -5 0
15 -26 -9 0
-3 25 29 0
25 -20 28 0
20 9 -15 0
16 23 -30 0
6 -2 23 0
-28 19 5 0
6 17 20 0
18 23 -8 0
-21 -17 -26 0
17 2 5 0
-22 -30 26 0
-24 28 -4 0
13 20 -19 0
24 25 -16 0
8 -7 12 0
-30 -6 -18 0
-6 21 14 0
-12 30 -4 0
24 -7 27 0
20 -5 23 0
-22 12 7 0
-2 3 19 0
-7 1 11 0
-3 -1 18 0
4 -11 -12 0
20 -23 -7 0
-13 11 -17 0
-21 -17 -7 0
-27 8 -22 0
22 17 -14 0
-27 -10 -15 0
-11 -13 -29 0
16 8 -7 0
17 -8 -15 0
-27 -29 -5 0
20 28 -18 0
8 18 15 0
