c instance by G2
c solution = 001111111000100011100001111110
c Known solution cost is 7872 
p cnf 30 50
w 193 110 131 157 339 126 223 239 277 207 126 311 268 216 450 435 63 191 393 407 496 436 353 93 198 335 355 495 36 213
-18 -30 21 0
1 -10 23 0
-23 -26 21 0
12 -25 -2 0
17 -9 -7 0
-12 15 -26 0
-4 -5 26 0
-5 12 -1 0
25 -26 -1 0
17 23 27 0
-6 -19 -11 0
20 22 7 0
-23 21 -19 0
-26 -15 20 0
23 11 19 0
29 -3 -13 0
-14 -13 -4 0
-27 25 -7 0
-19 -8 28 0
-24 -28 18 0
3 -16 1 0
30 -7 3 0
-28 -11 -2 0
-27 24 11 0
29 -5 -22 0
19 12 -7 0
10 6 -27 0
21 15 -16 0
-9 20 4 0
27 -28 -17 0
17 -24 10 0
28 -16 -1 0
-20 -3 22 0
19 1 12 0
5 -7 -24 0
13 -11 -20 0
-27 -15 -8 0
17 24 -18 0
-6 -22 -28 0
16 13 -28 0
-10 16 -8 0
10 -24 8 0
-21 -17 -3 0
-11 13 -4 0
23 17 -9 0
-16 23 -19 0
14 9 -8 0
-2 -19 -28 0
-15 -25 -3 0
15 26 13 0
