c instance by G2
c solution = 001111010011001101111001001001
c Known solution cost is 6575 
p cnf 30 50
w 229 12 430 169 127 217 366 301 71 245 344 290 209 236 412 249 365 149 195 32 44 191 95 384 263 133 467 2 215 133
11 25 -12 0
2 19 -13 0
-29 14 -3 0
-3 5 13 0
5 -8 1 0
17 -4 8 0
-17 -18 28 0
-11 23 6 0
2 15 -21 0
14 27 13 0
-14 27 -10 0
-21 -13 -6 0
-21 -2 26 0
20 -28 17 0
-11 3 26 0
-8 -24 -13 0
-27 24 17 0
-18 -25 -19 0
16 26 -30 0
23 10 -7 0
-10 -12 1 0
1 23 20 0
28 12 -20 0
10 -8 -26 0
-11 12 25 0
-5 -18 30 0
-24 21 25 0
-28 30 9 0
-1 26 -27 0
5 24 -3 0
-11 -25 -18 0
-6 -22 -30 0
19 2 30 0
28 18 9 0
-24 -14 23 0
19 -9 1 0
17 6 13 0
-4 26 -23 0
11 7 18 0
-21 -18 -28 0
-23 -24 -3 0
-22 -29 -21 0
4 -20 -6 0
-25 -1 -26 0
-18 11 -2 0
-9 29 -27 0
-24 23 -9 0
-10 -11 29 0
-24 23 19 0
9 3 -23 0
