c instance by G2
c solution = 110000011111000011010110110100
c Known solution cost is 8010 
p cnf 30 50
w 242 473 327 488 333 272 13 330 388 16 387 393 45 130 298 304 280 230 154 478 143 466 11 459 438 19 20 345 40 488
15 20 29 0
5 27 -4 0
-9 3 20 0
16 -13 -26 0
4 12 21 0
-14 26 -21 0
-20 -22 10 0
15 -29 19 0
-15 16 -18 0
3 -28 -14 0
23 -25 -21 0
-22 10 14 0
27 -16 -26 0
-23 -22 8 0
4 -12 1 0
-12 23 -10 0
-3 -23 4 0
20 25 -7 0
-12 28 -26 0
-16 6 -15 0
7 -6 -16 0
-17 -2 9 0
29 -12 2 0
1 11 12 0
3 -28 -13 0
-27 -18 14 0
12 30 29 0
-25 -30 29 0
-7 19 30 0
-28 -1 -6 0
2 8 13 0
26 3 24 0
-12 18 -20 0
-9 29 11 0
-12 8 -25 0
-18 -5 -26 0
-9 -3 -24 0
-28 -18 17 0
16 -18 -24 0
23 -24 20 0
-21 24 -28 0
21 -20 25 0
-10 25 -30 0
8 -28 -9 0
15 3 -19 0
-8 -16 -28 0
23 -9 3 0
-16 21 -27 0
-17 22 -23 0
1 13 -18 0
