c instance by G2
c solution = 111101111100110000011100000001
c Known solution cost is 6863 
p cnf 30 50
w 302 4 475 309 460 432 83 332 25 124 125 48 414 94 114 2 151 276 25 134 83 295 439 345 236 408 314 417 15 382
15 20 23 0
1 -14 17 0
5 8 -14 0
-26 11 9 0
15 -10 -27 0
-7 -30 -19 0
15 26 -5 0
-11 -9 -21 0
25 -14 -28 0
2 29 -28 0
29 -10 -17 0
-29 -2 27 0
12 -20 7 0
29 9 23 0
-13 11 -24 0
-25 -3 -22 0
-2 4 -10 0
21 18 -20 0
12 -9 2 0
19 -15 16 0
-25 -15 18 0
15 -16 -9 0
-9 -20 22 0
3 -14 -9 0
27 -12 24 0
-26 -13 -8 0
-29 16 -19 0
-4 6 25 0
19 -5 22 0
28 8 9 0
-2 10 -4 0
14 26 25 0
28 -19 24 0
15 -2 -27 0
13 -11 -5 0
-3 -16 25 0
-23 29 -4 0
25 13 11 0
24 9 12 0
-19 -1 -22 0
-19 20 -9 0
-28 -10 -1 0
-4 30 18 0
20 -9 -16 0
26 19 -25 0
-16 30 -22 0
17 10 -24 0
12 -24 -28 0
12 -30 -18 0
14 23 -9 0
