c instance by G2
c solution = 100110001001100010101100100001
c Known solution cost is 8215 
p cnf 30 50
w 487 496 231 324 297 167 73 16 36 379 389 164 39 67 49 388 473 452 462 349 416 136 96 406 394 381 411 117 95 425
-1 -25 -14 0
-11 20 29 0
18 -24 30 0
-8 27 30 0
21 20 -6 0
-13 2 30 0
-18 15 -26 0
-12 16 -18 0
-13 4 19 0
29 7 19 0
25 -1 -30 0
21 14 24 0
13 -9 23 0
20 13 -8 0
7 -13 -10 0
22 7 27 0
3 -30 25 0
-16 -24 1 0
-9 24 -3 0
5 -25 27 0
23 -15 29 0
-17 -1 4 0
17 14 -21 0
-6 29 -21 0
-30 -27 -22 0
30 -22 1 0
10 -28 26 0
23 28 -20 0
18 30 27 0
27 -4 -26 0
1 29 -13 0
-16 11 8 0
-2 14 8 0
-17 26 12 0
-11 -6 -3 0
30 16 -3 0
7 28 5 0
10 28 -8 0
-10 -30 -26 0
2 -24 10 0
22 -9 4 0
-24 26 22 0
29 9 15 0
-23 24 18 0
-7 3 -22 0
-8 -27 9 0
1 23 -24 0
18 4 -12 0
-30 -29 6 0
10 29 19 0
