c instance by G2
c solution = 110011100010001100110010111110
c Known solution cost is 8032 
p cnf 30 50
w 85 192 33 105 203 343 206 55 287 380 372 278 435 349 412 208 157 289 229 168 367 325 407 110 231 410 494 378 224 300
14 -9 18 0
28 1 -4 0
9 -16 -18 0
3 -2 -14 0
3 14 7 0
3 5 22 0
-8 -23 10 0
16 8 -2 0
-29 -10 -1 0
24 -5 20 0
-11 -18 3 0
-11 -17 3 0
-26 -27 28 0
-19 -5 1 0
-30 -27 -7 0
-30 -11 -2 0
-21 -19 -5 0
-8 16 15 0
-12 -25 -19 0
-3 -19 -14 0
-20 18 -4 0
-5 -13 -27 0
-5 16 -12 0
-7 9 25 0
27 3 -5 0
16 15 23 0
-20 27 -21 0
30 -18 -15 0
-1 28 -30 0
-15 12 -22 0
16 21 17 0
-2 27 23 0
-10 26 6 0
13 2 22 0
26 -23 -20 0
24 10 27 0
10 -7 29 0
-19 12 -24 0
15 21 13 0
-21 -6 -25 0
9 -28 19 0
1 -27 25 0
10 4 11 0
-1 10 6 0
20 -23 30 0
27 10 -24 0
-11 23 -15 0
-29 26 -16 0
-3 -25 -20 0
10 8 -17 0
