c instance by G2
c solution = 010101011101111000100010101010
c Known solution cost is 7212 
p cnf 30 50
w 371 139 281 158 419 35 92 378 407 246 94 499 109 218 56 314 261 444 181 293 49 15 435 100 310 494 27 491 82 214
-24 -30 -5 0
-12 -19 -24 0
7 27 -14 0
2 30 -19 0
-6 17 14 0
-8 -6 -21 0
-7 -22 -11 0
-18 -15 -23 0
4 1 22 0
7 -24 -23 0
-16 -12 30 0
15 -18 20 0
-25 -9 -5 0
-10 28 -3 0
-4 6 28 0
-27 -5 -13 0
-11 -27 -25 0
29 -18 -2 0
23 5 -9 0
18 19 16 0
-9 10 -6 0
29 -9 17 0
17 23 -5 0
25 -27 11 0
3 -6 8 0
7 -30 21 0
-24 30 20 0
-5 -20 29 0
16 -26 15 0
4 10 3 0
9 3 26 0
2 -13 -12 0
3 -19 -20 0
10 3 -15 0
25 -8 -1 0
-22 -12 18 0
-6 -17 28 0
30 -2 15 0
17 -26 5 0
3 -25 15 0
-3 9 17 0
-10 13 17 0
-13 -8 4 0
-14 7 -1 0
5 26 12 0
-28 -2 -8 0
11 14 -1 0
-19 -8 -22 0
-9 -7 22 0
24 18 -26 0
