c instance by G2
c solution = 000110111000000000111011110100
c Known solution cost is 7807 
p cnf 30 50
w 496 66 81 58 458 456 239 226 327 374 474 0 164 92 482 112 154 281 61 180 187 179 305 310 51 461 458 340 366 369
-17 3 29 0
-18 15 -4 0
10 -25 -3 0
-27 13 -6 0
18 -25 20 0
-4 17 9 0
-12 27 2 0
-1 -9 -13 0
14 -18 29 0
13 6 -10 0
11 17 -30 0
11 17 -6 0
4 -5 16 0
-7 5 -8 0
14 -5 26 0
-1 2 -24 0
27 -28 20 0
-2 -26 -12 0
-11 -5 20 0
-6 -10 21 0
29 -25 24 0
4 -10 -15 0
30 6 28 0
-21 12 -22 0
6 17 -27 0
21 6 -13 0
16 21 12 0
11 -12 22 0
-5 -13 -25 0
24 -4 12 0
-26 -20 -29 0
6 -8 25 0
8 -27 11 0
9 -24 28 0
28 21 29 0
3 19 9 0
-9 -16 11 0
-21 12 20 0
4 5 30 0
3 -14 30 0
-13 27 -9 0
-5 7 17 0
2 -11 -28 0
27 -15 12 0
11 -25 19 0
-3 18 15 0
23 -5 -26 0
-24 -2 -25 0
-6 -2 -3 0
27 -19 8 0
