c instance by G2
c solution = 111000101010101001011011110111
c Known solution cost is 6294 
p cnf 30 50
w 111 270 100 274 444 232 50 58 1 150 14 363 64 370 490 182 321 176 405 143 255 293 178 79 82 393 59 467 181 89
-21 -1 2 0
27 19 -14 0
9 -23 -21 0
-30 7 4 0
6 -17 10 0
-30 17 -4 0
16 18 -25 0
3 -1 12 0
-3 4 29 0
-21 27 -8 0
4 1 -14 0
-29 -8 4 0
1 6 10 0
-5 -23 -29 0
23 -18 -13 0
18 19 15 0
21 -25 22 0
6 -27 -23 0
-18 -16 27 0
14 29 8 0
-10 14 4 0
-28 13 19 0
4 22 -16 0
25 -13 -1 0
28 5 -9 0
25 14 13 0
11 22 -26 0
5 -30 -10 0
-12 -4 -10 0
13 17 -7 0
4 -15 30 0
-5 13 9 0
20 -21 14 0
26 -21 30 0
15 16 -1 0
8 22 21 0
-9 29 22 0
-18 -6 -24 0
-25 -19 -7 0
-30 24 -15 0
-1 14 15 0
27 -11 -22 0
-12 -9 -30 0
-26 28 -21 0
5 1 -18 0
-14 27 -1 0
-15 1 -7 0
8 -2 26 0
3 26 -23 0
-7 -22 -16 0
