c instance by G2
c solution = 100010110000011111010111101111
c Known solution cost is 7640 
p cnf 30 50
w 84 46 182 229 326 352 27 338 473 259 346 114 186 69 338 199 474 141 262 266 303 161 345 434 290 199 425 14 421 337
-19 -20 26 0
-9 -14 7 0
-16 -9 1 0
14 26 -15 0
1 -2 30 0
6 20 -4 0
-15 7 -25 0
-27 -8 30 0
24 21 -29 0
26 16 -30 0
-1 16 -23 0
-22 9 -3 0
6 17 26 0
-27 -25 1 0
-26 19 -20 0
27 -28 -25 0
2 12 -21 0
9 3 30 0
8 28 -5 0
-5 -16 -13 0
-24 13 -10 0
-28 8 4 0
-16 19 -9 0
23 -20 -5 0
26 -7 -2 0
-18 2 -4 0
-3 -13 8 0
-10 6 7 0
-28 20 13 0
23 -3 21 0
-11 -7 -28 0
-6 -25 5 0
19 -3 17 0
6 -13 22 0
-22 -17 -2 0
24 -5 11 0
18 -30 -14 0
-27 4 5 0
9 11 29 0
-6 -28 -22 0
-15 -11 24 0
2 -7 28 0
-24 2 25 0
-14 22 -27 0
-11 17 27 0
2 -10 -16 0
-14 6 16 0
26 6 -12 0
-2 22 27 0
-27 21 15 0
