c instance by G2
c solution = 111011100000000100001110001011
c Known solution cost is 7194 
p cnf 30 50
w 254 499 458 465 3 42 429 285 43 321 253 58 274 365 194 142 36 77 430 142 18 135 318 250 49 247 491 491 286 139
-5 16 -3 0
-1 -7 -25 0
11 -4 12 0
13 -24 8 0
13 -7 3 0
-18 -23 12 0
4 -15 19 0
18 26 -12 0
-9 19 -30 0
-12 25 19 0
-13 30 27 0
-3 25 23 0
-17 -19 -4 0
5 -13 19 0
-2 -11 -19 0
20 -3 30 0
-18 -24 7 0
-6 -26 -21 0
24 4 -19 0
12 21 5 0
-8 -6 -30 0
6 -5 25 0
19 12 7 0
2 -8 -10 0
-7 19 -20 0
-13 -2 -22 0
24 29 13 0
9 -1 5 0
22 -4 -21 0
11 22 13 0
-3 10 16 0
-2 25 27 0
11 -25 19 0
5 -12 28 0
-3 29 27 0
30 -29 16 0
-10 26 -28 0
-18 -8 -16 0
2 -22 4 0
-2 1 17 0
-11 -7 20 0
8 -28 10 0
-26 7 -25 0
-10 -29 -16 0
-27 11 -17 0
-25 -30 28 0
2 -24 5 0
15 -24 -2 0
20 -14 10 0
20 21 -7 0
